step,speedX,speedY,angle,trackPos,distFromStart,distRaced,damage,steer,accel,brake,gear,r_speed,r_safety,r_smooth,r_anticipation,r_time,r_terminal,reward_total,terminal_reason
0,-0.00913045,-0.00302988,0.00822276,0.333439,3598.45,0.0,0.0,-0.5336726903915405,1.0,0.0,1,-0.009092603003111566,1.522224058775e-05,-0.0,-0.0,-1.0,0.0,-1.0090773807625237,
1,-0.00913045,-0.00302988,0.00822276,0.333439,3598.45,0.0,0.0,0.3677736520767212,0.4289512634277344,0.0,1,-0.009092603003111566,1.522224058775e-05,-0.9014463424682617,-0.0,-1.0,0.0,-1.2795112835030023,
2,-0.00913045,-0.00302988,0.00822276,0.333439,3598.45,0.0,0.0,-0.41322600841522217,1.0,0.0,1,-0.009092603003111566,1.522224058775e-05,-0.7809996604919434,-0.0,-1.0,0.0,-1.2433772789101067,
3,-0.00913045,-0.00302988,0.00822276,0.333439,3598.45,0.0,0.0,0.9213873147964478,1.0,0.0,1,-0.009092603003111566,1.522224058775e-05,-1.33461332321167,-0.0,-1.0,0.0,-1.4094613777260248,
4,-0.00913045,-0.00302988,0.00822276,0.333439,3598.45,0.0,0.0,0.4383692741394043,1.0,0.0,1,-0.009092603003111566,1.522224058775e-05,-0.48301804065704346,-0.0,-1.0,0.0,-1.153982792959637,
5,-0.00913045,-0.00302988,0.00822276,0.333439,3598.45,0.0,0.0,1.0,1.0,0.0,1,-0.009092603003111566,1.522224058775e-05,-0.5616307258605957,-0.0,-1.0,0.0,-1.1775665985207024,
6,-0.00913045,-0.00302988,0.00822276,0.333439,3598.45,0.0,0.0,-0.3656001091003418,1.0,0.0,1,-0.009092603003111566,1.522224058775e-05,-1.3656001091003418,-0.0,-1.0,0.0,-1.4187574134926262,
7,-0.00913045,-0.00302988,0.00822276,0.333439,3598.45,0.0,0.0,-0.8173258304595947,1.0,0.0,1,-0.009092603003111566,1.522224058775e-05,-0.45172572135925293,-0.0,-1.0,0.0,-1.1445950971702996,
8,-0.00913045,-0.00302988,0.00822276,0.333439,3598.45,0.0,0.0,0.17348885536193848,0.6672472953796387,0.0,1,-0.009092603003111566,1.522224058775e-05,-0.9908146858215332,-0.0,-1.0,0.0,-1.3063217865089838,
9,-0.00913045,-0.00302988,0.00822276,0.333439,3598.45,0.0,0.0,1.0,0.0,0.0,1,-0.009092603003111566,1.522224058775e-05,-0.8265111446380615,-0.0,-1.0,0.0,-1.2570307241539422,
10,-0.00913045,-0.00302988,0.00822276,0.333439,3598.45,0.0,0.0,0.1270788311958313,1.0,0.0,1,-0.009092603003111566,1.522224058775e-05,-0.8729211688041687,-0.0,-1.0,0.0,-1.2709537314037744,
11,-0.00913045,-0.00302988,0.00822276,0.333439,3598.45,0.0,0.0,1.0,0.4644019305706024,0.0,1,-0.009092603003111566,1.522224058775e-05,-0.8729211688041687,-0.0,-1.0,0.0,-1.2709537314037744,
12,-0.00913045,-0.00302988,0.00822276,0.333439,3598.45,0.0,0.0,-0.5107844471931458,0.38692253828048706,0.2536613941192627,1,-0.009092603003111566,1.522224058775e-05,-1.5107844471931458,-0.0,-1.0,0.0,-1.4623127149204675,
13,-0.00913045,-0.00302988,0.00822276,0.333439,3598.45,0.0,0.0,-1.0,0.7929140329360962,0.008613169193267822,1,-0.009092603003111566,1.522224058775e-05,-0.48921555280685425,-0.0,-1.0,0.0,-1.15584204660458,
14,-0.00913045,-0.00302988,0.00822276,0.333439,3598.45,0.0,0.0,-1.0,0.0,0.0,1,-0.009092603003111566,1.522224058775e-05,-0.0,-0.0,-1.0,0.0,-1.0090773807625237,
15,-0.00913045,-0.00302988,0.00822276,0.333439,3598.45,0.0,0.0,-0.7938283681869507,0.0,0.0,1,-0.009092603003111566,1.522224058775e-05,-0.20617163181304932,-0.0,-1.0,0.0,-1.0709288703064386,
16,-0.00913045,-0.00302988,0.00822276,0.333439,3598.45,0.0,0.0,0.9302767515182495,1.0,0.0,1,-0.009092603003111566,1.522224058775e-05,-1.7241051197052002,-0.0,-1.0,0.0,-1.526308916674084,
17,-0.00913045,-0.00302988,0.00822276,0.333439,3598.45,0.0,0.0,1.0,1.0,0.0,1,-0.009092603003111566,1.522224058775e-05,-0.06972324848175049,-0.0,-1.0,0.0,-1.029994355307049,
18,-0.00913045,-0.00302988,0.00822276,0.333439,3598.45,0.0,0.0,0.5072431564331055,0.0,0.1566900759935379,1,-0.009092603003111566,1.522224058775e-05,-0.49275684356689453,-0.0,-1.0,0.0,-1.1569044338325922,
19,-0.00913045,-0.00302988,0.00822276,0.333439,3598.45,0.0,0.0,0.2761521339416504,1.0,0.0,1,-0.009092603003111566,1.522224058775e-05,-0.23109102249145508,-0.0,-1.0,0.0,-1.0784046875099604,
20,-0.00913045,-0.00302988,0.00822276,0.333439,3598.45,0.0,0.0,0.08253362774848938,0.4312371611595154,0.2678152322769165,1,-0.009092603003111566,1.522224058775e-05,-0.193618506193161,-0.0,-1.0,0.0,-1.0671629326204721,
21,-0.00913045,-0.00302988,0.00822276,0.333439,3598.45,0.0,0.0,-0.11021867394447327,0.9343782067298889,0.35055720806121826,1,-0.009092603003111566,1.522224058775e-05,-0.19275230169296265,-0.0,-1.0,0.0,-1.0669030712704126,
22,-0.00913045,-0.00302988,0.00822276,0.333439,3598.45,0.0,0.0,1.0,0.16573891043663025,1.0,1,-0.009092603003111566,1.522224058775e-05,-1.1102186739444733,-0.0,-1.0,0.0,-1.3421429829458658,
23,-0.00913045,-0.00302988,0.00822276,0.333439,3598.45,0.0,0.0,-0.10643649101257324,1.0,0.5992376208305359,1,-0.009092603003111566,1.522224058775e-05,-1.1064364910125732,-0.0,-1.0,0.0,-1.3410083280662959,
24,-0.00913045,-0.00302988,0.00822276,0.333439,3598.45,0.0,0.0,0.15737304091453552,0.0,0.0,1,-0.009092603003111566,1.522224058775e-05,-0.26380953192710876,-0.0,-1.0,0.0,-1.0882202403406565,
25,-0.00913045,-0.00302988,0.00822276,0.333439,3598.45,0.0,0.0,-0.7107487916946411,0.0,0.48393064737319946,1,-0.009092603003111566,1.522224058775e-05,-0.8681218326091766,-0.0,-1.0,0.0,-1.2695139305452767,
26,-0.00913045,-0.00302988,0.00822276,0.333439,3598.45,0.0,0.0,0.9763282537460327,0.4709157645702362,0.10744992643594742,1,-0.009092603003111566,1.522224058775e-05,-1.6870770454406738,-0.0,-1.0,0.0,-1.515200494394726,
27,-0.00913045,-0.00302988,0.00822276,0.333439,3598.45,0.0,0.0,0.33694005012512207,1.0,0.0,1,-0.009092603003111566,1.522224058775e-05,-0.6393882036209106,-0.0,-1.0,0.0,-1.200893841848797,
28,-0.00913045,-0.00302988,0.00822276,0.333439,3598.45,0.0,0.0,1.0,0.25162947177886963,0.30405205488204956,1,-0.009092603003111566,1.522224058775e-05,-0.6630599498748779,-0.0,-1.0,0.0,-1.2079953657249871,
29,-0.00913045,-0.00302988,0.00822276,0.333439,3598.45,0.0,0.0,-0.0736466646194458,0.02257329225540161,1.0,1,-0.009092603003111566,1.522224058775e-05,-1.0736466646194458,-0.0,-1.0,0.0,-1.3311713801483576,
30,-0.00913045,-0.00302988,0.00822276,0.333439,3598.45,0.0,0.0,0.07655858993530273,0.7587042450904846,0.05632494390010834,1,-0.009092603003111566,1.522224058775e-05,-0.15020525455474854,-0.0,-1.0,0.0,-1.0541389571289483,
31,-0.00913045,-0.00302988,0.00822276,0.333439,3598.45,0.0,0.0,0.43835997581481934,0.9997612237930298,0.0,1,-0.009092603003111566,1.522224058775e-05,-0.3618013858795166,-0.0,-1.0,0.0,-1.1176177965263787,
32,-0.00913045,-0.00302988,0.00822276,0.333439,3598.45,0.0,0.0,0.18823516368865967,0.0,0.4694582223892212,1,-0.009092603003111566,1.522224058775e-05,-0.25012481212615967,-0.0,-1.0,0.0,-1.0841148244003718,
33,-0.00913045,-0.00302988,0.00822276,0.333439,3598.45,0.0,0.0,0.6230524778366089,1.0,0.9859476089477539,1,-0.009092603003111566,1.522224058775e-05,-0.4348173141479492,-0.0,-1.0,0.0,-1.1395225750069087,
34,-0.00913045,-0.00302988,0.00822276,0.333439,3598.45,0.0,0.0,0.31286388635635376,1.0,0.0,1,-0.009092603003111566,1.522224058775e-05,-0.3101885914802551,-0.0,-1.0,0.0,-1.1021339582066003,
35,-0.00913045,-0.00302988,0.00822276,0.333439,3598.45,0.0,0.0,0.3037985563278198,0.08328089118003845,0.3697017729282379,1,-0.009092603003111566,1.522224058775e-05,-0.009065330028533936,-0.0,-1.0,0.0,-1.011796979771084,
36,-0.00913045,-0.00302988,0.00822276,0.333439,3598.45,0.0,0.0,1.0,0.5856040120124817,0.23451319336891174,1,-0.009092603003111566,1.522224058775e-05,-0.6962014436721802,-0.0,-1.0,0.0,-1.2179378138641779,
37,-0.00913045,-0.00302988,0.00822276,0.333439,3598.45,0.0,0.0,1.0,0.5938361883163452,0.7360079288482666,1,-0.009092603003111566,1.522224058775e-05,-0.0,-0.0,-1.0,0.0,-1.0090773807625237,
38,-0.00913045,-0.00302988,0.00822276,0.333439,3598.45,0.0,0.0,-0.7548569440841675,1.0,0.2099705934524536,1,-0.009092603003111566,1.522224058775e-05,-1.7548569440841675,-0.0,-1.0,0.0,-1.5355344639877742,
39,-0.00913045,-0.00302988,0.00822276,0.333439,3598.45,0.0,0.0,1.0,1.0,0.4889427423477173,1,-0.009092603003111566,1.522224058775e-05,-1.7548569440841675,-0.0,-1.0,0.0,-1.5355344639877742,
40,-0.00913045,-0.00302988,0.00822276,0.333439,3598.45,0.0,0.0,-1.0,0.7833852171897888,0.7932661771774292,1,-0.009092603003111566,1.522224058775e-05,-2.0,-0.0,-1.0,0.0,-1.6090773807625238,
41,-0.00913045,-0.00302988,0.00822276,0.333439,3598.45,0.0,0.0,-0.365805983543396,1.0,0.5240517258644104,1,-0.009092603003111566,1.522224058775e-05,-0.634194016456604,-0.0,-1.0,0.0,-1.199335585699505,
42,-0.00913045,-0.00302988,0.00822276,0.333439,3598.45,0.0,0.0,1.0,1.0,0.9403988122940063,1,-0.009092603003111566,1.522224058775e-05,-1.365805983543396,-0.0,-1.0,0.0,-1.4188191758255426,
43,-0.00913045,-0.00302988,0.00822276,0.333439,3598.45,0.0,0.0,1.0,0.0,0.0,1,-0.009092603003111566,1.522224058775e-05,-0.0,-0.0,-1.0,0.0,-1.0090773807625237,
44,-0.00913045,-0.00302988,0.00822276,0.333439,3598.45,0.0,0.0,-0.8712877035140991,1.0,0.0,1,-0.009092603003111566,1.522224058775e-05,-1.8712877035140991,-0.0,-1.0,0.0,-1.5704636918167536,
45,-0.00913045,-0.00302988,0.00822276,0.333439,3598.45,0.0,0.0,0.605587363243103,1.0,0.0,1,-0.009092603003111566,1.522224058775e-05,-1.4768750667572021,-0.0,-1.0,0.0,-1.4521399007896845,
46,-0.00913045,-0.00302988,0.00822276,0.333439,3598.45,0.0,0.0,-1.0,1.0,0.20951096713542938,1,-0.009092603003111566,1.522224058775e-05,-1.605587363243103,-0.0,-1.0,0.0,-1.4907535897354547,
47,-0.00913045,-0.00302988,0.00822276,0.333439,3598.45,0.0,0.0,0.39766040444374084,0.0,0.3470305800437927,1,-0.009092603003111566,1.522224058775e-05,-1.3976604044437408,-0.0,-1.0,0.0,-1.428375502095646,
48,-0.013187,0.0125176,0.0087263,0.333449,3598.45,0.0,0.0,0.47519826889038086,1.0,0.0,1,-0.013128961790462601,2.1985959815000005e-05,-0.07753786444664001,-0.0,-1.0,0.0,-1.0363683351646396,
49,-0.0283976,-0.024632,0.00877112,0.333431,3598.45,0.0,0.0,-1.0,1.0,0.7280229330062866,1,-0.028271969875361274,4.734320082799999e-05,-1.4751982688903809,-0.0,-1.0,0.0,-1.4707841073416477,
50,-0.0352817,-0.00240137,0.00911253,0.333423,3598.45,-0.000244141,0.0,-0.19188648462295532,1.0,0.0,1,-0.03511948459556373,5.8818651295500006e-05,-0.8081135153770447,-0.0,-1.0,0.0,-1.2774947205573817,
51,-0.00872023,0.00116473,0.00901764,0.333424,3598.45,-0.000244141,0.0,-1.0,0.7921229004859924,0.0,1,-0.008680558032751449,1.45376698376e-05,-0.8081135153770447,-0.0,-1.0,0.0,-1.2511000749760273,
52,0.050091,-0.0232756,0.0089361,0.333405,3598.45,0.000244141,0.0,1.0,0.11581993103027344,0.0,1,0.04986519391898584,-8.350294927500001e-05,-2.0,-0.0,-1.0,0.0,-1.550218309030289,
53,0.876335,-0.0576713,0.00904768,0.33338,3598.45,0.00292969,0.0,-0.46290913224220276,1.0,0.0,1,0.8723347863895264,-0.0014607628115,-1.4629091322422028,-0.0,-1.0,0.0,-0.5679987160946344,
54,1.61352,-0.111789,0.00948351,0.333292,3598.46,0.00976563,0.0,-0.5818475484848022,1.0,0.0,1,1.6057966411556492,-0.0026888665392,-0.11893841624259949,-0.0,-1.0,0.0,0.5674262497436695,
55,2.37754,-0.0818849,0.00999373,0.333164,3598.47,0.0212402,0.0,1.0,0.9878547191619873,0.0,1,2.3655412243559804,-0.003960553682800001,-1.5818475484848022,-0.0,-1.0,0.0,0.88702640612774,
56,3.21244,0.000975677,0.0100877,0.333094,3598.48,0.0371094,0.0,1.0,1.0,0.0,1,3.1960737590354644,-0.0053502224468,-0.0,-0.0,-1.0,0.0,2.1907235365886644,
57,4.07228,0.179141,0.00937336,0.333145,3598.51,0.0578613,0.0,1.0,1.0,0.0,1,4.053015912541375,-0.006783298603000001,-0.0,-0.0,-1.0,0.0,3.0462326139383755,
58,4.82161,0.134176,0.00855845,0.333284,3598.53,0.0827637,0.0,-0.7189583778381348,0.9224328398704529,0.0,1,4.800800914512215,-0.0080348273362,-1.7189583778381348,-0.0,-1.0,0.0,3.277078573824575,
59,5.61318,-0.101029,0.00881832,0.333251,3598.56,0.111816,0.0,-0.587141752243042,0.9426677227020264,0.0,1,5.58821266524202,-0.0093529892409,-0.13181662559509277,-0.0,-1.0,0.0,4.539314688322593,
60,6.38019,-0.450648,0.0105869,0.332902,3598.6,0.148682,0.0,-0.5237955451011658,1.0,0.0,1,6.346059863809597,-0.010619890056899998,-0.06334620714187622,-0.0,-1.0,0.0,5.316436111610133,
61,6.59714,-0.280876,0.0119726,0.332464,3598.63,0.185059,0.0,0.07473394274711609,0.28147292137145996,0.0,1,6.557175662538045,-0.0109665577648,-0.5985294878482819,-0.0,-1.0,0.0,5.36665025841876,
62,7.2242,0.0483447,0.0120303,0.332285,3598.67,0.223877,0.0,0.37583333253860474,0.7048313617706299,0.0,1,7.180223635416892,-0.012002466485,-0.30109938979148865,-0.0,-1.0,0.0,6.077891351994446,
63,7.49416,-0.0914155,0.0120413,0.332234,3598.71,0.264893,0.0,-0.3168911337852478,0.27355074882507324,0.0,1,7.448498082475314,-0.012449073767199998,-0.6927244663238525,-0.0,-1.0,0.0,6.228231668810959,
64,8.17235,-0.430068,0.0139133,0.331882,3598.76,0.308594,0.0,-0.7755594849586487,1.0,0.0,1,8.114708666937933,-0.013561279313500001,-0.4586683511734009,-0.0,-1.0,0.0,6.9635468822724125,
65,8.9745,-0.350178,0.0162169,0.331371,3598.8,0.356201,0.0,-0.15436482429504395,1.0,0.0,1,8.900553838658007,-0.014869445197500003,-0.6211946606636047,-0.0,-1.0,0.0,7.699325995261427,
66,9.74249,-0.00568123,0.0162641,0.331063,3598.86,0.408203,0.0,1.0,1.0,0.0,1,9.661978559044838,-0.01612688983435,-1.154364824295044,-0.0,-1.0,0.0,8.299542221921975,
67,10.41,-0.103579,0.0161621,0.330921,3598.91,0.464355,0.0,-0.7982593774795532,0.9253352880477905,0.0,1,10.324520345278383,-0.017224438050000002,-1.7982593774795532,-0.0,-1.0,0.0,8.767818093984516,
68,11.1619,0.0340741,0.0163438,0.330677,3598.97,0.524414,0.0,0.3391270935535431,1.0,0.0,1,11.06919938112228,-0.018454918031499998,-1.1373864710330963,-0.0,-1.0,0.0,9.70952852178085,
69,11.8994,0.47833,0.0139672,0.330755,3599.04,0.588623,0.0,1.0,1.0,0.0,1,11.81514138752237,-0.019678930235000003,-0.6608729064464569,-0.0,-1.0,0.0,10.597200585353434,
70,12.667,0.637526,0.0105354,0.33117,3599.1,0.656982,0.0,0.37529027462005615,1.0,0.0,1,12.599572300330353,-0.020974651950000003,-0.6247097253799438,-0.0,-1.0,0.0,11.39118473076637,
71,13.4754,0.567246,0.00786322,0.331605,3599.18,0.72998,0.0,0.2744622826576233,1.0,0.0,1,13.422003937179541,-0.022342550085,-0.10082799196243286,-0.0,-1.0,0.0,12.369412989505811,
72,14.217,0.912349,0.00385779,0.332251,3599.26,0.814941,0.0,0.5836442708969116,1.0,0.0,1,14.18947117537529,-0.023618062335000006,-0.30918198823928833,-0.0,-1.0,0.0,13.073098516568503,
73,14.9871,0.822758,-0.000429932,0.333087,3599.34,0.895996,0.0,0.13099634647369385,1.0,0.0,1,14.983876898041466,-0.024960040888500002,-0.4526479244232178,-0.0,-1.0,0.0,13.823122479826,
74,15.7237,0.968744,-0.00410778,0.333897,3599.43,0.981689,0.0,1.0,0.9138913154602051,0.0,1,15.691272681087344,-0.026250481294499996,-0.8690036535263062,-0.0,-1.0,0.0,14.404321103734953,
75,16.383,0.915128,-0.00859577,0.334928,3599.52,1.07104,0.0,-0.1331409215927124,0.728840708732605,0.0,1,16.31198337335739,-0.02743562712,-1.1331409215927124,-0.0,-1.0,0.0,14.944605469759576,
76,17.1416,0.420736,-0.0100034,0.335681,3599.61,1.16431,0.0,-0.30991676449775696,1.0,0.0,1,17.055006633435593,-0.028770547148,-0.17677584290504456,-0.0,-1.0,0.0,15.97320333341608,
77,17.909,0.398461,-0.0100568,0.33615,3599.71,1.26172,0.0,0.8407979011535645,1.0,0.0,1,17.81804225881617,-0.03010055175,-1.1507146656513214,-0.0,-1.0,0.0,16.442727307370774,
78,18.6594,0.213346,-0.0112756,0.336666,3599.81,1.36353,0.0,-0.05996069312095642,1.0,0.0,1,18.55301810618548,-0.031409927802000005,-0.9007585942745209,-0.0,-1.0,0.0,17.251380600101125,
79,19.3627,0.338309,-0.0119985,0.337066,3599.92,1.46924,0.0,1.0,1.0,0.0,1,19.24514736001603,-0.032632539190999996,-1.0599606931209564,-0.0,-1.0,0.0,17.894526612888743,
80,20.0431,0.803266,-0.0160998,0.33786,3600.03,1.57886,0.0,0.9310643672943115,1.0,0.0,1,19.879164454089057,-0.033858808829999996,-0.06893563270568848,-0.0,-1.0,0.0,18.82462495544735,
81,20.1945,1.43922,-0.0231717,0.339263,3600.14,1.69116,0.0,1.0,1.0,0.0,2,19.955129238696834,-0.0342562332675,-0.06893563270568848,-0.0,-1.0,0.0,18.90019231561763,
82,20.0712,1.90027,-0.0321515,0.34139,3600.25,1.80249,0.0,-0.5715476274490356,0.8485360741615295,0.0,2,19.7382228973175,-0.03426053484,-1.5715476274490356,-0.0,-1.0,0.0,18.232498074242788,
83,20.1533,1.44305,-0.0391229,0.343624,3600.36,1.91382,0.0,0.21903833746910095,0.27071094512939453,0.0,2,19.743751423122177,-0.034625787796,-0.7905859649181366,-0.0,-1.0,0.0,18.471949845850737,
84,20.6796,0.729909,-0.0418881,0.345373,3600.47,2.02686,0.0,-0.6991177797317505,0.8002198934555054,0.0,2,20.228472376471696,-0.035710877454,-0.9181561172008514,-0.0,-1.0,0.0,18.91731466385744,
85,21.2519,-0.0122483,-0.0406283,0.346475,3600.59,2.14331,0.0,-1.0,1.0,0.0,2,20.80276706973542,-0.0368162602625,-0.3008822202682495,-0.0,-1.0,0.0,19.675686143392443,
86,21.7295,-0.717069,-0.0361317,0.346872,3600.71,2.26294,0.0,-0.5017085075378418,1.0,0.0,2,21.322841136429528,-0.03768677562,-0.4982914924621582,-0.0,-1.0,0.0,20.13566691307088,
87,22.2298,-1.29976,-0.0292881,0.346583,3600.83,2.38525,0.0,-1.0,1.0,0.0,2,21.89477863578392,-0.038522353867,-0.4982914924621582,-0.0,-1.0,0.0,20.706768834178273,
88,22.6371,-1.66771,-0.0206593,0.345673,3600.96,2.51025,0.0,-0.16713514924049377,0.8547212481498718,0.0,2,22.398452652342407,-0.0391251713415,-0.8328648507595062,-0.0,-1.0,0.0,21.109468025773054,
89,23.3047,-1.26793,-0.0146564,0.344671,3601.09,2.63794,0.0,0.3795085549354553,1.0,0.0,2,23.131421614450897,-0.0401622712685,-0.5466437041759491,-0.0,-1.0,0.0,21.92726623192961,
90,23.9859,-0.617526,-0.0125769,0.344114,3601.22,2.76978,0.0,0.4184991121292114,1.0,0.0,2,23.83317284276427,-0.041269419963,-0.038990557193756104,-0.0,-1.0,0.0,22.780206255643144,
91,24.5418,-0.197934,-0.0128835,0.344086,3601.35,2.90479,0.0,0.005259260535240173,1.0,0.0,2,24.381675481374806,-0.042222448974,-0.41323985159397125,-0.0,-1.0,0.0,23.215481076922615,
92,25.1352,0.24191,-0.0142739,0.34441,3601.49,3.04272,0.0,0.399527907371521,1.0,0.0,2,24.953256893465714,-0.04328407116,-0.3942686468362808,-0.0,-1.0,0.0,23.79169222825483,
93,25.7709,0.36825,-0.0173305,0.345146,3601.63,3.18433,0.0,-0.05301515758037567,1.0,0.0,2,25.543729887588405,-0.044473615257000006,-0.45254306495189667,-0.0,-1.0,0.0,24.363493352845836,
94,26.415,-0.103341,-0.0170029,0.345689,3601.78,3.32935,0.0,-0.37046390771865845,1.0,0.0,2,26.18662684048697,-0.045656874675,-0.3174487501382828,-0.0,-1.0,0.0,25.045735340770484,
95,26.9421,-0.49908,-0.0138887,0.345755,3601.93,3.47803,0.0,-0.21062660217285156,1.0,0.0,2,26.75241217307305,-0.0465768289275,-0.15983730554580688,-0.0,-1.0,0.0,25.65788415248181,
96,27.5607,-0.259136,-0.0118974,0.345679,3602.08,3.62939,0.0,0.22093884646892548,1.0,0.0,2,27.394802971972855,-0.0476357760765,-0.43156544864177704,-0.0,-1.0,0.0,26.217697561303822,
97,28.1236,0.395299,-0.0141771,0.346124,3602.25,3.7998,0.0,0.9653242826461792,1.0,0.0,2,27.92142489708056,-0.04867126463199999,-0.7443854361772537,-0.05460215540284352,-1.0,0.0,26.64124767828496,
98,28.6041,0.980612,-0.0198281,0.347226,3602.4,3.95752,0.0,1.0,1.0,0.0,2,28.314913386434704,-0.049660436132999995,-0.0346757173538208,-0.6352430337240982,-1.0,0.0,27.15956378003694,
99,29.0279,1.46842,-0.0284274,0.349025,3602.56,4.11743,0.0,-0.16847661137580872,1.0,0.0,2,28.603633525299912,-0.0506573139875,-1.1684766113758087,-1.211832700685381,-1.0,0.0,27.020658322796862,
100,29.6674,1.27567,-0.0363238,0.351229,3602.73,4.28027,0.0,0.0067269206047058105,1.0,0.0,2,29.109132421948093,-0.052100256173,-0.17520353198051453,-2.00103630687979,-1.0,0.0,27.70431566014897,
101,30.2868,0.659995,-0.0394815,0.353171,3602.89,4.44653,0.0,-1.0,1.0,0.0,2,29.665468873185404,-0.053482097214000004,-1.0067269206047058,-2.7022739029288374,-1.0,0.0,27.904627614350666,
102,30.5341,0.361896,-0.0398224,0.35466,3603.06,4.61548,0.0,0.41289186477661133,0.33229756355285645,0.0,2,29.902082456385486,-0.054146119529999995,-1.4128918647766113,-2.9856699176885932,-1.0,0.0,27.976218289769214,
103,31.0721,0.329049,-0.041292,0.35615,3603.23,4.78638,0.0,0.060771092772483826,1.0,0.0,2,30.40428205170581,-0.055331642075,-0.3521207720041275,-3.5741320750787082,-1.0,0.0,28.707194366767766,
104,31.6184,0.651291,-0.0439833,0.357807,3603.41,4.96045,0.0,0.5856482982635498,1.0,0.0,2,30.892704932617168,-0.056566424244000005,-0.524877205491066,-4.189749285828878,-1.0,0.0,29.050212953851513,
105,32.1964,0.719699,-0.0486687,0.359886,3603.58,5.13745,0.0,-1.0,1.0,0.0,2,31.375107441250776,-0.05793516805199999,-1.5856482982635498,-4.870579243799462,-1.0,0.0,29.11089089714979,
106,32.7574,0.862927,-0.0524443,0.362073,3603.76,5.31763,0.0,0.48260000348091125,1.0,0.0,2,31.85378651392377,-0.05930285045099999,-1.4826000034809113,-5.524801886709373,-1.0,0.0,29.52098337942209,
107,33.262,1.29895,-0.059274,0.36478,3603.95,5.50049,0.0,0.8304429650306702,1.0,0.0,2,32.21837688183783,-0.060666561800000005,-0.3478429615497589,-6.170103056448781,-1.0,0.0,30.127841973105582,
108,33.7256,1.61294,-0.0688112,0.368138,3604.13,5.68579,0.0,-1.0,1.0,0.0,2,32.486352444074946,-0.062078374664000006,-1.8304429650306702,-6.818479752749461,-1.0,0.0,29.852369216989327,
109,34.3754,1.21721,-0.0763181,0.37176,3604.32,5.87402,0.0,-0.7510295510292053,1.0,0.0,2,32.9648800161159,-0.06389699352,-0.24897044897079468,-7.632409890440442,-1.0,0.0,30.6814304043386,
110,34.9759,0.562712,-0.0787566,0.375057,3604.51,6.06592,0.0,-0.7357799410820007,1.0,0.0,2,33.491617134792776,-0.0655897806315,-0.01524960994720459,-8.331008557173671,-1.0,0.0,31.17180118760107,
111,35.5054,-0.0935542,-0.0767849,0.377787,3604.71,6.26123,0.0,-1.0,1.0,0.0,2,34.03898270645702,-0.067067392749,-0.26422005891799927,-8.89633688233274,-1.0,0.0,31.558198763682704,
112,35.7082,-0.683282,-0.0718058,0.379852,3604.91,6.45898,0.0,0.03903007507324219,0.4885387420654297,0.0,2,34.335255993345136,-0.06781915593200001,-1.0390300750732422,-9.086287221238212,-1.0,0.0,31.59278473170543,
113,36.229,-0.509539,-0.067673,0.381552,3605.11,6.65845,0.0,0.23584222793579102,1.0,0.0,2,34.921146752385894,-0.06911623704,-0.19681215286254883,-9.595811681663044,-1.0,0.0,32.35361511723767,
114,36.7882,0.0687914,-0.0681484,0.383651,3605.31,6.86108,0.0,0.4321025609970093,1.0,0.0,2,35.450248659647926,-0.07056914859100001,-0.19626033306121826,-10.205721560245745,-1.0,0.0,32.7899431771017,
115,37.3333,0.386208,-0.0719579,0.386335,3605.51,7.06641,0.0,-1.0,1.0,0.0,2,35.89463286194985,-0.0721158022775,-1.4321025609970093,-10.85185290963124,-1.0,0.0,32.76510835492856,
116,37.6631,-0.0367031,-0.0728639,0.389033,3605.72,7.27441,0.0,-1.0,0.5337437391281128,0.0,2,36.19223839230722,-0.0732609439115,-0.0,-11.248676667282702,-1.0,0.0,33.431675948303315,
117,38.1114,-0.593934,-0.0691379,0.391218,3605.93,7.48462,0.0,-0.8438625335693359,1.0,0.0,2,36.7039273580452,-0.07454932842600001,-0.15613746643066406,-11.698584928523807,-1.0,0.0,33.82774905041143,
118,38.5121,-1.10905,-0.0617493,0.392749,3606.14,7.69751,0.0,-0.644450306892395,0.9005308151245117,0.0,2,37.250408352220404,-0.0756279438145,-0.19941222667694092,-12.041993086728944,-1.0,0.0,34.30865777739348,
119,38.9361,-1.53219,-0.0516489,0.393557,3606.36,7.91284,0.0,-0.8634817600250244,1.0,0.0,2,37.879122021879596,-0.07661787353850001,-0.2190314531326294,-12.356709487800515,-1.0,0.0,34.88328828923123,
120,39.3663,-1.81934,-0.0389054,0.393649,3606.58,8.13062,0.0,-0.19258803129196167,1.0,0.0,2,38.570923094700206,-0.07748252314350002,-0.6708937287330627,-12.623552198025724,-1.0,0.0,35.398639623232924,
121,39.9342,-1.52971,-0.0274184,0.393278,3606.8,8.35107,0.0,1.0,1.0,0.0,2,39.37179295777506,-0.078526211538,-1.1925880312919617,-13.026624858415794,-1.0,0.0,35.9814966080871,
122,40.595,-1.02125,-0.0212339,0.393031,3607.02,8.5752,0.0,0.3150443434715271,1.0,0.0,2,40.1548859390699,-0.079775467225,-0.6849556565284729,-13.5892939362808,-1.0,0.0,36.83122968444424,
123,40.7336,-0.673063,-0.0186108,0.393074,3607.25,8.80151,0.0,-0.5498173236846924,0.0,0.0,3,40.34752535969602,-0.080056595432,-0.8648616671562195,-13.681091059053326,-1.0,0.0,36.95584660525916,
124,40.7061,-0.340074,-0.0166038,0.393222,3607.48,9.02783,0.0,1.0,1.0,0.0,3,40.3625666300807,-0.080032670271,-1.5498173236846924,-13.615717942893458,-1.0,0.0,36.77523107127027,
125,40.6461,0.307877,-0.0187052,0.393881,3607.7,9.25366,0.0,0.3760165572166443,1.0,0.0,3,40.2588649396542,-0.08004863257049999,-0.6239834427833557,-13.583665519709797,-1.0,0.0,36.954071446292225,
126,41.0253,0.489633,-0.0236014,0.39514,3607.93,9.48022,0.0,-0.5227314233779907,1.0,0.0,3,40.52979213560529,-0.08105368521,-0.898747980594635,-14.040584326122687,-1.0,0.0,37.07302640729849,
127,41.5362,0.711183,-0.0277217,0.396609,3608.16,9.70972,0.0,1.0,1.0,0.0,3,40.944587589584074,-0.082368153729,-1.5227314233779907,-14.621722111696094,-1.0,0.0,37.21214169208726,
128,42.0363,0.726649,-0.0334671,0.398536,3608.39,9.94165,0.0,-0.6650898456573486,1.0,0.0,3,41.309475660603745,-0.083764894284,-1.6650898456573486,-15.221871048407536,-1.0,0.0,37.44290315536141,
129,42.1321,0.13803,-0.0336679,0.399556,0.167229,10.1663,0.0,-0.8936251997947693,0.025423526763916016,0.0,3,41.39910762868875,-0.084170666738,-0.22853535413742065,-15.33835446116202,-1.0,0.0,37.94562318653523,
130,42.4378,-0.494773,-0.0285947,0.400597,0.405641,10.4047,0.0,-1.0,0.9676381349563599,0.0,3,41.81378600490875,-0.085002276833,-0.10637480020523071,-15.600637705897448,-1.0,0.0,38.35677563212956,
131,42.8298,-0.959903,-0.0199065,0.400853,0.64638,10.6454,0.0,1.0,1.0,0.0,3,42.39504667194053,-0.085842269097,-2.0,-15.881850170745828,-1.0,0.0,38.32692687723165,
132,43.3418,-1.00656,-0.0108789,0.400564,0.889684,10.8887,0.0,-0.24111488461494446,1.0,0.0,3,43.1034843604575,-0.086805823876,-1.2411148846149445,-16.26322101217274,-1.0,0.0,39.20486091937111,
133,43.8887,-0.628504,-0.00436363,0.400078,1.13597,11.135,0.0,0.6651691198348999,1.0,0.0,3,43.79252543233881,-0.087794516593,-0.9062840044498444,-16.707600684482976,-1.0,0.0,39.92670561173841,
134,44.3653,-0.028433,-0.00301365,0.399938,1.38527,11.3843,0.0,0.6001952886581421,1.0,0.0,3,44.29824789342847,-0.08871684675699999,-0.06497383117675781,-17.161853159571855,-1.0,0.0,40.61576092338266,
135,44.671,0.270561,-0.00612067,0.400256,1.63614,11.6352,0.0,0.20281946659088135,1.0,0.0,3,44.533455885469714,-0.08939917888,-0.39737582206726074,-17.518789040300973,-1.0,0.0,40.69702560392439,
136,45.2,0.65323,-0.0115302,0.401024,1.88993,11.889,0.0,1.0,1.0,0.0,3,44.936418718555785,-0.090631424,-0.7971805334091187,-18.14094458411381,-1.0,0.0,40.88549144691598,
137,45.5865,1.09589,-0.0189592,0.402479,2.14617,12.1452,0.0,1.0,1.0,0.0,3,45.14619128599645,-0.0917380446675,-0.0,-18.662660749254204,-1.0,0.0,41.25505412894082,
138,45.8732,1.48732,-0.02831,0.404666,2.4042,12.4032,0.0,1.0,0.9658026695251465,0.0,3,45.205570135853,-0.092816621756,-0.0,-19.124529752677418,-1.0,0.0,41.24407405119539,
139,46.1069,1.80665,-0.0391691,0.407618,2.66339,12.6624,0.0,0.10221867263317108,1.0,0.0,3,45.168783484085615,-0.09397001182100001,-0.8977813273668289,-19.566708591496557,-1.0,0.0,40.87047278533009,
140,46.5046,1.81478,-0.0508612,0.411247,2.92405,12.9231,0.0,-1.0,1.0,0.0,3,45.26233242304918,-0.09562438618100001,-1.102218672633171,-20.194042423240063,-1.0,0.0,40.80693607159222,
141,47.0993,1.17387,-0.0582879,0.414993,3.18761,13.1866,0.0,-0.8190959692001343,1.0,0.0,3,45.64743068941801,-0.0977293990245,-0.18090403079986572,-20.96446807017883,-1.0,0.0,41.350759870626725,
142,47.6233,0.457875,-0.0590396,0.418299,3.45444,13.4535,0.0,-0.3688913881778717,1.0,0.0,3,46.1353107257132,-0.0996038938335,-0.4502045810222626,-21.572131887993965,-1.0,0.0,41.664825674373915,
143,48.0512,-0.186727,-0.0546523,0.420929,3.72428,13.7233,0.0,-1.0,1.0,0.0,3,46.667055680735885,-0.10113071782400002,-0.6311086118221283,-22.00649996333227,-1.0,0.0,42.07561738486541,
144,48.3104,-0.760346,-0.0464791,0.422732,3.99642,13.9955,0.0,1.0,0.894668459892273,0.0,3,47.135918985963116,-0.10211176006400001,-2.0,-22.206193442435378,-1.0,0.0,42.10287820953381,
145,48.6525,-1.20818,-0.0354749,0.42367,4.27033,14.2694,0.0,-1.0,1.0,0.0,3,47.75909909651822,-0.103063023375,-2.0,-22.431305519198787,-1.0,0.0,42.6913402452634,
146,48.9786,-1.49258,-0.0217904,0.423711,4.54632,14.5453,0.0,-0.40994030237197876,1.0,0.0,3,48.433382999392244,-0.103763857923,-0.5900596976280212,-22.580536434654906,-1.0,0.0,43.7655207669826,
147,49.5385,-1.07265,-0.00856472,0.423103,4.85256,14.8516,0.0,0.03712183237075806,1.0,0.0,3,49.32454397964335,-0.10479943982750001,-0.4470621347427368,-22.948330387904626,-1.0,0.0,44.643376341207336,
148,50.0008,-0.333759,-0.00322861,0.422696,5.16215,15.1612,0.0,1.0,0.7036837339401245,0.0,3,49.91982299677992,-0.105675690784,-0.9628781676292419,-23.327577472528745,-1.0,0.0,45.02614723482784,
149,50.0717,0.0217129,-0.00314227,0.422788,5.47328,15.4723,0.0,-0.4862178564071655,1.0,0.17491686344146729,3,49.99278352878889,-0.10584856949799999,-1.4862178564071655,-23.399395262688678,-1.0,0.0,44.93116031296544,
150,50.3599,-0.411499,0.000195649,0.422694,5.78517,15.7842,0.0,-0.2511252760887146,1.0,0.0,3,50.35497260414238,-0.106434137853,-0.23509258031845093,-23.63878026298299,-1.0,0.0,45.632193652746395,
151,50.8078,-0.849641,0.0084905,0.421832,6.09954,16.0986,0.0,-0.3694273829460144,1.0,0.0,3,50.59027945819074,-0.107161779448,-0.1183021068572998,-23.948861822923828,-1.0,0.0,45.85529777324698,
152,51.3517,-0.698656,0.0182404,0.420265,6.41689,16.4159,0.0,0.8762280941009521,1.0,0.0,3,50.8748457640217,-0.1079066110025,-1.2456554770469666,-24.314126144344975,-1.0,0.0,45.74612358825337,
153,51.9135,-0.0544665,0.0217946,0.418828,6.73781,16.7368,0.0,1.0,1.0,0.0,3,51.335498714419884,-0.10871413689,-0.12377190589904785,-24.789332178663983,-1.0,0.0,46.47125317896057,
154,52.4377,0.328433,0.0203578,0.417903,7.06204,17.0611,0.0,0.1107988953590393,1.0,0.0,3,51.89311299769406,-0.1095693607155,-0.8892011046409607,-25.31302783608252,-1.0,0.0,46.71982913017389,
155,52.9946,-0.0186423,0.0209535,0.417,7.3897,17.3887,0.0,-0.1352185606956482,1.0,0.0,3,52.427796259329426,-0.110493741,-0.2460174560546875,-25.839790481242552,-1.0,0.0,47.36752870932664,
156,53.5313,0.166137,0.0234038,0.415779,7.72064,17.7197,0.0,0.26365673542022705,1.0,0.0,3,52.89027937389447,-0.1112859519135,-0.39887529611587524,-26.3110252034444,-1.0,0.0,47.712677052629545,
157,54.0223,0.618629,0.0210647,0.414963,8.05486,18.0539,0.0,0.28140324354171753,1.0,0.0,3,53.44137531876665,-0.11208627837450001,-0.01774650812149048,-26.817688626190595,-1.0,0.0,48.301311794027114,
158,54.5628,0.407148,0.0177619,0.414502,8.39216,18.3912,0.0,-0.5973904132843018,1.0,0.0,3,54.069649331311304,-0.113081948628,-0.8787936568260193,-27.396565075005334,-1.0,0.0,48.5834445243847,
159,55.0707,0.459584,0.0175748,0.413846,8.73279,18.7318,0.0,1.0,0.8971009254455566,0.0,3,54.57829191891122,-0.11395394456100001,-1.5973904132843018,-27.89171988668449,-1.0,0.0,48.80136286736226,
160,55.5212,0.893159,0.0131631,0.413653,9.07643,19.0755,0.0,0.7036334276199341,1.0,0.0,3,55.15098506644419,-0.11483255471800001,-0.2963665723800659,-28.402607116149994,-1.0,0.0,49.68685147258968,
161,55.8361,1.29414,0.00425323,0.414251,9.42256,19.4216,0.0,1.0,1.0,0.0,3,55.716853434406175,-0.1156508013055,-0.2963665723800659,-28.860244128498913,-1.0,0.0,50.18325604211182,
162,56.0721,1.56678,-0.00824253,0.415792,9.77019,19.7692,0.0,0.9007910490036011,1.0,0.0,3,55.839109894593655,-0.116571653016,-0.09920895099639893,-29.307472597400128,-1.0,0.0,50.296654666668715,
163,56.3107,1.71451,-0.0235289,0.418332,10.1191,20.1181,0.0,1.0,1.0,0.0,3,55.63271036820156,-0.117782838762,-0.09920895099639893,-29.811450199298093,-1.0,0.0,50.01344731424593,
164,56.5685,1.73423,-0.0409321,0.421893,10.4693,20.4684,0.0,-0.2324887365102768,1.0,0.0,3,55.36370765084239,-0.1193292708525,-1.2324887365102768,-30.37565822977583,-1.0,0.0,49.31828302457044,
165,56.8811,1.69835,-0.0597092,0.426483,10.8209,20.82,0.0,1.0,1.0,0.0,3,55.08258057441783,-0.12129411085650002,-1.2324887365102768,-31.023647689302415,-1.0,0.0,48.93799268921289,
166,57.1858,1.60865,-0.0797458,0.432152,11.1739,21.173,0.0,0.870510458946228,1.0,0.0,3,54.72631515446747,-0.12356478920799999,-0.12948954105377197,-31.690021525907476,-1.0,0.0,48.810400274057216,
167,57.5198,1.41569,-0.100375,0.438889,11.5283,21.5273,0.0,-1.0,1.0,0.0,3,54.34835320264567,-0.12622403751099998,-1.870510458946228,-32.402793808974764,-1.0,0.0,47.800556956104586,
168,58.0396,0.718178,-0.117621,0.446373,11.8848,21.8838,0.0,-1.0,1.0,0.0,3,54.23310951231934,-0.129536551854,-0.0,-33.27048374608412,-1.0,0.0,48.11300039855272,
169,58.5123,0.00388012,-0.124309,0.45388,12.2446,22.2436,0.0,-1.0,0.7808929085731506,0.0,3,54.4333509880676,-0.13278781362000003,-0.0,-33.97962138554781,-1.0,0.0,48.203619966615435,
170,58.0896,-0.349359,-0.12166,0.460973,12.6053,22.6043,0.0,-0.739870011806488,1.0,0.6084779500961304,3,54.13535343492931,-0.133888685904,-0.26012998819351196,-33.691678777076106,-1.0,0.0,47.86967393600584,
171,57.4851,-0.514471,-0.116026,0.467519,12.9625,22.9615,0.0,-0.28514236211776733,0.43890100717544556,0.0,3,53.77119497666019,-0.13437688233450001,-0.4547276496887207,-33.181115141545206,-1.0,0.0,47.52323252818729,
172,57.4919,-0.324222,-0.109863,0.473602,13.3178,23.3168,0.0,1.0,1.0,0.0,3,53.993521584322075,-0.13614139411900003,-1.2851423621177673,-33.266577711122196,-1.0,0.0,47.48185082489942,
173,57.8542,0.342828,-0.109561,0.480044,13.675,23.674,0.0,1.0,0.664680004119873,0.0,3,54.34437215460869,-0.13886280792400002,-0.0,-33.775548874988864,-1.0,0.0,48.13917701543636,
174,58.2865,0.601871,-0.114357,0.487195,14.034,24.033,0.0,-0.9631884098052979,1.0,0.0,3,54.58031822493199,-0.1419844568375,-1.9631884098052979,-34.42248524975313,-1.0,0.0,47.68600445768994,
175,58.9014,0.00290421,-0.115379,0.494359,14.3967,24.3957,0.0,-0.7752854824066162,1.0,0.0,3,55.11931964179243,-0.145592186013,-0.18790292739868164,-35.21569798380466,-1.0,0.0,48.63500187998913,
176,58.9432,-0.585403,-0.109281,0.500809,14.7623,24.7613,0.0,-1.0,0.0,0.0,3,55.37731102427289,-0.14759642524399996,-0.2247145175933838,-35.350760533086024,-1.0,0.0,48.85968616378798,
177,58.9668,-1.06055,-0.0979893,0.50619,15.1281,25.1272,0.0,-0.8373304009437561,0.5596499443054199,0.0,3,55.79949316725695,-0.14924202246,-0.1626695990562439,-35.39130424699408,-1.0,0.0,49.29275462803096,
178,59.261,-1.33444,-0.0827117,0.510429,15.4958,25.4948,0.0,-1.0,1.0,0.0,3,56.61041102912358,-0.151242664845,-0.1626695990562439,-35.632393608593844,-1.0,0.0,50.065508443272634,
179,59.5812,-1.44286,-0.0638679,0.513496,15.8661,25.8651,0.0,-1.0,1.0,0.0,3,57.55835241037778,-0.152973539376,-0.0,-35.828079783910496,-1.0,0.0,51.031166903415205,
180,59.8641,-1.4464,-0.0428579,0.515325,16.2386,26.2376,0.0,0.39535221457481384,1.0,0.0,3,58.52669711130861,-0.1542473366625,-1.3953522145748138,-35.92297220701581,-1.0,0.0,51.56539827922129,
181,60.2129,-1.36714,-0.0206316,0.515892,16.6131,26.6122,0.0,-0.6162453889846802,1.0,0.0,3,59.57898508678537,-0.15531676703400002,-1.011597603559494,-36.02541232558453,-1.0,0.0,52.71637718984584,
182,60.6529,-1.01688,0.00146469,0.515264,16.9901,26.9892,0.0,-0.00025312602519989014,1.0,0.0,3,60.60841610800067,-0.15626127932800002,-0.6159922629594803,-36.17531188352088,-1.0,0.0,53.84106036725669,
183,61.2346,-0.194589,0.0161984,0.514125,17.3703,27.3693,0.0,1.0,1.0,0.0,3,60.73063697458872,-0.15741119362500003,-1.0002531260252,-36.535842136496015,-1.0,0.0,53.792773522681756,
184,61.8508,-0.120757,0.0231171,0.512853,17.7542,27.7532,0.0,-0.7135597467422485,1.0,0.0,3,61.119432300799446,-0.158601841662,-1.7135597467422485,-37.02642810462267,-1.0,0.0,53.892798319421374,
185,62.48,-0.0111368,0.0297047,0.511017,18.1418,28.1409,0.0,1.0,1.0,0.0,3,61.524598448339134,-0.15964171080000003,-1.7135597467422485,-37.51806738251223,-1.0,0.0,54.22317870613962,
186,63.0784,0.487895,0.0302217,0.509331,18.5334,28.5324,0.0,0.45443132519721985,1.0,0.0,3,62.09657267679451,-0.160638922752,-0.5455686748027802,-38.06581116957304,-1.0,0.0,55.06239147616572,
187,63.5498,0.65198,0.0261464,0.508143,18.9283,28.9273,0.0,-0.378252774477005,1.0,0.0,3,62.69737423997002,-0.161461930107,-0.8326840996742249,-38.562872217657485,-1.0,0.0,55.501676247312126,
188,64.1478,0.340444,0.0243277,0.506971,19.3264,29.3254,0.0,0.04392126202583313,1.0,0.0,3,63.34861116338384,-0.162605371569,-0.42217403650283813,-39.15571485289793,-1.0,0.0,56.1859963529293,
189,64.7745,0.598376,0.0220876,0.505862,19.7284,29.7274,0.0,1.0,1.0,0.0,3,64.04340167278912,-0.163834790595,-0.9560787379741669,-39.784604441994965,-1.0,0.0,56.62505259450262,
190,64.8917,0.639096,0.0166204,0.505272,20.133,30.132,0.0,-0.979117751121521,0.0,0.0,3,64.3434992612441,-0.163939795212,-1.979117751121521,-39.960736119716515,-1.0,0.0,56.59171372273817,
191,65.3548,0.710549,0.0118857,0.504926,20.5388,30.5378,0.0,0.2722468674182892,1.0,0.0,3,64.9617990939536,-0.164996688724,-1.2513646185398102,-40.478362956082314,-1.0,0.0,57.349638576255316,
192,65.8671,0.926507,0.00353332,0.505203,20.9481,30.9471,0.0,0.4969213902950287,1.0,0.0,3,65.75032431769242,-0.16638128260649995,-0.2246745228767395,-41.10734555856823,-1.0,0.0,58.35043884443766,
193,66.2776,1.0521,-0.00806959,0.50632,21.3601,31.3591,0.0,0.6143574118614197,1.0,0.0,3,66.00802844314386,-0.16778837216,-0.11743602156639099,-41.6943471639736,-1.0,0.0,58.5508571899179,
194,66.7056,0.912603,-0.0215229,0.508313,21.7745,31.7736,0.0,0.10737913846969604,0.994543731212616,0.0,3,65.97235684637268,-0.16953661826400002,-0.5069782733917236,-42.33859608076529,-1.0,0.0,58.29993733397636,
195,67.0005,0.897875,-0.0340576,0.511035,22.1914,32.1904,0.0,0.7236448526382446,0.5724310874938965,0.0,3,65.8209285808942,-0.17119800258750004,-0.6162657141685486,-42.85081677226387,-1.0,0.0,58.03722834821655,
196,67.3545,0.934184,-0.0478074,0.514722,22.6096,32.6087,0.0,0.9006630778312683,1.0,0.0,3,65.66813516971474,-0.17334421474500003,-0.17701822519302368,-43.45442803358115,-1.0,0.0,57.92352128237466,
197,67.807,0.787532,-0.0640583,0.519379,23.0304,33.0294,0.0,0.34628480672836304,1.0,0.0,3,65.49761015372272,-0.17608765926500003,-0.5543782711029053,-44.201105820791284,-1.0,0.0,57.52504314000816,
198,68.305,0.318542,-0.0800849,0.524933,23.4536,33.4526,0.0,-1.0,1.0,0.0,3,65.35390002116584,-0.179277742825,-1.346284806728363,-45.004720173354144,-1.0,0.0,57.02002881031922,
199,68.6586,0.283443,-0.0919971,0.531113,23.8796,33.8786,0.0,1.0,0.5670843124389648,0.0,3,65.21451693407751,-0.182327375109,-2.0,-45.63100959196991,-1.0,0.0,56.58753812017303,
200,68.6209,0.352414,-0.103282,0.538272,24.3059,34.3049,0.0,-1.0,0.0,0.0,3,64.71787464131016,-0.184683545424,-2.0,-45.880029304268064,-1.0,0.0,56.05118670024596,
201,67.9111,0.265423,-0.112284,0.546028,24.7297,34.7287,0.0,0.22879111766815186,0.0,0.30130887031555176,3,63.67878977998931,-0.185406810554,-1.2287911176681519,-45.4472089746233,-1.0,0.0,55.307664287941364,
202,68.024,-0.301246,-0.117746,0.553998,25.1504,35.1494,0.0,-1.0,1.0,0.0,3,63.55746849977577,-0.18842579976,-1.2287911176681519,-45.80898885888193,-1.0,0.0,55.12905703588304,
203,68.6379,-0.909374,-0.114228,0.561437,25.5751,35.5741,0.0,-1.0,1.0,0.0,3,64.27892633592971,-0.1926792833115,-0.0,-46.57838776604524,-1.0,0.0,56.099488887711416,
204,67.8378,-0.946867,-0.104245,0.568069,26.0005,35.9996,0.0,-0.37331974506378174,0.0,0.5870515704154968,3,63.94006117263393,-0.19268275604100002,-0.6266802549362183,-45.85620406157915,-1.0,0.0,55.68094373087519,
205,67.283,-0.979698,-0.0926681,0.573919,26.4203,36.4193,0.0,-1.0,1.0,0.0,3,63.88128048873225,-0.193074960385,-0.6266802549362183,-45.344682835732364,-1.0,0.0,55.69849902650653,
206,67.4724,-1.10594,-0.0766719,0.578715,26.8405,36.8395,0.0,-1.0,1.0,0.0,3,64.69009115230412,-0.19523644983,-0.0,-45.50659748791317,-1.0,0.0,56.66886507928714,
207,67.4022,-1.1629,-0.0568851,0.582214,27.262,37.2611,0.0,0.3659682273864746,0.0,0.0,3,65.37711883526683,-0.19621252235399997,-1.3659682273864746,-45.33240888182219,-1.0,0.0,56.97125451242355,
208,67.2077,-0.99874,-0.0356173,0.584297,27.6826,37.6816,0.0,0.11082327365875244,0.033917829394340515,0.0,3,65.96844956491765,-0.1963462874345,-0.25514495372772217,-44.97211770494868,-1.0,0.0,57.94974213562254,
209,67.1671,-0.164724,-0.0201765,0.585622,28.1028,38.1018,0.0,0.37577998638153076,0.0,0.0,3,66.47587637427338,-0.196672657181,-0.2649567127227783,-44.7992158801285,-1.0,0.0,58.47983432125628,
210,67.5184,-0.0141966,-0.0127781,0.586767,28.5236,38.5226,0.0,-0.10459029674530029,1.0,0.0,3,67.08152118385851,-0.198087845064,-0.48037028312683105,-45.09897627859271,-1.0,0.0,58.97447581206757,
211,67.4154,-0.290148,-0.00454904,0.587217,28.9462,38.9452,0.0,-0.36940956115722656,1.0,0.41652703285217285,3,67.26136531523014,-0.197937344709,-0.26481926441192627,-44.91436002403445,-1.0,0.0,59.246828187592385,
212,66.9309,-0.620296,0.0054331,0.586769,29.3661,39.3651,0.0,-0.6698753833770752,0.0,0.0,3,66.74809190813436,-0.19636488631049998,-0.30046582221984863,-44.30092342025073,-1.0,0.0,58.81644876212029,
213,66.9312,-0.851385,0.0191764,0.58519,29.7842,39.7832,0.0,0.4434086084365845,1.0,0.0,3,66.27718352723308,-0.19583734464,-1.1132839918136597,-44.093084491053126,-1.0,0.0,58.13339831139102,
214,67.315,-0.758705,0.0341861,0.582591,30.2038,40.2028,0.0,-0.25410544872283936,0.7819277048110962,0.0,3,66.12527411160092,-0.196085565825,-0.6975140571594238,-44.22455522299321,-1.0,0.0,58.086251045179104,
215,67.3269,-0.951362,0.0499074,0.578901,30.6244,40.6234,0.0,-0.48741695284843445,0.0,0.0,3,65.56371229312988,-0.1948780486845,-0.2333115041255951,-43.9437060351029,-1.0,0.0,57.707284887942265,
216,67.5905,-0.724373,0.0666611,0.573997,31.0447,41.0437,0.0,0.12015236169099808,1.0,0.0,3,65.18921914741536,-0.1939837211425,-0.6075693145394325,-43.86494921608774,-1.0,0.0,57.23322224949787,
217,67.7753,-0.740234,0.0810505,0.568286,31.4669,41.4659,0.0,-1.0,0.0,0.0,3,64.80920284787821,-0.192578770679,-1.120152361690998,-43.71546458909164,-1.0,0.0,56.72325868032816,
218,68.038,-0.817355,0.096959,0.561366,31.8887,41.8877,0.0,-0.337385356426239,1.0,0.0,3,64.4251537245946,-0.19097109954,-0.662614643573761,-43.58660494777445,-1.0,0.0,56.497407489816304,
219,68.6468,-0.260887,0.111034,0.553529,32.3105,42.3095,0.0,0.38431107997894287,1.0,0.0,3,64.42083843515643,-0.189989972786,-0.7216964364051819,-43.79135552600195,-1.0,0.0,56.44563620254859,
220,69.2413,0.352528,0.114701,0.545693,32.7294,42.7284,0.0,0.13671571016311646,1.0,0.0,3,64.82399726203323,-0.1889224636045,-0.24759536981582642,-44.11088177825128,-1.0,0.0,56.94416392074629,
221,69.8238,0.7389,0.111222,0.538235,33.1521,43.1511,0.0,1.0,0.9467425346374512,0.0,3,65.51740249409652,-0.187908064965,-0.8632842898368835,-44.54324304410997,-1.0,0.0,57.38902268556396,
222,70.3181,0.976954,0.102125,0.531469,33.5787,43.5777,0.0,0.6712836027145386,1.0,0.0,3,66.36734689530525,-0.1868594514445,-0.3287163972854614,-44.996194858403726,-1.0,0.0,58.332443295914544,
223,70.6063,1.02614,0.0896328,0.525582,34.0081,44.0071,0.0,0.3153204321861267,0.8059267401695251,0.02229994535446167,3,67.16277812032331,-0.18554700183300002,-0.35596317052841187,-45.31813992458131,-1.0,0.0,59.07272117864459,
224,71.1483,0.4049,0.078536,0.520294,34.44,44.439,0.0,-0.7723631858825684,1.0,0.0,3,68.13801454308329,-0.18509016800100003,-1.087683618068695,-45.88609107045467,-1.0,0.0,59.743705629093476,
225,71.7925,0.301386,0.0721895,0.515023,34.8759,44.875,0.0,1.0,0.9471842646598816,0.0,3,69.0164320251322,-0.1848739436375,-1.7723631858825684,-46.485498597226105,-1.0,0.0,60.32702433614602,
226,71.6198,0.210202,0.0653715,0.51031,35.3137,45.3128,0.0,-0.6658231019973755,1.0,0.5204334259033203,3,69.12754336000378,-0.18274150069,-1.6658231019973755,-46.28945140389892,-1.0,0.0,60.50163721812973,
227,71.5111,-0.251008,0.0636332,0.505629,35.7497,45.7488,0.0,-0.2915048599243164,1.0,0.0,3,69.0926631435912,-0.1807904299095,-0.3743182420730591,-46.08514161098347,-1.0,0.0,60.88680599941226,
228,71.8985,-0.371217,0.0669891,0.500499,36.1868,46.1858,0.0,-0.07168304920196533,1.0,0.0,3,69.33082948721537,-0.1799256367575,-0.21982181072235107,-46.29200707340031,-1.0,0.0,61.141156246231105,
229,72.555,0.151314,0.068087,0.495382,36.6271,46.6261,0.0,1.0,0.983314037322998,0.0,3,69.91877014601073,-0.17971220505,-1.0716830492019653,-46.80147907566813,-1.0,0.0,61.397331164849916,
230,73.191,0.430248,0.0633646,0.49081,37.0718,47.0709,0.0,0.17848047614097595,1.0,0.0,3,70.72680776949163,-0.17961437355,-0.821519523859024,-47.39069302508205,-1.0,0.0,62.192133585021615,
231,73.8356,0.578897,0.0552998,0.486855,37.5206,47.5196,0.0,0.2723163366317749,1.0,0.0,3,71.68222504527802,-0.17973615519,-0.09383586049079895,-48.05262887563188,-1.0,0.0,63.266443800595994,
232,74.4457,0.664854,0.0440138,0.483685,37.9735,47.9725,0.0,0.49640291929244995,1.0,0.0,3,72.7358128279971,-0.1800413420225,-0.22408658266067505,-48.74392418586607,-1.0,0.0,64.17695688329647,
233,74.9787,0.47292,0.0309668,0.481419,38.43,48.429,0.0,-0.08531656861305237,1.0,0.0,3,73.78201306514012,-0.1804808538765,-0.5817194879055023,-49.401100425372206,-1.0,0.0,65.01685130108613,
234,75.5554,0.401356,0.0191642,0.479842,38.8901,48.8891,0.0,0.39511218667030334,1.0,0.0,3,74.81759085506232,-0.181273271234,-0.4804287552833557,-50.097406363422905,-1.0,0.0,65.97757800272989,
235,76.0053,0.114353,0.00718911,0.479125,39.3534,49.3524,0.0,-0.6986172199249268,0.754020094871521,0.0,3,75.73013302821055,-0.18208019681250004,-1.09372940659523,-50.68589716344006,-1.0,0.0,66.61704943490346,
236,76.6003,0.0958747,-0.00139596,0.478905,39.8197,49.8187,0.0,0.26709529757499695,1.0,0.0,3,76.54675990431504,-0.18342133335750002,-0.9657125174999237,-51.38464771813349,-1.0,0.0,67.36592765798754,
237,77.2695,-0.0162937,-0.011282,0.479414,40.2901,50.2891,0.0,0.1634911298751831,1.0,0.0,3,76.8287144821379,-0.18522040036499998,-0.10360416769981384,-52.1888971364323,-1.0,0.0,67.78407826099811,
238,77.4477,-0.476505,-0.0176115,0.480347,40.7634,50.7624,0.0,-1.0,0.0,0.0,3,76.75373969994983,-0.1860088517595,-1.163491129875183,-52.4664782524553,-1.0,0.0,67.34871177135949,
239,77.2861,-0.941103,-0.0149959,0.480938,41.2361,51.2351,0.0,-1.0,0.016743957996368408,0.0,3,76.69794463419873,-0.185849111809,-0.0,-52.28747603786961,-1.0,0.0,67.6689741167093,
240,77.5643,-1.13121,-0.00493099,0.480705,41.7089,51.7079,0.0,-1.0,1.0,0.0,3,77.37212340816423,-0.18642773415750002,-0.0,-52.436431805503275,-1.0,0.0,68.32023090318123,
241,77.6456,-1.10153,0.0105126,0.479431,42.1836,52.1827,0.0,-1.0,0.0,0.0,3,77.23318849718719,-0.186128538268,-0.0,-52.290789805482675,-1.0,0.0,68.20344148809679,
242,77.3478,-0.982043,0.029178,0.476883,42.6569,52.6559,0.0,-0.25778383016586304,0.016555190086364746,0.0,3,76.1866101457196,-0.18442925453700001,-0.742216169834137,-51.68297270660098,-1.0,0.0,67.02707013424222,
243,77.455,-0.512558,0.0495949,0.473056,43.1289,53.1279,0.0,0.4749189615249634,1.0,0.0,3,75.43986405295303,-0.18320276239999997,-0.7327027916908264,-51.410327608126835,-1.0,0.0,66.32530131182675,
244,78.1326,0.730375,0.0653479,0.468655,43.6037,53.6027,0.0,0.4560305178165436,1.0,0.0,3,75.41474857017798,-0.183086168265,-0.0188884437084198,-51.7472222312433,-1.0,0.0,66.46391253411394,
245,78.5035,1.39716,0.0694481,0.464393,44.0822,54.0813,0.0,0.7294727563858032,0.3785099387168884,0.0,3,75.59049461826991,-0.1822823793775,-0.27344223856925964,-51.95029002455635,-1.0,0.0,66.5336360636382,
246,78.8646,1.55541,0.0630988,0.460546,44.5624,54.5614,0.0,1.0,1.0,0.05287790298461914,3,76.22117393982593,-0.18160388035799999,-0.2705272436141968,-52.31263736067708,-1.0,0.0,67.11151628228211,
247,79.3441,1.43226,0.0503635,0.45743,45.0457,55.0447,0.0,1.0,1.0,0.0,3,77.24631508330786,-0.18147185831499998,-0.0,-52.90488367273341,-1.0,0.0,68.12911067408284,
248,79.7747,1.13029,0.033794,0.455244,45.5319,55.5309,0.0,-1.0,1.0,0.0,3,78.38145505540021,-0.181584767634,-2.0,-53.51997242571349,-1.0,0.0,68.57187442390918,
249,80.2329,0.655705,0.0152182,0.454075,46.0208,56.0198,0.0,0.3792336583137512,1.0,0.0,3,79.61313287077203,-0.18215877033750003,-1.3792336583137512,-54.205179392924165,-1.0,0.0,69.88642709400179,
250,80.4209,0.367642,-0.00407052,0.454019,46.5122,56.5112,0.0,1.0,0.7733234763145447,0.0,4,80.25655675968758,-0.18256308298550003,-0.6207663416862488,-54.644464249493296,-1.0,0.0,70.69109413677222,
251,80.2232,0.143839,-0.0241916,0.455358,47.0029,57.0019,0.0,-0.6175780296325684,1.0,0.0,4,79.2294573552459,-0.182651379528,-1.6175780296325684,-54.72894652985501,-1.0,0.0,69.35219058734988,
252,80.139,-0.615175,-0.0424652,0.457854,47.4925,57.4915,0.0,-0.5209929943084717,1.0,0.0,4,78.36570582463933,-0.18345980853,-0.09658503532409668,-54.91975020941344,-1.0,0.0,68.91530797410007,
253,80.4379,-0.714537,-0.0543839,0.460984,47.9827,57.9817,0.0,0.5367945432662964,0.7433489561080933,0.0,4,78.13279206711785,-0.185402924468,-1.057787537574768,-55.427182297382984,-1.0,0.0,68.31597553676997,
254,80.756,-0.80455,-0.0661469,0.465212,48.4746,58.4736,0.0,-0.08717238903045654,0.7215484976768494,0.0,4,77.91046175233367,-0.18784330136000002,-0.6239669322967529,-55.97308007518081,-1.0,0.0,68.13946636000752,
255,80.9335,-0.603319,-0.0740276,0.470185,48.968,58.9671,0.0,0.1753050684928894,0.2955634593963623,0.0,4,77.71891894529868,-0.1902685884875,-0.26247745752334595,-56.350393605567255,-1.0,0.0,67.9973480787191,
256,80.7442,-0.593574,-0.0798673,0.475932,49.461,59.46,0.0,0.03566986322402954,1.0,0.2741999626159668,4,77.26582814698202,-0.19214374297200004,-0.13963520526885986,-56.35587164400152,-1.0,0.0,67.57841309582913,
257,80.8437,-0.922674,-0.0802847,0.481813,49.9531,59.9522,0.0,-1.0,1.0,0.0,4,77.3415245695166,-0.1947577281405,-1.0356698632240295,-56.59689897388523,-1.0,0.0,67.3465310363261,
258,81.2126,-1.16328,-0.0728099,0.487107,50.4473,60.4464,0.0,-1.0,1.0,0.0,4,78.04350056092645,-0.197796129741,-0.0,-57.01255371905252,-1.0,0.0,68.29382137332757,
259,81.1933,-1.147,-0.0598736,0.491476,50.9433,60.9423,0.0,-0.34553971886634827,0.0,0.0030062198638916016,4,78.61859507083726,-0.199522791554,-0.6544602811336517,-56.959686980064234,-1.0,0.0,68.67878114793352,
260,81.3783,-0.451358,-0.0470584,0.495038,51.4392,61.4382,0.0,0.25162118673324585,1.0,0.0,4,79.3741511202121,-0.20142675437699997,-0.5971609055995941,-57.09031778656777,-1.0,0.0,69.43002842617007,
261,81.7833,-0.326721,-0.039296,0.498384,51.9376,61.9366,0.0,-0.6453791260719299,0.6998098492622375,0.0,4,80.1136994762389,-0.203797440936,-0.8970003128051758,-57.489567474922666,-1.0,0.0,70.01736682022295,
262,82.198,-0.316809,-0.0298232,0.500945,52.4385,62.4375,0.0,-0.17939889430999756,1.0,0.0,4,80.9359262928068,-0.20588338554999996,-0.4659802317619324,-57.85905343282088,-1.0,0.0,70.91139082280509,
263,82.2539,-0.464504,-0.0190439,0.502666,52.9413,62.9404,0.0,-1.0,0.0,0.0,4,81.45581475222697,-0.20673119448699998,-0.8206011056900024,-57.83190990910036,-1.0,0.0,71.32811673966792,
264,82.086,-0.491904,-0.00535128,0.503242,53.4434,63.4424,0.0,-0.3188866078853607,0.0,0.0,4,81.86519315054389,-0.20654561406,-0.6811133921146393,-57.51455315615297,-1.0,0.0,71.82713054542654,
265,82.179,-0.430806,0.0103095,0.502633,53.945,63.9441,0.0,-1.0,1.0,0.0,4,81.75102811240563,-0.206529386535,-0.6811133921146393,-57.39823003617523,-1.0,0.0,71.73043020280996,
266,82.4707,-0.182171,0.0282911,0.500772,54.4481,64.4471,0.0,-0.002811148762702942,0.9257584810256958,0.0,4,81.27126019474413,-0.206495086902,-0.9971888512372971,-57.41051644121495,-1.0,0.0,71.1540309862887,
267,82.8185,0.110293,0.0470775,0.497665,54.9528,64.9518,0.0,-1.0,1.0,0.0,4,80.77801804291802,-0.20607934401250003,-0.9971888512372971,-57.42450385917963,-1.0,0.0,70.65910646465738,
268,83.1581,0.480684,0.0670847,0.493223,55.4594,65.4584,0.0,0.9985595345497131,1.0,0.0,4,80.18382318587678,-0.2050774377815,-1.9985595345497131,-57.36437983403713,-1.0,0.0,69.7745209126248,
269,83.1924,0.693717,0.0866596,0.487423,55.9669,65.9659,0.0,-0.7241772413253784,0.0,0.0,4,79.28001279598796,-0.20274944592600003,-1.7227367758750916,-56.95350063283904,-1.0,0.0,69.01741722237358,
270,83.1966,0.90178,0.106065,0.480147,56.473,66.472,0.0,0.4065759479999542,1.0,0.0,4,78.32521088339168,-0.19973298950100002,-1.1307531893253326,-56.45899502124396,-1.0,0.0,68.31740268390648,
271,83.5947,1.64869,0.122685,0.471729,56.9803,66.9793,0.0,0.3670276403427124,1.0,0.0,4,77.85131764298866,-0.19717022118150002,-0.03954830765724182,-56.35787199085033,-1.0,0.0,68.18860213088244,
272,84.0991,2.29196,0.127885,0.463063,57.4902,67.4893,0.0,0.7055802345275879,1.0,0.0,4,78.04947342264336,-0.19471590771650002,-0.3385525941848755,-56.547638332785326,-1.0,0.0,68.27104598675359,
273,84.5096,2.30656,0.121616,0.454647,58.0034,68.0024,0.0,1.0,1.0,0.0,4,78.75920090261766,-0.19211018055600002,-0.2944197654724121,-56.85484561671177,-1.0,0.0,68.95053794991317,
274,84.8414,2.00671,0.107824,0.446865,58.519,68.518,0.0,1.0,1.0,0.0,4,79.78358206720605,-0.18956326105500002,-0.0,-57.23107149778908,-1.0,0.0,70.00935808148269,
275,85.115,1.54984,0.0897221,0.440023,59.037,69.036,0.0,1.0,1.0,0.0,4,80.95941218884866,-0.187262788225,-0.0,-57.639533124985846,-1.0,0.0,71.12621943187578,
276,85.3295,1.01709,0.0693618,0.434316,59.5568,69.5559,0.0,-0.6855948567390442,1.0,0.0,4,82.16738810922597,-0.18529983561,-1.6855948567390442,-58.04225462784856,-1.0,0.0,71.77007162241698,
277,85.5569,0.458287,0.0476371,0.429859,60.0783,70.0773,0.0,1.0,1.0,0.0,4,83.4227708621073,-0.1838870173855,-1.6855948567390442,-58.49494441656147,-1.0,0.0,72.95896372521587,
278,85.7771,-0.138005,0.0247761,0.426746,60.6015,70.6005,0.0,-1.0,1.0,0.0,4,84.68827169812782,-0.18302517158300002,-2.0,-58.97287645220814,-1.0,0.0,74.05931505871361,
279,86.0259,-0.846417,0.00172904,0.424988,61.1264,71.1254,0.0,-0.15382948517799377,1.0,0.0,4,85.95140033539452,-0.182799875946,-0.8461705148220062,-59.49639943930342,-1.0,0.0,75.5902893891064,
280,86.3259,-1.36869,-0.0199192,0.424525,61.6529,71.6519,0.0,1.0,0.9130469560623169,0.0,4,85.44906002824652,-0.1832375134875,-1.1538294851779938,-60.06634630996178,-1.0,0.0,74.90972172271135,
281,86.3851,-1.69393,-0.0411904,0.425548,62.1809,72.1799,0.0,0.6668287515640259,0.43270641565322876,0.0,4,84.53321239736498,-0.18380503267399997,-0.3331712484359741,-60.410102791145476,-1.0,0.0,74.18794057148837,
282,86.5089,-2.01037,-0.0616805,0.428114,62.7089,72.7079,0.0,-0.6502299308776855,0.9006137847900391,0.0,4,83.67812657381444,-0.18517835607299998,-1.3170586824417114,-60.8304140633253,-1.0,0.0,72.97326850351013,
283,86.8716,-2.78945,-0.0790501,0.431891,63.2384,73.2374,0.0,-1.0,0.9548946619033813,0.0,4,83.17028514970072,-0.18759531097800003,-0.34977006912231445,-61.47031814258186,-1.0,0.0,72.65721109659874,
284,87.3044,-3.33813,-0.0842201,0.436001,63.7705,73.7695,0.0,-1.0,1.0,0.0,4,83.32290874968295,-0.19032402852200003,-0.0,-62.050657307084165,-1.0,0.0,72.82498612509833,
285,87.2741,-3.02295,-0.0770024,0.439995,64.3041,74.3031,0.0,-0.90044105052948,1.0,0.3883247375488281,4,83.6586496634361,-0.19200083814750002,-0.09955894947052002,-62.03259132876563,-1.0,0.0,73.13189244113259,
286,86.0901,-2.25625,-0.0634681,0.443599,64.834,74.833,0.0,-0.8962928056716919,0.0,0.7501485347747803,4,83.18661039737134,-0.19094741134950005,-0.004148244857788086,-60.78159075903522,-1.0,0.0,72.87717989870923,
287,84.8717,-1.43706,-0.0483754,0.446704,65.3553,75.3543,0.0,-0.07621711492538452,0.0,0.0,4,82.72036122767904,-0.189562639384,-0.8200756907463074,-59.46307784137046,-1.0,0.0,72.36531420486558,
288,84.2814,-0.992253,-0.0324584,0.449078,65.8715,75.8705,0.0,-1.0,1.0,0.0,4,82.86942712658941,-0.18924461274600002,-0.9237828850746155,-58.740562112412995,-1.0,0.0,72.59196333145908,
289,84.043,-0.627597,-0.0132771,0.450319,66.3858,76.3848,0.0,0.3426803946495056,0.38311198353767395,0.0,4,83.47768523475432,-0.18923079858500003,-1.3426803946495056,-58.29610581837103,-1.0,0.0,73.14123444501881,
290,84.1029,-0.191105,0.00825906,0.450229,66.8992,76.8982,0.0,-0.9507819414138794,1.0,0.0,4,83.75273009951998,-0.1893278228205,-1.293462336063385,-58.076534906118766,-1.0,0.0,73.46388333996265,
291,84.3595,0.440628,0.0323119,0.448736,67.414,77.413,0.0,0.6544191241264343,1.0,0.0,4,82.95279497172783,-0.18927572296,-1.6052010655403137,-57.96932000819244,-1.0,0.0,72.58656092787686,
292,84.2708,1.25867,0.055291,0.445911,67.9292,77.9282,0.0,0.5301894545555115,0.7929955720901489,0.18714773654937744,4,81.81349934564882,-0.187886383494,-0.12422966957092285,-57.47909680666046,-1.0,0.0,71.96647954028447,
293,84.3463,1.52964,0.073167,0.441951,68.4437,78.4427,0.0,-0.7330309152603149,1.0,0.0,4,81.03770009508543,-0.1863846581565,-1.2632203698158264,-57.18427945660154,-1.0,0.0,70.89470740749395,
294,84.6512,1.69904,0.0901156,0.436608,68.9592,78.9582,0.0,1.0,1.0,0.0,4,80.4986773735785,-0.184796955648,-1.733030915260315,-57.085551812445985,-1.0,0.0,70.23113837148551,
295,85.1369,2.35355,0.100875,0.430399,69.4769,79.4759,0.0,1.0,1.0,0.0,4,80.41728713680466,-0.1832141831155,-0.0,-57.238512949849586,-1.0,0.0,70.64829601121173,
296,85.6126,2.54563,0.099691,0.42415,69.9977,79.9967,0.0,0.9937456846237183,1.0,0.0,4,80.92719264282687,-0.18156292145000003,-0.006254315376281738,-57.581899687663885,-1.0,0.0,71.1064684736144,
297,86.0294,2.2565,0.0892422,0.418261,70.5213,80.5203,0.0,0.4464351534843445,1.0,0.0,4,81.85341779606668,-0.179913714367,-0.5473105311393738,-58.033165967544846,-1.0,0.0,71.80433602722614,
298,86.4669,1.81926,0.0734864,0.413081,71.0478,81.0468,0.0,1.0,1.0,0.0,4,83.05932169155163,-0.1785891675945,-0.5535648465156555,-58.60595959950382,-1.0,0.0,72.92376913007688,
299,86.809,1.27022,0.0543437,0.408906,71.5769,81.5759,0.0,-0.5337080359458923,1.0,0.0,4,84.32324743528042,-0.17748360477,-1.5337080359458923,-59.151746340245566,-1.0,0.0,73.81288946868982,
300,87.093,0.407769,0.0357401,0.405734,72.1079,82.1069,0.0,0.1594703048467636,0.5658277273178101,0.0,4,85.48135664291334,-0.17668295631,-0.693178340792656,-59.64251803701801,-1.0,0.0,75.15034247881283,
301,87.4923,0.108105,0.020203,0.403385,72.6412,82.6402,0.0,1.0,1.0,0.0,4,86.59070177854994,-0.1764654071775,-0.8405296951532364,-60.2126812343354,-1.0,0.0,76.13017527767616,
302,87.8439,-0.124394,0.00267768,0.402263,73.1771,83.1761,0.0,1.0,1.0,0.0,4,87.72597629458235,-0.1766817537285,-0.0,-60.782370109766525,-1.0,0.0,77.43193902438887,
303,88.017,-0.40311,-0.0162454,0.402507,73.7146,83.7136,0.0,0.8753566145896912,0.7781873941421509,0.0,4,87.29048159973019,-0.177137293095,-0.12464338541030884,-61.212373533660276,-1.0,0.0,76.89409526096304,
304,87.8909,-0.650999,-0.0357853,0.404202,74.2522,84.2512,0.0,0.14936235547065735,0.030107200145721436,0.0,4,86.26236451160136,-0.177628387809,-0.7259942591190338,-61.371442991984175,-1.0,0.0,75.66122139725903,
305,88.1154,-1.23876,-0.0554848,0.407293,74.7895,84.7885,0.0,-0.8322699069976807,1.0,0.0,4,85.53652179520437,-0.179443928061,-0.981632262468338,-61.901538018216385,-1.0,0.0,74.7773574856704,
306,88.2786,-1.49249,-0.0728261,0.41151,75.3284,85.3274,0.0,1.0,0.0,0.0,4,84.83295204260862,-0.18163763342999997,-1.8322699069976807,-62.3565445259447,-1.0,0.0,73.74815175818762,
307,88.3657,-1.5536,-0.0902595,0.417222,75.867,85.8661,0.0,0.48579874634742737,0.5216150879859924,0.0,4,84.02348709091382,-0.184340570427,-0.5142012536525726,-62.75993814841667,-1.0,0.0,73.27089542212855,
308,88.6433,-1.82893,-0.107478,0.424379,76.4062,86.4052,0.0,-1.0,0.9219176173210144,0.0,4,83.37737375769949,-0.1880917750535,-1.4857987463474274,-63.37416625940651,-1.0,0.0,72.23741741983079,
309,89.0821,-2.084,-0.122091,0.432679,76.9472,86.9462,0.0,0.15784642100334167,1.0,0.0,4,82.99442472583902,-0.19271976972949997,-1.1578464210033417,-64.14079931218501,-1.0,0.0,71.83323113298079,
310,89.5349,-2.53924,-0.13162,0.441905,77.4904,87.4894,0.0,-0.25131407380104065,1.0,0.0,4,82.88518186459098,-0.1978295999225,-0.4091604948043823,-64.88826128393974,-1.0,0.0,71.8313649236362,
311,89.9674,-2.05811,-0.132633,0.451531,78.0362,88.0352,0.0,0.1336892545223236,0.7022826671600342,0.0,4,83.2283823630442,-0.203115350447,-0.38500332832336426,-65.54370003459755,-1.0,0.0,72.07821100891056,
312,90.3128,-1.7169,-0.132563,0.46192,78.5838,88.5828,0.0,-1.0,0.6622081995010376,0.0,4,83.5518791563318,-0.20858644287999997,-1.1336892545223236,-66.12087738107613,-1.0,0.0,72.08505432993368,
313,90.7057,-1.70078,-0.125151,0.472109,79.1337,89.1327,0.0,-1.0,0.9171181321144104,0.0,4,84.33512603802453,-0.2141148866065,-0.0,-66.67538914058746,-1.0,0.0,73.11970278032992,
314,91.1462,-1.40839,-0.111546,0.481558,79.6867,89.6857,0.0,-0.5360607504844666,1.0,0.0,4,85.50678229385878,-0.219460908898,-0.46393924951553345,-67.20401964816068,-1.0,0.0,74.067536662882,
315,91.1661,-1.03259,-0.094168,0.489977,80.2419,90.241,0.0,-1.0,0.0,0.0,4,86.4760623212713,-0.22334646089850002,-0.46393924951553345,-67.25078942288225,-1.0,0.0,75.0259156720858,
316,91.1707,-0.537143,-0.074275,0.497085,80.7971,90.7961,0.0,-0.4759148955345154,1.0,0.0,4,87.53659188044917,-0.22659793704749998,-0.5240851044654846,-67.22235558958198,-1.0,0.0,76.06941507362473,
317,90.8713,0.0367156,-0.0527987,0.502855,81.3528,91.3518,0.0,-1.0,0.0,0.2487136721611023,4,88.34683951765774,-0.22847543780750004,-0.5240851044654846,-66.8345481395676,-1.0,0.0,76.93595632757545,
318,90.4186,0.627753,-0.0305516,0.507164,81.9055,91.9045,0.0,-1.0,1.0,0.0,4,88.9954033211304,-0.22928529425199998,-0.0,-66.2400442118641,-1.0,0.0,77.83011139509878,
319,90.3935,1.29048,-0.00707464,0.510004,82.4577,92.4568,0.0,0.13481426239013672,0.8190404772758484,0.0,4,90.07148981994787,-0.23050523287000002,-1.1348142623901367,-66.01060435571691,-1.0,0.0,78.5989496550033,
320,90.4924,2.07389,0.0170183,0.511373,83.0104,93.0094,0.0,0.38522446155548096,1.0,0.0,4,89.70931976000847,-0.231376850326,-0.25041019916534424,-65.84549836916617,-1.0,0.0,78.52599509455794,
321,90.6359,2.68922,0.0402826,0.511314,83.5642,93.5632,0.0,-1.0,0.5258123874664307,0.0,4,88.73734187276155,-0.23171702286300006,-1.385224461555481,-65.68198728074894,-1.0,0.0,77.23775941931957,
322,90.6037,3.09633,0.0627036,0.50962,84.1182,94.1172,0.0,-0.8544132709503174,0.4005802869796753,0.0,4,87.58691515212732,-0.23086728797,-0.14558672904968262,-65.29391058957623,-1.0,0.0,76.51828525700599,
323,90.7435,3.49683,0.0843287,0.506283,84.6721,94.6712,0.0,0.07892586290836334,1.0,0.0,4,86.59943021009217,-0.2297094570525,-0.9333391338586807,-65.02744120398695,-1.0,0.0,75.33560283228402,
324,90.8045,3.93134,0.105053,0.501393,85.2269,95.2259,0.0,1.0,0.0,0.0,4,85.54302104737341,-0.2276437033425,-0.9210741370916367,-64.6353639806355,-1.0,0.0,74.3437505058081,
325,90.8557,4.03506,0.122568,0.495023,85.7808,95.7799,0.0,-0.4767833352088928,1.0,0.0,4,84.62002531634538,-0.2248783059055,-1.4767833352088928,-64.22813533478887,-1.0,0.0,73.31789170965887,
326,91.1108,4.10579,0.139254,0.487082,86.3355,96.3346,0.0,0.9163486957550049,0.7442227602005005,0.0,4,83.9055422271448,-0.221892153428,-1.3931320309638977,-63.98129724008934,-1.0,0.0,72.66851587841424,
327,91.4406,4.59077,0.14994,0.478028,86.8913,96.8903,0.0,1.0,0.7945509552955627,0.0,4,83.58499652790567,-0.21855583568400003,-0.08365130424499512,-63.87591824961515,-1.0,0.0,72.7599575635059,
328,91.8794,4.5114,0.147138,0.468748,87.4495,97.4485,0.0,0.8584313988685608,1.0,0.0,4,84.15150534805825,-0.21534142495600003,-0.1415686011314392,-64.12337146564371,-1.0,0.0,73.27518762291628,
329,92.3372,3.75179,0.132702,0.459696,88.0105,98.0095,0.0,1.0,1.0,0.0,4,85.41667182019933,-0.212235207456,-0.1415686011314392,-64.6127328274825,-1.0,0.0,74.47005610828153,
330,92.2978,2.70771,0.112024,0.45133,88.5732,98.5723,0.0,1.0,1.0,0.3623621463775635,4,86.5602872479246,-0.20828383037,-0.0,-64.72695452874177,-1.0,0.0,75.64296023824335,
331,92.093,1.66491,0.090243,0.443913,89.1348,99.1338,0.0,0.1476568579673767,1.0,0.0,4,87.56852447052275,-0.204406399545,-0.8523431420326233,-64.70456740519823,-1.0,0.0,76.40273001758823,
332,92.1532,0.600035,0.067832,0.437533,89.6964,99.6954,0.0,-0.18419134616851807,1.0,0.0,4,88.81820286125209,-0.201600330278,-0.3318482041358948,-64.96751847460874,-1.0,0.0,77.77192029854201,
333,92.5068,-0.200976,0.0458647,0.432217,90.2598,100.259,0.0,0.8486900329589844,1.0,0.0,4,90.28886511617482,-0.199915057878,-1.0328813791275024,-65.52712765210075,-1.0,0.0,78.95001649674344,
334,92.7384,-0.947144,0.023189,0.428259,90.8256,100.825,0.0,-0.9652378559112549,0.6986037492752075,0.0,4,91.63830800505629,-0.198580272228,-1.8139278888702393,-65.99182937870353,-1.0,0.0,79.99677495936169,
335,93.1536,-2.13922,0.00593254,0.425292,91.3933,101.392,0.0,-0.35466423630714417,1.0,0.0,4,92.87564362466105,-0.19808740425600002,-0.6105736196041107,-66.57491380222115,-1.0,0.0,81.50814706419064,
336,93.701,-2.19024,-0.00229838,0.422746,91.9644,101.963,0.0,0.9158161878585815,1.0,0.0,4,93.59307235258528,-0.19805861472999997,-1.2704804241657257,-67.1732635718763,-1.0,0.0,81.93788007482412,
337,94.2295,-1.87232,-0.00996602,0.421272,92.5388,102.538,0.0,0.10941789299249649,1.0,0.0,4,93.7552817603632,-0.19848124962,-0.806398294866085,-67.76834356268608,-1.0,0.0,82.14962948788046,
338,94.3411,-1.36267,-0.0177165,0.420911,93.1156,103.115,0.0,0.7603317499160767,0.0,0.0,4,93.49064142803827,-0.1985460337105,-0.6509138569235802,-67.971253584065,-1.0,0.0,81.90113319964095,
339,94.4426,-1.04179,-0.0269213,0.421848,93.6923,103.691,0.0,-1.0,0.5183852910995483,0.0,4,93.13727289742563,-0.199202109624,-1.7603317499160767,-68.20982050563455,-1.0,0.0,81.17849818698163,
340,94.8869,-1.51655,-0.0321032,0.42346,94.2706,104.27,0.0,-1.0,1.0,0.0,4,93.31518328858643,-0.20090403336999998,-0.0,-68.75463029375365,-1.0,0.0,81.80108471115338,
341,95.2904,-1.70619,-0.0273051,0.424738,94.852,104.851,0.0,-1.0,0.8381303548812866,0.0,4,93.95408414957407,-0.20236726957600001,-0.0,-69.1280331345958,-1.0,0.0,82.3825119098087,
342,95.6788,-1.42674,-0.0151712,0.425273,95.4356,105.435,0.0,-0.34376081824302673,1.0,0.0,4,94.94203597689427,-0.203448051562,-0.6562391817569733,-69.3760974772553,-1.0,0.0,83.13530154921688,
343,96.0999,-0.962924,0.00105771,0.424864,96.0218,106.021,0.0,-0.7030947804450989,1.0,0.0,4,96.04902334096398,-0.204146939568,-0.35933396220207214,-69.57647940611733,-1.0,0.0,84.30060430181776,
344,96.4851,-0.370766,0.0203243,0.423257,96.6102,106.609,0.0,-0.9645386338233948,1.0,0.0,4,95.484744232983,-0.2041899698535,-0.2614438533782959,-69.66194582305802,-1.0,0.0,83.75282923365731,
345,96.8357,0.359843,0.0417686,0.420331,97.2007,107.2,0.0,0.2677704691886902,1.0,0.0,4,94.72948390215144,-0.2035152330835,-1.232309103012085,-69.63601176649263,-1.0,0.0,82.71087417319043,
346,96.8693,1.0429,0.0634367,0.41599,97.7923,107.791,0.0,-0.3445773720741272,0.2933732271194458,0.0,4,93.60397989465481,-0.20148330053500002,-0.6123478412628174,-69.23725773020024,-1.0,0.0,81.83320358221093,
347,96.9897,1.99029,0.0820512,0.410356,98.3834,108.382,0.0,0.942138671875,1.0,0.0,4,92.68879906063306,-0.199001526666,-1.2867160439491272,-68.92401133928831,-1.0,0.0,80.76518101988907,
348,97.1394,2.77701,0.0889619,0.404365,98.9762,108.975,0.0,0.6038844585418701,0.15670692920684814,0.0,4,92.44010648571002,-0.19639886740499998,-0.3382542133331299,-68.81551043659434,-1.0,0.0,80.81990478881593,
349,97.0785,2.70495,0.0825811,0.398599,99.5688,109.568,0.0,0.9843372106552124,0.40030306577682495,0.0,4,92.74379774895364,-0.1934769651075,-0.3804527521133423,-68.72554459849027,-1.0,0.0,81.1273532684386,
350,97.3503,2.17078,0.0672408,0.39355,100.162,110.161,0.0,1.0,1.0,0.0,4,93.85981649174126,-0.19156105282500002,-0.015662789344787598,-69.13125961943426,-1.0,0.0,82.29386765919769,
351,97.6975,1.32445,0.0465274,0.389533,100.758,110.757,0.0,0.4623459279537201,1.0,0.0,4,95.31978596101816,-0.1902820013375,-0.5376540720462799,-69.7119408667613,-1.0,0.0,83.51141660805258,
352,98.0143,0.270788,0.0238826,0.386712,101.356,111.355,0.0,-1.0,1.0,0.0,4,96.81604179965657,-0.18951652990800003,-1.46234592795372,-70.3028987362602,-1.0,0.0,84.64238668092342,
353,98.4049,-0.599491,0.00199753,0.385074,101.956,111.955,0.0,1.0,1.0,0.0,4,98.3064203714973,-0.189465842313,-2.0,-70.966381089534,-1.0,0.0,85.8719973657542,
354,98.7639,-1.41494,-0.0201137,0.38484,102.558,112.558,0.0,-0.5889244079589844,1.0,0.0,4,97.75073590888644,-0.19004149638,-1.5889244079589844,-71.61654211750985,-1.0,0.0,85.34153577249225,
355,99.2141,-2.61904,-0.0375877,0.385667,103.164,113.163,0.0,-1.0,1.0,0.0,4,97.27984578666253,-0.1913180215235,-0.4110755920410156,-72.3078092857451,-1.0,0.0,85.11903369466496,
356,99.3691,-3.14236,-0.0416709,0.386727,103.771,113.77,0.0,-0.44049733877182007,0.2855612337589264,0.0,4,97.21303628516063,-0.19214356967850002,-0.5595026612281799,-72.53671359848886,-1.0,0.0,84.97253487734034,
357,99.7265,-2.54219,-0.0345647,0.387689,104.379,114.378,0.0,1.0,1.0,0.0,4,97.94376827100594,-0.19331433529250003,-1.44049733877182,-72.82673940626981,-1.0,0.0,85.39429382314142,
358,99.9673,-1.95887,-0.0249759,0.38861,104.99,114.989,0.0,-1.0,0.21664489805698395,0.0,4,98.68786518238613,-0.194241462265,-2.0,-72.96610002666549,-1.0,0.0,85.94870871612132,
359,100.343,-1.15634,-0.0115098,0.38889,105.602,115.601,0.0,0.8567746877670288,1.0,0.0,4,99.75890239821058,-0.19511194635,-1.8567746877670288,-73.1721273603515,-1.0,0.0,87.03093894147776,
360,100.541,0.0436,-0.00426191,0.38918,106.216,116.215,0.0,0.25837358832359314,0.0,0.0,5,100.32583919615222,-0.1956427319,-0.5984010994434357,-73.27951948261062,-1.0,0.0,87.9587482120276,
361,100.356,0.644735,-0.00662959,0.390078,106.83,116.829,0.0,0.984539806842804,0.9189121723175049,0.0,5,100.02113748132572,-0.19573333884,-0.7261662185192108,-73.14643991535328,-1.0,0.0,87.63558828962697,
362,100.148,0.750864,-0.0166428,0.391918,107.442,117.441,0.0,0.5372941493988037,0.08885455131530762,0.0,5,99.30079758768042,-0.19624901931999997,-0.44724565744400024,-73.11207723046982,-1.0,0.0,87.00356328655674,
363,100.113,0.384789,-0.0311507,0.394888,108.054,118.053,0.0,-0.40870150923728943,0.2554129362106323,0.0,5,98.50538795086119,-0.19766711172,-0.9459956586360931,-73.32906451620673,-1.0,0.0,86.02456246411936,
364,100.423,-0.694162,-0.0408307,0.39841,108.666,118.665,0.0,-0.332954078912735,1.0,0.0,5,98.28970063969015,-0.20004763714999999,-0.07574743032455444,-73.83713608701045,-1.0,0.0,85.99135836039122,
365,100.869,-1.23733,-0.0393175,0.40154,109.281,119.28,0.0,-0.5784435868263245,1.0,0.0,5,98.80859747879941,-0.20251469130000002,-0.24548950791358948,-74.33385500322261,-1.0,0.0,86.38235768464195,
366,100.875,-1.12305,-0.0296896,0.403933,109.898,119.897,0.0,0.048926204442977905,0.0,0.0,5,99.3332947907307,-0.203733706875,-0.6273697912693024,-74.27373085734442,-1.0,0.0,86.80029051787325,
367,100.681,-0.821468,-0.0160517,0.405415,110.514,120.513,0.0,-0.5984408855438232,0.0,0.0,5,99.8600137883119,-0.204087938075,-0.6473670899868011,-73.9391676020509,-1.0,0.0,87.37084058293323,
368,100.667,-0.397939,0.00135404,0.405651,111.129,121.128,0.0,-1.0,1.0,0.0,5,100.59875416583674,-0.204178346085,-0.40155911445617676,-73.70019373748534,-1.0,0.0,88.21907902479208,
369,100.883,0.23956,0.0214891,0.404526,111.744,121.743,0.0,1.0,1.0,0.0,5,99.77584893340678,-0.20404898228999999,-2.0,-73.61122118012835,-1.0,0.0,86.93011677409753,
370,101.091,1.05177,0.0425801,0.401999,112.361,122.36,0.0,1.0,1.0,0.0,5,98.84778942525186,-0.20319240454499998,-0.0,-73.45234011931836,-1.0,0.0,86.6267460028091,
371,101.418,1.70762,0.0626284,0.398133,112.98,122.979,0.0,-1.0,1.0,0.0,5,98.04542041090068,-0.20188926297,-2.0,-73.37956923078613,-1.0,0.0,85.23659576331276,
372,101.685,2.27167,0.0832311,0.392743,113.6,123.599,0.0,-0.8601416349411011,1.0,0.0,5,97.10620299946905,-0.199680359775,-0.13985836505889893,-73.18339583462011,-1.0,0.0,84.88705575498335,
373,101.843,2.79202,0.103741,0.385755,114.221,124.22,0.0,1.0,0.8875830173492432,0.0,5,96.0222872559376,-0.19643223232499998,-1.860141634941101,-72.82085672973136,-1.0,0.0,83.34468402367057,
374,101.985,3.22813,0.123581,0.377145,114.842,124.841,0.0,-0.7319692373275757,1.0,0.0,5,94.92154355666972,-0.19231566412499998,-1.7319692373275757,-72.39320924648189,-1.0,0.0,82.35065573437416,
375,102.148,3.63831,0.143049,0.366898,115.463,125.462,0.0,1.0,1.0,0.0,5,93.82346020498152,-0.18738948451999998,-1.7319692373275757,-71.93096109808242,-1.0,0.0,81.3268357845509,
376,102.137,4.14722,0.160774,0.355107,116.084,126.083,0.0,1.0,0.18362343311309814,0.0,5,92.64464654760316,-0.18134781829500002,-0.0,-71.26962693392909,-1.0,0.0,80.7728546892188,
377,102.037,4.72253,0.168018,0.342547,116.703,126.702,0.0,0.6349132061004639,0.1818293333053589,0.0,5,92.06837852815343,-0.174762341195,-0.36508679389953613,-70.71228771081849,-1.0,0.0,80.17724699216579,
378,102.203,4.32763,0.160376,0.330002,117.323,127.322,0.0,1.0,1.0,0.0,5,92.7310930721548,-0.16863597203,-0.36508679389953613,-70.74921676173119,-1.0,0.0,80.84054854769526,
379,102.564,3.29666,0.142044,0.317964,117.945,127.944,0.0,0.9694903492927551,1.0,0.0,5,94.2712175380252,-0.16305829848,-0.030509650707244873,-71.22193880422029,-1.0,0.0,82.41571552369999,
380,102.833,2.00222,0.118182,0.306875,118.57,128.569,0.0,0.10205197334289551,1.0,0.0,5,96.05333236442173,-0.157784384375,-0.8674383759498596,-71.72391708198391,-1.0,0.0,83.87672890496418,
381,102.784,0.777035,0.0923195,0.297066,119.196,129.195,0.0,1.0,0.0,0.0,5,97.60855547290164,-0.15266815872,-0.8979480266571045,-71.95249922562965,-1.0,0.0,85.39362802234005,
382,102.294,-0.519376,0.0661736,0.288772,119.821,129.82,0.0,1.0,1.0,0.6855891942977905,5,98.68800028956606,-0.14769821483999998,-0.0,-71.75295090210554,-1.0,0.0,86.77735943941022,
383,101.661,-1.66446,0.0431726,0.281823,120.442,130.441,0.0,-0.5327389240264893,1.0,0.0,5,99.37246989738489,-0.143252040015,-1.5327389240264893,-71.36246142138205,-1.0,0.0,87.06502696695463,
384,101.239,-2.39283,0.0214767,0.27625,121.061,131.06,0.0,1.0,0.22117429971694946,0.0,5,100.12859647780034,-0.13983636875000002,-1.5327389240264893,-71.17312033550324,-1.0,0.0,87.85297038151693,
385,100.43,-3.1515,0.00023216,0.27222,121.677,131.676,0.0,-0.6400028467178345,1.0,0.7383527755737305,5,100.41833937920335,-0.13669527300000003,-1.6400028467178345,-70.60607671683687,-1.0,0.0,88.19873174466247,
386,99.4935,-3.64784,-0.0173507,0.269489,122.288,132.287,0.0,1.0,0.5720890164375305,0.0,5,98.61542664803815,-0.13406201910749999,-1.6400028467178345,-69.87077628998306,-1.0,0.0,86.50874733141785,
387,98.8773,-3.79823,-0.0339023,0.268191,122.894,132.893,0.0,-0.2388519048690796,1.0,0.0,4,97.14471945160024,-0.13259000982150002,-1.2388519048690796,-69.4605047972591,-1.0,0.0,85.22139815072916,
388,98.0117,-3.97811,-0.0504087,0.268396,123.496,133.495,0.0,-0.19519472122192383,1.0,0.2181413769721985,4,95.41792555911275,-0.13152974116600002,-0.04365718364715576,-68.82127143171755,-1.0,0.0,83.95010794809497,
389,97.3102,-3.99372,-0.0665809,0.27004,124.093,134.092,0.0,1.0,0.11391669511795044,0.0,4,93.8574834004463,-0.13138823204,-1.1951947212219238,-68.36153370947808,-1.0,0.0,82.11330669561801,
390,97.1172,-4.0397,-0.0843829,0.273344,124.687,134.686,0.0,0.7157697677612305,0.39023131132125854,0.0,4,92.67899036610619,-0.132732019584,-0.28423023223876953,-68.45422597426429,-1.0,0.0,81.19285538071092,
391,97.1592,-4.24553,-0.103105,0.278321,125.28,135.279,0.0,-1.0,1.0,0.0,4,91.6432951343545,-0.135207228516,-1.7157697677612305,-68.81513395435297,-1.0,0.0,79.67108688235719,
392,97.19,-4.44581,-0.121842,0.284927,125.874,135.873,0.0,0.37814176082611084,0.31305041909217834,0.0,4,90.56320320913527,-0.13846027565,-1.3781417608261108,-69.18587173290338,-1.0,0.0,78.63341964530193,
393,97.3035,-4.63532,-0.138906,0.293166,126.466,136.465,0.0,0.11249437928199768,0.6269162893295288,0.0,4,89.62997047967858,-0.142630389405,-0.26564738154411316,-69.64307050224997,-1.0,0.0,77.96118530047285,
394,97.6903,-5.09164,-0.149891,0.302601,127.06,137.059,0.0,-1.0,0.8780588507652283,0.0,4,89.30087029874737,-0.1478059123515,-1.1124943792819977,-70.32745804233778,-1.0,0.0,77.2701973662606,
395,97.3618,-4.32996,-0.150715,0.312676,127.654,137.653,0.0,0.21600261330604553,0.0,0.3124430179595947,4,88.94890746901743,-0.15221349088400002,-1.2160026133060455,-70.20555872842488,-1.0,0.0,76.9010593848779,
396,97.1543,-3.5107,-0.148756,0.323667,128.245,138.244,0.0,-1.0,1.0,0.0,4,88.88182712263722,-0.1572282040905,-1.2160026133060455,-70.19659980135546,-1.0,0.0,76.83030816435159,
397,97.5213,-3.07645,-0.138581,0.334656,128.836,138.835,0.0,-0.9272198677062988,0.7028865814208984,0.0,4,89.85067260755616,-0.163180440864,-0.07278013229370117,-70.6816427741709,-1.0,0.0,78.06341171087841,
398,97.1933,-2.18429,-0.121251,0.344957,129.429,139.428,0.0,0.4479406774044037,0.003367602825164795,0.16452056169509888,4,90.6017515335107,-0.16763754594049998,-1.3751605451107025,-70.38418811616468,-1.0,0.0,78.46393760661228,
399,97.1182,-1.34801,-0.101706,0.354344,130.019,140.018,0.0,-1.0,1.0,0.0,4,91.6860904172659,-0.172066257304,-1.4479406774044037,-70.29330111855033,-1.0,0.0,79.53564678895803,
400,97.4543,-0.451238,-0.0786056,0.362512,130.612,140.611,0.0,-1.0,1.0,0.0,4,93.32709402608374,-0.17664176600800002,-0.0,-70.54156100895712,-1.0,0.0,81.56921810873217,
401,97.7301,0.576996,-0.0532934,0.369292,131.207,141.206,0.0,0.5624260306358337,1.0,0.0,4,94.98839488813039,-0.180454720446,-1.5624260306358337,-70.66234501366986,-1.0,0.0,82.73986060644316,
402,98.0158,1.70863,-0.0276432,0.374632,131.805,141.804,0.0,-0.09574627876281738,1.0,0.0,4,96.62379051725395,-0.18359927592800002,-0.6581723093986511,-70.74219957761352,-1.0,0.0,84.63140961186433,
403,98.2683,3.08883,-0.00775088,0.378905,132.404,142.403,0.0,0.12581509351730347,0.49271160364151,0.0,4,97.88451913726378,-0.1861717510575,-0.22156137228012085,-70.82581906259202,-1.0,0.0,86.00800611513344,
404,98.6764,3.24515,0.000922993,0.382573,133.006,143.005,0.0,-0.009703278541564941,1.0,0.0,4,98.63081916123042,-0.188754631886,-0.1355183720588684,-71.19697642525958,-1.0,0.0,86.72186255393783,
405,99.2085,2.67332,0.00741257,0.385208,133.611,143.61,0.0,-0.5338351726531982,1.0,0.0,4,98.83808283954411,-0.19107953934,-0.5241318941116333,-71.69791440099829,-1.0,0.0,86.73507657182088,
406,99.6973,2.17052,0.0156324,0.386515,134.219,144.218,0.0,-0.49291902780532837,1.0,0.0,4,98.90589633859284,-0.1926725095475,-0.04091614484786987,-72.10014362475003,-1.0,0.0,86.88592744187847,
407,100.15,1.94805,0.0256805,0.386526,134.83,144.829,0.0,-0.0897800624370575,1.0,0.0,4,98.83116825198154,-0.1935528945,-0.4031389653682709,-72.40821635150328,-1.0,0.0,86.65544121514557,
408,100.313,2.27095,0.0316579,0.385683,135.443,145.442,0.0,0.6812725067138672,1.0,0.0,5,98.67515197384336,-0.193445093895,-0.7710525691509247,-72.46413072313348,-1.0,0.0,86.38077150073306,
409,100.14,2.28293,0.0263203,0.384967,136.055,146.054,0.0,0.6601451635360718,0.49333655834198,0.0,5,98.78761033286696,-0.1927529769,-0.02112734317779541,-72.35361196556846,-1.0,0.0,86.73547735817836,
410,99.9604,1.82842,0.0121574,0.384993,136.667,146.666,0.0,0.4169958531856537,1.0,0.0,5,99.34539858332019,-0.19242027138599999,-0.2431493103504181,-72.3783536654729,-1.0,0.0,87.22328046900813,
411,99.9737,0.774439,-0.00490777,0.385914,137.278,147.277,0.0,0.11824110150337219,1.0,0.0,4,99.7271730308265,-0.192906252309,-0.2987547516822815,-72.6481690810956,-1.0,0.0,87.54741499084848,
412,99.8743,-0.470796,-0.0146266,0.387026,137.888,147.887,0.0,-1.0,1.0,0.0,4,99.13323209028312,-0.193269754159,-1.1182411015033722,-72.7033213646987,-1.0,0.0,86.6989918009683,
413,99.0891,-0.619941,-0.0154817,0.387874,138.496,148.495,0.0,0.11095897853374481,1.0,0.354922890663147,4,98.31022202980965,-0.192170427867,-1.1109589785337448,-71.94818770877441,-1.0,0.0,85.99253575206637,
414,98.9129,-0.764108,-0.0149842,0.388826,139.1,149.099,0.0,-0.20921030640602112,1.0,0.0,4,98.16075832956166,-0.192299536277,-0.32016928493976593,-71.78655560935273,-1.0,0.0,86.10442466639981,
415,99.4546,-0.287474,-0.0111502,0.389508,139.707,149.706,0.0,0.34886953234672546,1.0,0.0,4,98.89395976872994,-0.19369181168400001,-0.5580798387527466,-72.29271199492936,-1.0,0.0,86.68893720618071,
416,99.9821,0.292301,-0.0141861,0.390789,140.316,150.315,0.0,0.43741029500961304,1.0,0.0,4,99.26288545003275,-0.19535952438450002,-0.08854076266288757,-72.88884770353327,-1.0,0.0,87.1076365413194,
417,100.472,0.370665,-0.0234137,0.393005,140.929,150.928,0.0,0.4221612513065338,1.0,0.0,4,99.26835864573451,-0.1974299918,-0.015249043703079224,-73.54797355520537,-1.0,0.0,87.03415790754276,
418,100.64,0.00712073,-0.035275,0.396194,141.543,151.542,0.0,-1.0,1.0,0.0,5,98.80272212498838,-0.19936482079999998,-1.4221612513065338,-73.93656201909575,-1.0,0.0,86.08622462593206,
419,100.539,-0.562487,-0.0420869,0.399809,142.158,152.157,0.0,-0.0033828020095825195,0.9978386759757996,0.0,5,98.33490753171229,-0.20098198525500002,-0.9966171979904175,-73.99940542886912,-1.0,0.0,85.7350295727298,
420,100.443,-0.961979,-0.0425483,0.403077,142.716,152.715,0.0,-0.23483365774154663,1.0,0.0,5,98.21590006344174,-0.202431315555,-0.2314508557319641,-73.98138100191147,-1.0,0.0,85.84682634088043,
421,100.433,-0.594245,-0.0388066,0.406061,143.273,153.272,0.0,0.26331210136413574,0.26587677001953125,0.0,5,98.40914329154742,-0.20390962206500005,-0.4981457591056824,-73.99201363413233,-1.0,0.0,85.95698789663086,
422,100.707,-0.538424,-0.0369196,0.409186,143.832,153.831,0.0,-1.0,1.0,0.0,5,98.77976433204789,-0.20603947251,-1.2633121013641357,-74.31261877974784,-1.0,0.0,86.04783841216647,
423,101.036,-0.61601,-0.0308074,0.411845,144.392,154.391,0.0,-0.2065575271844864,0.7447920441627502,0.0,5,99.4319753048554,-0.2080558571,-0.7934424728155136,-74.62574744535752,-1.0,0.0,86.79202458910711,
424,101.356,-0.569296,-0.0211226,0.413799,144.954,154.953,0.0,-0.970752477645874,1.0,0.0,5,100.26301860469984,-0.20970505722,-0.7641949504613876,-74.86816430132502,-1.0,0.0,87.59383041714267,
425,101.632,-0.337351,-0.00803895,0.414827,145.518,155.517,0.0,-0.4987792372703552,0.7681658864021301,0.0,5,101.22021316479153,-0.21079848832000003,-0.4719732403755188,-74.99870354612483,-1.0,0.0,88.61801717244016,
426,101.767,-0.0193882,0.00700566,0.414803,146.083,156.082,0.0,-0.7575433850288391,0.5688049793243408,0.0,5,101.40803310035992,-0.211066284505,-0.2587641477584839,-74.93225237681561,-1.0,0.0,88.87949971500504,
427,101.93,0.382614,0.0234143,0.413634,146.649,156.648,0.0,-1.0,1.0,0.0,5,100.70885999492859,-0.2108085681,-0.2424566149711609,-74.84030897186165,-1.0,0.0,88.19926809655799,
428,102.127,0.8918,0.0411549,0.411281,147.216,157.215,0.0,0.33660829067230225,1.0,0.0,5,99.9396045842229,-0.210014473435,-1.3366082906723022,-74.72492708571119,-1.0,0.0,87.11986856072954,
429,102.072,1.39394,0.0593388,0.407705,147.783,157.782,0.0,0.061318397521972656,0.0,0.0,5,98.86571212334631,-0.20807632380000002,-0.2752898931503296,-74.3090722005045,-1.0,0.0,86.42868800152553,
430,102.036,2.07874,0.075712,0.403001,148.349,158.348,0.0,-0.11524343490600586,1.0,0.0,5,97.88470330518443,-0.20560305018,-0.17656183242797852,-73.90049076344982,-1.0,0.0,85.54105809075857,
431,102.367,2.29846,0.0897655,0.397306,148.916,158.915,0.0,-1.0,1.0,0.0,5,97.36650351392139,-0.20335511651000002,-0.8847565650939941,-73.86206148050834,-1.0,0.0,84.81841220580695,
432,102.467,2.48306,0.10421,0.390381,149.483,159.482,0.0,0.8141810297966003,0.07375991344451904,0.0,5,96.5817367973523,-0.20000584963499998,-1.8141810297966003,-73.54600416652289,-1.0,0.0,83.8055760137999,
433,102.493,2.50845,0.117277,0.382277,150.051,160.05,0.0,-1.0,1.0,0.0,5,95.79270016844143,-0.19590358280499998,-1.8141810297966003,-73.14160344038123,-1.0,0.0,83.08130176064027,
434,102.804,2.63104,0.130643,0.372926,150.618,160.617,0.0,0.9390550255775452,1.0,0.0,5,95.23171323394016,-0.19169142252000002,-1.9390550255775452,-72.97628671185134,-1.0,0.0,82.5118622969692,
435,103.157,3.24491,0.139778,0.362753,151.188,161.187,0.0,0.526549220085144,0.8835935592651367,0.0,5,94.96481869521895,-0.18710255610499998,-0.4125058054924011,-72.90719206672544,-1.0,0.0,82.7178855874574,
436,103.529,3.34259,0.13793,0.352496,151.759,161.758,0.0,1.0,1.0,0.0,5,95.42849698276757,-0.18246779191999998,-0.47345077991485596,-73.07400238056158,-1.0,0.0,83.14289359978888,
437,103.906,2.83982,0.126921,0.342547,152.332,162.331,0.0,1.0,1.0,0.0,5,96.49397766111679,-0.17796344291000002,-0.0,-73.43795510046633,-1.0,0.0,84.30032095313683,
438,104.175,2.03734,0.110386,0.333251,152.908,162.907,0.0,-0.444354772567749,1.0,0.0,5,97.80289335915195,-0.173582114625,-1.444354772567749,-73.81300797049047,-1.0,0.0,85.12405361718305,
439,104.432,1.13709,0.0911304,0.324854,153.485,163.484,0.0,0.9468774199485779,1.0,0.0,5,99.2467778171254,-0.16962576464,-1.391232192516327,-74.2376535093074,-1.0,0.0,86.52413436833439,
440,104.667,0.192646,0.0701623,0.317518,154.064,164.063,0.0,0.7710307836532593,1.0,0.0,5,100.74065413864363,-0.16616828253000002,-0.1758466362953186,-74.68101927566818,-1.0,0.0,88.31957897387483,
441,104.743,-0.704228,0.0485922,0.311374,154.645,164.644,0.0,1.0,0.6945443749427795,0.0,5,102.07551960702405,-0.16307123440999996,-0.22896921634674072,-74.9860969353328,-1.0,0.0,89.59584306741012,
442,104.709,-1.54592,0.0270356,0.306524,155.226,165.225,0.0,1.0,1.0,0.08709454536437988,5,103.25547229035813,-0.16047910758000003,-0.0,-75.19265876332231,-1.0,0.0,90.81609436827978,
443,104.691,-2.37192,0.00549604,0.302988,155.807,165.806,0.0,1.0,1.0,0.0,5,104.40172731849619,-0.15860058353999998,-0.0,-75.42696336798356,-1.0,0.0,91.92908222975866,
444,104.64,-3.1917,-0.016106,0.30078,156.389,166.388,0.0,0.4574887156486511,1.0,0.1088871955871582,5,103.78379882731308,-0.15736809599999999,-0.5425112843513489,-75.6412358884038,-1.0,0.0,91.1174919627471,
445,104.449,-3.92685,-0.0370136,0.299916,156.97,166.969,0.0,0.4834471344947815,0.5243619680404663,0.0,5,102.44488485000309,-0.15662963142,-0.02595841884613037,-75.71855900094813,-1.0,0.0,89.92268384278702,
446,103.859,-4.63159,-0.0561942,0.300368,157.55,167.549,0.0,0.03531217575073242,0.703792929649353,0.4397162199020386,5,100.77845964760495,-0.15597960056,-0.4481349587440491,-75.38765019005947,-1.0,0.0,88.17989203091281,
447,102.811,-5.32445,-0.0693688,0.301722,158.124,168.123,0.0,-0.2739500403404236,0.4046802520751953,0.3695491552352905,5,99.00065571240833,-0.15510170271,-0.309262216091156,-74.53193636627974,-1.0,0.0,86.57298488992902,
448,102.057,-5.04362,-0.0754203,0.303678,158.693,168.692,0.0,0.47031068801879883,0.4012575149536133,0.0,5,97.9219389290475,-0.15496232823,-0.7442607283592224,-73.89136135998334,-1.0,0.0,85.45999417831223,
449,102.134,-4.71792,-0.0802314,0.306629,159.26,169.26,0.0,-0.6930279731750488,1.0,0.0,5,97.71267137991185,-0.15658623142999997,-1.1633386611938477,-74.08588990323946,-1.0,0.0,85.09420006463777,
450,102.59,-3.94336,-0.0805653,0.310182,159.829,169.828,0.0,1.0,1.0,0.0,5,98.12910823430694,-0.1591078569,-1.6930279731750488,-74.61779665453578,-1.0,0.0,85.26942248727407,
451,103.024,-3.33209,-0.0812103,0.314655,160.4,170.399,0.0,-1.0,1.0,0.0,5,98.50575095719496,-0.1620850836,-2.0,-75.15029626332375,-1.0,0.0,85.4711214340964,
452,103.479,-2.43772,-0.0783085,0.319587,160.973,170.972,0.0,0.42343205213546753,1.0,0.0,5,99.11438106736203,-0.16535271586500003,-1.4234320521354675,-75.67139816165371,-1.0,0.0,86.17128901160834,
453,103.65,-1.43273,-0.0783512,0.325344,161.548,171.547,0.0,1.0,0.2529461979866028,0.0,5,99.27561603005353,-0.168609528,-0.5765679478645325,-75.96082233073724,-1.0,0.0,86.53991276808358,
454,103.876,-0.821621,-0.0819188,0.33201,162.123,172.122,0.0,0.26820051670074463,1.0,0.0,5,99.277713491401,-0.17243935380000003,-0.7317994832992554,-76.36575463577252,-1.0,0.0,86.43087109724534,
455,104.276,-0.833372,-0.0871055,0.339445,162.7,172.699,0.0,-0.9344415664672852,1.0,0.0,5,99.34489413757734,-0.17697983409999998,-1.2026420831680298,-76.97907270039354,-1.0,0.0,86.2602607734679,
456,104.518,-1.21162,-0.0866049,0.346914,163.278,173.277,0.0,-0.3515093922615051,0.4242563247680664,0.0,5,99.60605114572208,-0.18129378726,-0.58293217420578,-77.37013820574445,-1.0,0.0,86.64435697533867,
457,104.755,-1.22266,-0.0791376,0.353865,163.858,173.857,0.0,-1.0,1.0,0.0,5,100.28643901838358,-0.18534564037499998,-0.6484906077384949,-77.66650502519565,-1.0,0.0,87.25657044190768,
458,105.09,-0.884816,-0.066677,0.360047,164.44,174.439,0.0,-0.25117895007133484,1.0,0.0,5,101.35553327994297,-0.18918669615,-0.7488210499286652,-77.98590732011124,-1.0,0.0,88.24381417079769,
459,105.434,-0.0096788,-0.0531461,0.36549,165.024,175.023,0.0,0.4682633578777313,1.0,0.0,5,102.48475122411637,-0.1926753633,-0.7194423079490662,-78.2830088578704,-1.0,0.0,89.33379183975109,
460,105.844,0.347466,-0.0431263,0.370505,165.61,175.609,0.0,-0.28095391392707825,1.0,0.0,5,103.46396416551163,-0.1960786561,-0.7492172718048096,-78.67718200451145,-1.0,0.0,90.24154302719347,
461,106.286,0.876177,-0.0331598,0.374789,166.199,176.198,0.0,0.7701035141944885,1.0,0.0,5,104.46568245887191,-0.19917411827,-1.0510574281215668,-79.0864970633653,-1.0,0.0,91.08821655266065,
462,106.764,1.50649,-0.0307458,0.379057,166.791,176.79,0.0,0.2707380950450897,1.0,0.0,5,105.07252802109073,-0.20234820773999998,-0.4993654191493988,-79.62680191324093,-1.0,0.0,91.77634990061978,
463,107.233,1.12873,-0.0344648,0.383568,167.385,177.384,0.0,-0.4110848903656006,1.0,0.0,5,105.32180327702103,-0.20565573672,-0.6818229854106903,-80.24161470765164,-1.0,0.0,91.87535843853007,
464,107.689,0.36062,-0.0343713,0.387669,167.981,177.98,0.0,-0.3614421486854553,1.0,0.0,5,105.77505402481772,-0.20873843470499998,-0.049642741680145264,-80.7863755927047,-1.0,0.0,92.43346642870299,
465,107.93,0.207134,-0.0296738,0.391089,168.58,178.579,0.0,0.10277469456195831,1.0,0.1159825325012207,5,106.28137382687896,-0.21105117885000005,-0.46421684324741364,-81.04343830089091,-1.0,0.0,92.7745418499211,
466,108.178,0.721435,-0.0282221,0.394398,169.18,179.179,0.0,0.18482078611850739,1.0,0.0,5,106.60861914318521,-0.21332593422,-0.08204609155654907,-81.34623077022314,-1.0,0.0,93.16874476596477,
467,108.581,0.370912,-0.0304863,0.397927,169.782,179.781,0.0,-0.32617342472076416,1.0,0.0,5,106.87568543017096,-0.216036557935,-0.5109942108392715,-81.85605434991496,-1.0,0.0,93.22794245649693,
468,108.912,0.18651,-0.0298327,0.401172,170.386,180.385,0.0,-0.01087421178817749,0.9451277852058411,0.07348048686981201,5,107.2392097526828,-0.21846222432,-0.31529921293258667,-82.25095425906929,-1.0,0.0,93.58851462562262,
469,109.274,-0.148919,-0.0271076,0.404115,170.992,180.991,0.0,-0.7432411909103394,1.0,0.0,5,107.75295743027836,-0.22079631255,-0.7323669791221619,-82.6443263256945,-1.0,0.0,93.91580207513753,
470,109.701,-0.0153731,-0.0203162,0.406415,171.6,181.599,0.0,1.0,1.0,0.0,5,108.56408427367032,-0.222920659575,-1.7432411909103394,-83.03652475671046,-1.0,0.0,94.36271254331565,
471,110.181,0.698953,-0.0177322,0.408668,172.211,182.21,0.0,0.5629072785377502,1.0,0.0,5,109.18685372587504,-0.22513724453999998,-0.43709272146224976,-83.53408197933577,-1.0,0.0,95.300476367996,
472,110.643,0.653995,-0.021502,0.411351,172.824,182.823,0.0,-0.21113801002502441,1.0,0.0,5,109.42799262893284,-0.22756554346500002,-0.7740452885627747,-84.10473479671288,-1.0,0.0,95.35250327939207,
473,111.121,0.561095,-0.0263327,0.414264,173.44,183.439,0.0,0.23283827304840088,1.0,0.0,5,109.61958705855939,-0.23016714972000002,-0.4439762830734253,-84.7093571128186,-1.0,0.0,95.54982345699457,
474,111.207,0.472758,-0.034973,0.417837,174.058,184.057,0.0,0.6722298860549927,1.0,0.3177419900894165,5,109.19477287896757,-0.23233199629499998,-0.4393916130065918,-84.98281269133398,-1.0,0.0,95.08320149507048,
475,111.118,0.227742,-0.0464464,0.422263,174.675,184.674,0.0,0.6299511194229126,0.9027948379516602,0.0,5,108.4185780612754,-0.23460510017000002,-0.04227876663208008,-85.13147426068656,-1.0,0.0,94.40156819201279,
476,111.178,-0.165472,-0.0605915,0.427697,175.291,185.29,0.0,0.5662673711776733,1.0,0.0,5,107.60781657807837,-0.23775248532999999,-0.06368374824523926,-85.47776498161933,-1.0,0.0,93.5292942210319,
477,111.324,-0.696832,-0.0771148,0.434268,175.908,185.907,0.0,1.0,1.0,0.0,5,106.70504817395408,-0.24172225415999998,-0.43373262882232666,-85.95493852741099,-1.0,0.0,92.43996535203574,
478,111.373,-1.32188,-0.0953192,0.442087,176.525,186.524,0.0,0.7426760196685791,0.6545931696891785,0.0,5,105.56747092089438,-0.24618277725500004,-0.2573239803314209,-86.37198562057932,-1.0,0.0,91.28829310645305,
479,111.387,-1.98325,-0.114129,0.451216,177.141,187.14,0.0,0.430682897567749,0.8854538202285767,0.0,5,104.31990172355447,-0.25129798296000005,-0.3119931221008301,-86.77947919842391,-1.0,0.0,89.95808392420064,
480,111.531,-2.79964,-0.132539,0.461623,177.757,187.756,0.0,-0.4513821601867676,1.0,0.0,5,103.18334051989405,-0.257426374065,-0.8820650577545166,-87.33217358217553,-1.0,0.0,88.56146859117636,
481,111.834,-3.87611,-0.144179,0.472782,178.375,188.374,0.0,-0.8182772397994995,0.6993919014930725,0.0,5,102.63947847800785,-0.26436551094,-0.36689507961273193,-87.99235240592631,-1.0,0.0,88.06619158229508,
482,112.223,-4.05052,-0.143326,0.484031,178.994,188.993,0.0,-1.0,1.0,0.0,5,103.05757948901238,-0.271597054565,-0.1817227602005005,-88.62955345228256,-1.0,0.0,88.43703258854485,
483,112.609,-3.36836,-0.132347,0.495039,179.615,189.614,0.0,-0.5380507707595825,1.0,0.0,5,104.19422739757589,-0.278729233755,-0.4619492292404175,-89.1714916000015,-1.0,0.0,89.40118965504854,
484,112.947,-2.32945,-0.115272,0.505479,180.239,190.238,0.0,-0.7385836839675903,1.0,0.0,5,105.70202515566353,-0.285461683065,-0.2005329132080078,-89.59831781020608,-1.0,0.0,90.91665592710523,
485,112.664,-1.1804,-0.095027,0.515005,180.864,190.863,0.0,-0.8424395322799683,0.0,0.3164691925048828,5,106.81068922443465,-0.29011261660000004,-0.10385584831237793,-89.35114689275463,-1.0,0.0,92.08674781942776,
486,111.941,-0.00264393,-0.0738216,0.523395,181.485,191.484,0.0,-0.010773861780762672,0.45982468128204346,0.0,5,107.50803999518915,-0.29294679847500005,-0.8316656704992056,-88.62292803853629,-1.0,0.0,92.67215428978395,
487,111.533,1.16087,-0.0528799,0.530618,182.104,192.103,0.0,1.0,0.0,0.0,5,108.42954457617019,-0.29590708697,-1.0107738617807627,-88.16705555086634,-1.0,0.0,93.605346998036,
488,111.521,2.69379,-0.0380825,0.537152,182.722,192.721,0.0,0.1525793969631195,1.0,0.0,5,109.31715561158856,-0.29951864095999997,-0.8474206030368805,-88.12675455373694,-1.0,0.0,94.54439760665696,
489,111.583,3.28268,-0.0364461,0.543784,183.341,193.34,0.0,0.4135500192642212,0.1104733943939209,0.03649425506591797,5,109.47596688297499,-0.30338525036,-0.2609706223011017,-88.28763393719686,-1.0,0.0,94.85114535534512,
490,111.758,2.59265,-0.0446392,0.550696,183.96,193.959,0.0,0.04561960697174072,1.0,0.0,5,109.15310521540506,-0.30772341783999996,-0.36793041229248047,-88.66172497565896,-1.0,0.0,94.43574392752848,
491,112.016,1.9161,-0.0475918,0.557396,184.605,194.604,0.0,0.8149263262748718,0.39787304401397705,0.0,5,109.22465155135853,-0.31218635168000003,-0.7693067193031311,-89.1237864766205,-1.0,0.0,94.31310521239452,
492,112.25,1.32343,-0.0547545,0.564092,185.251,195.25,0.0,0.6521812677383423,1.0,0.0,5,109.01021519238216,-0.316596635,-0.16274505853652954,-89.61187993670853,-1.0,0.0,94.20301304931492,
493,112.615,0.524918,-0.0651872,0.571055,185.9,195.899,0.0,0.8015210628509521,1.0,0.0,5,108.70788401386469,-0.321546794125,-0.14933979511260986,-90.2705939886512,-1.0,0.0,93.80094618290823,
494,112.894,-0.270398,-0.0768041,0.578433,186.551,196.55,0.0,-0.5676205158233643,1.0,0.0,5,108.23009014484178,-0.32650807551,-1.3691415786743164,-90.86264053218686,-1.0,0.0,92.86344351590145,
495,112.86,-0.931788,-0.0887424,0.586371,187.203,197.202,0.0,1.0,0.09089493751525879,0.0,5,107.41472987567731,-0.3308891553,-1.5676205158233643,-91.15555252949295,-1.0,0.0,91.94022168620636,
496,112.911,-1.6743,-0.101303,0.594953,187.854,197.853,0.0,-0.034175336360931396,0.7142325043678284,0.0,5,106.62279747945651,-0.335883690915,-1.0341753363609314,-91.55228093728465,-1.0,0.0,91.24381904704053,
497,113.076,-2.62699,-0.113641,0.604093,188.507,198.506,0.0,-0.9450086355209351,1.0,0.0,5,105.93542338093089,-0.34155885298899996,-0.9108332991600037,-92.07198895448775,-1.0,0.0,90.50981619502073,
498,113.267,-3.85071,-0.119434,0.613246,189.161,199.16,0.0,-0.30060240626335144,0.34484684467315674,0.0,5,105.71221622668837,-0.34747812992599997,-0.6444062292575836,-92.55922754616034,-1.0,0.0,90.28753209606104,
499,113.612,-3.53062,-0.114858,0.622016,189.818,199.817,0.0,1.0,1.0,0.0,5,106.35313115108315,-0.353827113216,-1.3006024062633514,-93.1037577545027,-1.0,0.0,90.64355965281274,
500,114.105,-3.08828,-0.107976,0.630839,190.477,200.476,0.0,-0.2760148048400879,1.0,0.0,5,107.29214395559106,-0.36086046439600006,-1.276014804840088,-93.78134284878827,-1.0,0.0,91.4812776224248,
501,114.254,-2.76336,-0.0929357,0.638845,191.139,201.138,0.0,-1.0,0.1984621286392212,0.0,5,108.45944810794491,-0.36646191717500004,-0.7239851951599121,-94.02429906301134,-1.0,0.0,92.77214577277023,
502,114.459,-1.95111,-0.0712521,0.645452,191.803,201.802,0.0,0.1499641239643097,1.0,0.0,5,110.09430404719608,-0.37145483664400003,-1.1499641239643097,-94.2231071360812,-1.0,0.0,94.24439390295059,
503,114.78,-0.44291,-0.0510156,0.65089,192.469,202.468,0.0,0.18133684992790222,1.0,0.11935621500015259,5,111.70415419067156,-0.37613556309999996,-0.03137272596359253,-94.51225222181803,-1.0,0.0,96.1417689765098,
504,115.072,0.562244,-0.0398435,0.65582,193.137,203.136,0.0,1.0,1.0,0.0,5,112.68884430210258,-0.38044846759999995,-0.8186631500720978,-94.84155166092457,-1.0,0.0,96.83656414034226,
505,115.149,0.855297,-0.0369235,0.66054,193.806,203.805,0.0,1.0,0.3451906442642212,0.0,5,112.94514598048478,-0.3839676939000001,-0.0,-95.0307933204771,-1.0,0.0,97.30655928851321,
506,115.313,0.688134,-0.0396561,0.665264,194.477,204.476,0.0,-1.0,1.0,0.0,5,112.93650820803765,-0.38782732785599994,-2.0,-95.36331128062395,-1.0,0.0,96.64418418808806,
507,115.574,0.209532,-0.0462093,0.670161,195.149,205.148,0.0,0.7730315923690796,1.0,0.0,5,112.7812828016175,-0.392188502991,-1.7730315923690796,-95.83456535764006,-1.0,0.0,96.48200001726975,
508,115.647,-0.421629,-0.0550945,0.675359,195.822,205.821,0.0,-0.8122304677963257,0.6034232378005981,0.0,5,112.28738132472739,-0.3961951902460001,-1.5852620601654053,-96.14735077238568,-1.0,0.0,95.99350490057391,
509,115.786,-1.12212,-0.0650746,0.680949,196.495,206.494,0.0,1.0,1.0,0.0,5,111.77622137327297,-0.4007745451710001,-1.8122304677963257,-96.54565488875005,-1.0,0.0,95.34992945445057,
510,116.029,-1.94124,-0.0764455,0.68698,197.17,207.169,0.0,0.09603258967399597,1.0,0.0,5,111.25950415173521,-0.40611353250000004,-0.903967410326004,-97.07078489414153,-1.0,0.0,95.02158266201619,
511,116.232,-2.75991,-0.0882008,0.693507,197.847,207.846,0.0,0.8692561388015747,1.0,0.0,5,110.66095225181228,-0.411782087169,-0.7732235491275787,-97.57113185299248,-1.0,0.0,94.38153332195613,
512,116.418,-3.55407,-0.099876,0.700572,198.525,208.524,0.0,0.3246228098869324,1.0,0.0,5,110.03381375276155,-0.417910682664,-0.5446333289146423,-98.0674926500655,-1.0,0.0,93.74238917391332,
513,116.595,-4.27828,-0.111103,0.708181,199.204,209.203,0.0,1.0,1.0,0.0,5,109.41241269392728,-0.42455494723599996,-0.6753771901130676,-98.56598338788274,-1.0,0.0,93.00034708147494,
514,116.755,-4.93413,-0.121935,0.716377,199.885,209.884,0.0,-0.6239752769470215,0.9662944674491882,0.0,5,108.78747544639002,-0.43174658930400006,-1.6239752769470215,-99.06132655438674,-1.0,0.0,92.0093372908439,
515,116.911,-5.51896,-0.132224,0.725165,200.566,210.565,0.0,0.48359939455986023,1.0,0.0,5,108.18378189807162,-0.43956510379999997,-1.1075746715068817,-99.56678597918027,-1.0,0.0,91.47692649594251,
516,117.04,-6.07833,-0.142148,0.734538,201.249,211.248,0.0,0.3738692104816437,0.8598405718803406,0.0,5,107.56901621704944,-0.44795211104400007,-0.10973018407821655,-100.06184462316357,-1.0,0.0,91.07886835730744,
517,117.197,-6.59216,-0.151279,0.74448,201.933,211.932,0.0,0.3217254877090454,1.0,0.0,5,107.02756009698894,-0.4571285832,-0.05214372277259827,-100.59969419453869,-1.0,0.0,90.46483426777635,
518,117.395,-6.96877,-0.159425,0.754977,202.619,212.618,0.0,1.0,1.0,0.0,5,106.58802317090493,-0.46717049510400005,-0.6782745122909546,-101.193444519121,-1.0,0.0,89.73835364424549,
519,117.398,-7.15063,-0.166649,0.766074,203.305,213.304,0.0,0.529654324054718,0.0,0.0,5,106.03467270926436,-0.47725835073600004,-0.470345675945282,-101.61140822089834,-1.0,0.0,89.17459942261003,
520,117.402,-7.19064,-0.172689,0.777813,203.991,213.99,0.0,-1.0,0.8272879123687744,0.0,5,105.5690861203384,-0.488201472099,-1.529654324054718,-102.05198762215483,-1.0,0.0,88.31419020769975,
521,117.391,-7.44602,-0.176667,0.790043,204.678,214.677,0.0,-1.0,0.0,0.0,5,105.24810026026837,-0.4998360309140001,-0.0,-102.49243094119439,-1.0,0.0,88.37439958817522,
522,116.821,-7.56404,-0.171445,0.801985,205.364,215.363,0.0,-1.0,0.0,0.36302053928375244,5,105.14311707128476,-0.5092413886499999,-0.0,-102.32675838479294,-1.0,0.0,88.28486192491583,
523,115.986,-6.65135,-0.155144,0.813119,206.047,216.046,0.0,-1.0,0.0,0.24540504813194275,5,105.6317098845876,-0.5169718098310001,-0.0,-101.82239029060742,-1.0,0.0,88.84137953116547,
524,115.077,-4.94749,-0.129876,0.823177,206.725,216.724,0.0,0.5473059415817261,0.06431679427623749,0.24543523788452148,5,106.65593749860747,-0.5234516714740001,-1.547305941581726,-101.16740043710818,-1.0,0.0,89.49318397909272,
525,114.53,-3.18794,-0.0997713,0.831857,207.399,217.398,0.0,-1.0,1.0,0.0,5,108.25650962948042,-0.5301205794989999,-1.547305941581726,-100.80108744291815,-1.0,0.0,91.14203415106918,
526,114.398,-1.49535,-0.0657886,0.838706,208.073,218.072,0.0,-1.0,0.34339284896850586,0.0,5,110.39019578166511,-0.536711999376,-0.0,-100.75378364287637,-1.0,0.0,93.74041623585767,
527,114.157,0.431499,-0.0289795,0.843465,208.746,218.745,0.0,-0.7614296674728394,1.0,0.0,5,112.455193300899,-0.54071237625,-0.23857033252716064,-100.48463370882713,-1.0,0.0,95.77021476856679,
528,114.237,2.5839,0.00899553,0.846174,209.42,219.419,0.0,1.0,1.0,0.0,5,113.71857377651007,-0.543923534466,-1.7614296674728394,-100.42349356607815,-1.0,0.0,96.5826973068905,
529,114.406,4.77831,0.0452681,0.84692,210.095,220.094,0.0,0.4134131669998169,1.0,0.0,5,111.7002127543559,-0.545433134,-0.5865868330001831,-100.35318533531449,-1.0,0.0,94.92582577015867,
530,114.702,6.75163,0.0732474,0.846124,210.772,220.771,0.0,1.0,1.0,0.0,5,110.19738272455248,-0.5458375986159999,-0.5865868330001831,-100.3826759936092,-1.0,0.0,93.41816767699504,
531,114.886,7.37789,0.0879534,0.844153,211.451,221.45,0.0,1.0,1.0,0.21851438283920288,5,109.39612306033528,-0.5445174951990001,-0.0,-100.34583218803854,-1.0,0.0,92.7997307369305,
532,114.903,6.66561,0.0895215,0.841096,212.13,222.129,0.0,1.0,0.9459096789360046,0.09726649522781372,5,109.3066078023317,-0.541349549656,-0.0,-100.20552266543677,-1.0,0.0,92.73442985286017,
533,114.958,5.20266,0.0812711,0.83733,212.808,222.807,0.0,1.0,0.7859988212585449,0.0,5,109.91231975200257,-0.5376144396,-0.0,-100.16072998151348,-1.0,0.0,93.35059581517555,
534,115.134,3.36835,0.0679002,0.83313,213.486,223.485,0.0,-0.08138883113861084,1.0,0.0,5,110.96288496804041,-0.5339575440000001,-1.0813888311386108,-100.26460055012308,-1.0,0.0,94.06482069218036,
535,115.336,1.53281,0.0528366,0.828748,214.165,224.164,0.0,0.23645389080047607,1.0,0.0,5,112.12948179721059,-0.5302480441440001,-0.3178427219390869,-100.40229048092873,-1.0,0.0,95.44353736434556,
536,115.604,-0.00661137,0.0379243,0.824376,214.845,224.844,0.0,1.0,1.0,0.0,5,113.32930112998235,-0.526850404896,-0.7635461091995239,-100.60592012289572,-1.0,0.0,96.48249887389214,
537,115.826,-1.34979,0.0224084,0.820314,215.527,225.526,0.0,1.0,1.0,0.0,5,114.49929192700449,-0.5236067054160001,-0.0,-100.78219197144553,-1.0,0.0,97.85835642587166,
538,115.893,-2.85957,0.00568545,0.816669,216.209,226.208,0.0,0.5070250034332275,1.0,0.0,5,115.56167676903729,-0.520176557646,-0.49297499656677246,-100.83015564708975,-1.0,0.0,98.7690843653578,
539,116.027,-4.68294,-0.0123041,0.813328,216.892,226.891,0.0,0.08514730632305145,1.0,0.0,5,115.30443150124972,-0.517348874864,-0.4218776971101761,-100.96549409919447,-1.0,0.0,98.51569520237351,
540,116.079,-6.33436,-0.0284851,0.810212,217.576,227.575,0.0,0.2852644920349121,1.0,0.18794035911560059,5,114.37887248612113,-0.514432078684,-0.20011718571186066,-101.01223657848175,-1.0,0.0,97.65256976495131,
541,115.929,-7.43643,-0.0418057,0.807421,218.26,228.259,0.0,0.46178925037384033,0.0,0.0,5,113.40516853615065,-0.5110410167860001,-0.17652475833892822,-100.8476684937967,-1.0,0.0,96.71401981779347,
542,115.593,-8.08881,-0.0528177,0.805163,218.942,228.941,0.0,-1.0,0.0,0.0,5,112.38054299010184,-0.507447889864,-1.4617892503738403,-100.50073973190231,-1.0,0.0,95.35944736534034,
543,114.574,-8.71014,-0.0617754,0.803436,219.621,229.62,0.0,1.0,0.0,1.0,5,110.81877397007376,-0.501650587416,-2.0,-99.47663599167059,-1.0,0.0,93.79562798390718,
544,113.259,-9.74946,-0.0705079,0.801735,220.293,230.292,0.0,-1.0,0.0,0.0,5,108.98807110997693,-0.49471553204999996,-2.0,-98.15548517728406,-1.0,0.0,92.17003280133433,
545,112.472,-10.3569,-0.0791244,0.8001,220.959,230.958,0.0,0.6704793572425842,1.0,0.0,5,107.67511031435491,-0.489984246,-1.6704793572425842,-97.3672934487293,-1.0,0.0,91.07888824387273,
546,112.178,-10.8212,-0.0888274,0.798949,221.622,231.621,0.0,-1.0,0.9180747270584106,0.0,5,106.76004076644575,-0.487703209211,-1.6704793572425842,-97.12160999442429,-1.0,0.0,90.20295225089832,
547,111.957,-11.3556,-0.104524,0.798577,222.254,232.253,0.0,-0.02394428849220276,0.5847983360290527,0.09951603412628174,5,105.50552814796492,-0.48646425087399997,-0.9760557115077972,-96.99135935216938,-1.0,0.0,89.17754328081318,
548,111.812,-11.3742,-0.119617,0.799592,222.879,232.878,0.0,0.5447790622711182,0.3303960859775543,0.0,5,104.34166545141191,-0.48685686998399996,-0.5687233507633209,-96.97371977620048,-1.0,0.0,88.13813360976886,
549,111.772,-11.2751,-0.133967,0.802236,223.503,233.502,0.0,0.9258338212966919,1.0,0.041322529315948486,5,103.3059992089998,-0.48923701065599995,-0.38105475902557373,-97.11356897891184,-1.0,0.0,87.13541042379934,
550,111.833,-11.2962,-0.148584,0.806387,224.126,234.125,0.0,1.0,1.0,0.0,5,102.32302914814454,-0.493498980624,-0.0741661787033081,-97.40857072186216,-1.0,0.0,86.19599470563023,
551,111.927,-11.3422,-0.163272,0.812043,224.75,234.749,0.0,-0.21057899296283722,1.0,0.0,5,101.34172029318076,-0.499409918154,-1.2105789929628372,-97.79066384100888,-1.0,0.0,84.81053710098656,
552,111.9,-11.2682,-0.177318,0.819214,225.374,235.373,0.0,0.5948193073272705,0.0,0.0,5,100.27640754334988,-0.506405010796,-0.8053983002901077,-98.10459206837291,-1.0,0.0,83.8126942322109,
553,111.189,-11.0413,-0.189425,0.827873,225.995,235.994,0.0,-1.0,0.0,0.6458479762077332,5,98.73200275785756,-0.512177959114,-1.5948193073272705,-97.78386665489671,-1.0,0.0,82.07379900831087,
554,110.174,-10.6882,-0.197744,0.837678,226.609,236.608,0.0,-1.0,0.4419540464878082,0.0,5,97.20468943626298,-0.5179425115440001,-0.0,-97.19262873190972,-1.0,0.0,81.10785261493251,
555,109.448,-10.2565,-0.200177,0.848354,227.219,237.218,0.0,-1.0,0.0,0.07776623964309692,5,96.3810030922346,-0.525932952276,-0.0,-96.91095728650491,-1.0,0.0,80.31842654698286,
556,109.196,-9.03864,-0.192795,0.859421,227.824,237.823,0.0,-0.34568995237350464,0.0,0.0,5,96.71174271287745,-0.536525932821,-0.6543100476264954,-97.09526283237257,-1.0,0.0,80.41463434091263,
557,109.362,-7.36403,-0.176031,0.870743,228.429,238.428,0.0,-0.8218910098075867,1.0,0.0,5,98.09605838113094,-0.5494327518790001,-0.47620105743408203,-97.69189665855524,-1.0,0.0,81.74998081323844,
558,109.84,-5.11393,-0.15098,0.881772,229.035,239.034,0.0,0.07507982850074768,0.9247840046882629,0.0,5,100.33012152408517,-0.563664642384,-0.8969708383083344,-98.5782381484956,-1.0,0.0,83.71062990793433,
559,110.332,-3.01952,-0.124148,0.892327,229.644,239.643,0.0,-0.7565251588821411,1.0,0.0,5,102.65166392849228,-0.5777161877489999,-0.8316049873828888,-99.47500373031288,-1.0,0.0,85.90321568498148,
560,110.769,-1.02778,-0.0958355,0.901931,230.256,240.255,0.0,0.5897221565246582,1.0,0.0,5,104.96103330581391,-0.5906923034560001,-1.3462473154067993,-100.28933741001171,-1.0,0.0,87.92306619623413,
561,111.048,1.09677,-0.0716851,0.91071,230.87,240.869,0.0,0.8761450052261353,0.38976800441741943,0.0,5,106.78596255740374,-0.6022033245000001,-0.28642284870147705,-100.9457887569107,-1.0,0.0,89.95596406475669,
562,111.324,1.96787,-0.0561997,0.918905,231.486,241.485,0.0,-0.1835709810256958,1.0,0.0,5,108.02170177611876,-0.6131813001249999,-1.059715986251831,-101.63073305845754,-1.0,0.0,90.84599572134957,
563,111.735,2.28124,-0.0421968,0.926057,232.104,242.103,0.0,-1.0,1.0,0.0,5,109.2788085773414,-0.6236780617240001,-0.8164290189743042,-102.42014734416051,-1.0,0.0,92.04717970830103,
564,112.058,2.55127,-0.0277467,0.931994,232.725,242.724,0.0,-1.0,1.0,0.0,5,110.46044681296122,-0.6324069342960001,-0.0,-103.06451435760306,-1.0,0.0,93.36836272502477,
565,112.16,2.77572,-0.0130936,0.936666,233.348,243.347,0.0,-0.0689728856086731,0.5494183301925659,0.0,5,111.41611754295342,-0.638626288356,-0.9310271143913269,-103.4197235741654,-1.0,0.0,93.9852245841552,
566,111.979,2.91099,0.00151318,0.939993,233.97,243.969,0.0,-1.0,0.0,0.0,5,111.89414964082015,-0.641892620784,-0.9310271143913269,-103.40972278427171,-1.0,0.0,94.46149046807798,
567,111.697,3.08147,0.0167632,0.941905,234.591,244.59,0.0,-0.42152339220046997,0.43033286929130554,0.0,5,110.74515093706937,-0.64293884295,-0.57847660779953,-103.19963570276053,-1.0,0.0,93.44872375636544,
568,111.765,3.37575,0.0326911,0.942435,235.212,245.211,0.0,-0.405692994594574,1.0,0.0,5,109.87874822630403,-0.6439179681,-0.015830397605895996,-103.23541384356778,-1.0,0.0,92.74476906238709,
569,111.993,3.7911,0.0497976,0.941609,235.834,245.833,0.0,-0.9235076308250427,1.0,0.0,5,109.06682955093375,-0.643964792566,-0.5178146362304688,-103.32222979199656,-1.0,0.0,91.76918589869912,
570,112.062,4.22538,0.0676386,0.939342,236.457,246.456,0.0,-1.0,0.592048704624176,0.0,5,108.01878769539921,-0.6414757089840001,-0.07649236917495728,-103.13537107301978,-1.0,0.0,90.88405861470974,
571,112.081,4.62954,0.0853349,0.935606,237.079,247.078,0.0,0.9496105909347534,1.0,0.0,5,106.89674960111186,-0.6369496676660001,-1.9496105909347534,-102.78820278925662,-1.0,0.0,89.25668633777694,
572,112.195,5.06738,0.102869,0.930425,237.702,247.701,0.0,-0.1303940713405609,1.0,0.0,5,105.841376301628,-0.6311258449999999,-1.0800046622753143,-102.43266995026289,-1.0,0.0,88.52134856540597,
573,112.379,5.49132,0.1198,0.923839,238.325,248.324,0.0,-0.27654850482940674,1.0,0.0,5,104.85811823198058,-0.623972212826,-0.14615443348884583,-102.05627245346464,-1.0,0.0,87.88185882108823,
574,112.631,6.01709,0.135119,0.915922,238.949,248.948,0.0,0.5324025750160217,1.0,0.0,5,104.01824194354094,-0.615612763994,-0.8089510798454285,-101.67694540820615,-1.0,0.0,86.9084020443624,
575,112.722,5.98299,0.145927,0.906908,239.574,249.573,0.0,-1.0,1.0,0.23430949449539185,5,103.32850561938595,-0.605334938344,-1.5324025750160217,-101.11262792395729,-1.0,0.0,86.09655571994355,
576,112.744,5.55364,0.155376,0.896566,240.198,250.197,0.0,-1.0,1.0,0.03034454584121704,5,102.66216360250316,-0.593363577876,-0.0,-100.42794218915809,-1.0,0.0,86.00460869625344,
577,112.76,5.14748,0.164715,0.884832,240.821,250.82,0.0,0.5413107872009277,1.0,0.13769793510437012,5,101.98911176366929,-0.579997549824,-1.5413107872009277,-99.67977981836698,-1.0,0.0,84.99475400492996,
578,111.952,4.9441,0.171903,0.871964,241.442,251.441,0.0,1.0,1.0,1.0,5,100.72682191748635,-0.562054985936,-0.45868921279907227,-98.09036373294985,-1.0,0.0,84.31360560776814,
579,111.023,4.3626,0.174103,0.858483,242.056,252.055,0.0,-0.791300892829895,0.7803610563278198,0.0,5,99.72862285388652,-0.543370251834,-1.791300892829895,-96.42703343385577,-1.0,0.0,83.18380731912518,
580,110.643,3.37524,0.176293,0.844126,242.666,252.665,0.0,-0.9828498363494873,0.5840524435043335,0.0,5,99.2257457798643,-0.5265806689660001,-0.19154894351959229,-95.30054126614642,-1.0,0.0,83.34661923792045,
581,109.739,2.7517,0.181019,0.828734,243.271,253.27,0.0,1.0,0.0,0.5896433591842651,5,98.06768038389019,-0.507041444886,-1.9828498363494873,-93.60201143335598,-1.0,0.0,81.92548227309595,
582,108.768,2.28162,0.186578,0.812606,243.87,253.869,0.0,-1.0,0.5135323405265808,0.0,5,96.79221581689418,-0.48712895827600006,-2.0,-91.81981071618564,-1.0,0.0,80.93211525119034,
583,108.258,1.87118,0.194806,0.79548,244.464,254.463,0.0,1.0,0.0,0.0,5,95.7322395397365,-0.46879779959999995,-2.0,-90.44428393624733,-1.0,0.0,80.09679914969941,
584,108.15,2.07762,0.204056,0.777391,245.055,255.054,0.0,0.5472544431686401,0.9786229729652405,0.0,5,94.9482698534874,-0.45184175013100014,-0.45274555683135986,-89.43523150022956,-1.0,0.0,79.94531971127256,
585,108.546,2.58921,0.205519,0.759094,245.647,255.646,0.0,1.0,0.8351985216140747,0.0,5,95.18589441749786,-0.43729398745600007,-0.45274555683135986,-89.05558389361582,-1.0,0.0,80.25443917895008,
586,108.934,2.37698,0.197347,0.741124,246.242,256.241,0.0,1.0,0.9677972793579102,0.0,5,96.14034864558137,-0.423583992456,-0.0,-88.85426693404516,-1.0,0.0,81.38862461301859,
587,108.886,1.70369,0.183471,0.723778,246.838,256.837,0.0,1.0,1.0,0.48428404331207275,5,97.12572957014746,-0.409367449824,-0.0,-88.35600243546044,-1.0,0.0,82.46296175500439,
588,108.671,0.909324,0.168158,0.707246,247.434,257.433,0.0,-1.0,1.0,0.0,5,98.044217290723,-0.3957873548460001,-2.0,-87.76604939015641,-1.0,0.0,82.88352252735353,
589,108.091,0.112216,0.152806,0.691573,248.029,258.028,0.0,0.0786064863204956,0.3444085121154785,0.3451632857322693,5,98.60513341855618,-0.382149700044,-1.0786064863204956,-86.86090061257366,-1.0,0.0,83.87026668072998,
590,107.716,-0.466878,0.138325,0.676792,248.621,258.62,0.0,1.0,1.0,0.0,5,99.26096052470194,-0.37040364662399994,-0.9213935136795044,-86.19353917415575,-1.0,0.0,84.68510794785072,
591,106.724,-1.17215,0.123325,0.663023,249.212,259.211,0.0,0.2250535488128662,0.14364808797836304,1.0,5,99.34924260866488,-0.357774231789,-0.7749464511871338,-84.96161042532324,-1.0,0.0,85.01474287772126,
592,105.624,-1.75957,0.110529,0.650088,249.796,259.795,0.0,0.46901917457580566,0.8749082088470459,0.0,5,99.15409082061669,-0.345833282304,-0.24396562576293945,-83.62681836234468,-1.0,0.0,85.1910450962321,
593,104.931,-2.00948,0.0990245,0.638089,250.376,260.375,0.0,-0.27009129524230957,0.0,0.0,5,99.23006812690082,-0.33622735621600003,-0.7391104698181152,-82.7181928833837,-1.0,0.0,85.26437869723183,
594,104.828,-1.99218,0.0872161,0.627139,250.955,260.954,0.0,0.3915262818336487,1.0,0.0,5,99.86400637591956,-0.329445160781,-0.6616175770759583,-82.44164701430803,-1.0,0.0,85.96982888986956,
595,104.801,-2.02558,0.0727928,0.617448,251.535,261.534,0.0,1.0,0.052615582942962646,0.0,5,100.71245183844314,-0.323850271944,-0.6084737181663513,-82.31679754583232,-1.0,0.0,86.8585398191744,
596,104.906,-2.27092,0.0565969,0.60911,252.115,262.114,0.0,0.5246037840843201,1.0,0.0,5,101.77093435132674,-0.31957946040000007,-0.47539621591567993,-82.38669628074616,-1.0,0.0,87.95073158404011,
597,105.144,-2.65837,0.0393637,0.602062,252.697,262.696,0.0,0.8245552778244019,1.0,0.0,5,102.99365611028273,-0.31652028648400005,-0.2999514937400818,-82.63710505644993,-1.0,0.0,89.19158461720922,
598,105.344,-3.05578,0.0220624,0.596327,253.281,263.28,0.0,0.6532708406448364,1.0,0.0,5,104.15638650838672,-0.31409735744,-0.17128443717956543,-82.88308995610373,-1.0,0.0,90.35844032637729,
599,105.381,-3.41787,0.0056079,0.591895,253.866,263.865,0.0,-0.06410408020019531,0.927604079246521,0.14629554748535156,5,105.08386145871823,-0.31187243497499995,-0.7173749208450317,-82.98734732786988,-1.0,0.0,91.10867444830923,
600,105.4,-3.61374,-0.00918388,0.588727,254.452,264.451,0.0,1.0,1.0,0.0,5,104.91157144834753,-0.310259129,-1.0641040802001953,-83.08464564475841,-1.0,0.0,90.8193842485737,
601,105.405,-3.7166,-0.0233359,0.586851,255.037,265.036,0.0,-1.0,0.703031063079834,0.07356202602386475,5,104.14655275631453,-0.309285148275,-2.0,-83.19151220541897,-1.0,0.0,89.7585407772267,
602,105.401,-3.94109,-0.0358332,0.58619,255.623,265.622,0.0,-1.0,1.0,0.0,5,103.44531538467841,-0.30892506094999994,-0.0,-83.30027060027203,-1.0,0.0,89.6413497336876,
603,105.482,-4.33211,-0.0404848,0.586093,256.21,266.209,0.0,-1.0,0.0,0.0,5,103.2609426935728,-0.30911130913,-0.0,-83.4262742128036,-1.0,0.0,89.43789025252225,
604,105.683,-3.98104,-0.0334107,0.585935,256.797,266.796,0.0,-0.8723248839378357,1.0,0.0,5,103.85887678422928,-0.30961684302500003,-0.1276751160621643,-83.55049720433769,-1.0,0.0,89.97838282573497,
605,105.741,-3.09247,-0.0178045,0.585306,257.385,267.384,0.0,-0.6159850358963013,0.0,0.0,5,104.78295739833996,-0.30945420872999996,-0.2563398480415344,-83.42687174008358,-1.0,0.0,90.88257047418496,
606,105.521,-2.01935,0.0031395,0.58383,257.971,267.97,0.0,-0.8442084193229675,0.0,0.0,5,105.35483865101261,-0.30803162715,-0.22822338342666626,-82.9352912442403,-1.0,0.0,91.53804632219857,
607,105.412,-0.807523,0.0267318,0.581236,258.557,268.556,0.0,0.5272435545921326,1.0,0.0,5,103.96558065176994,-0.30634624616000006,-1.3714519739151,-82.47896705623089,-1.0,0.0,89.87595375500078,
608,105.713,0.674132,0.0504099,0.577534,259.143,269.142,0.0,0.4997098743915558,1.0,0.0,5,102.91534918148221,-0.30526425870999996,-0.027533680200576782,-82.38227176447336,-1.0,0.0,89.24448405404104,
609,105.978,1.76873,0.0714079,0.572896,259.731,269.73,0.0,-0.3383854329586029,1.0,0.08484619855880737,5,101.92730085973216,-0.30357186144,-0.8380953073501587,-82.23961589324159,-1.0,0.0,88.03635802210087,
610,105.739,2.75717,0.0898862,0.567154,260.318,270.317,0.0,0.1967441588640213,0.0,0.14390993118286133,5,100.56628514390074,-0.29985148403000006,-0.5351295918226242,-81.58052322682575,-1.0,0.0,86.86881629830009,
611,105.232,3.04118,0.102601,0.56059,260.903,270.902,0.0,-1.0,1.0,0.2907445430755615,5,99.28961128062984,-0.2949600344,-1.1967441588640213,-80.70246188775663,-1.0,0.0,85.53025871540713,
612,104.746,2.9586,0.114712,0.552866,261.484,271.483,0.0,-0.5027657747268677,0.302312970161438,0.20980358123779297,5,98.06294304081743,-0.28955251018,-0.4972342252731323,-79.8146029272325,-1.0,0.0,84.65202982397062,
613,104.251,2.96094,0.127164,0.543972,262.062,272.061,0.0,0.5409030914306641,0.8343462347984314,0.0,5,96.79859332558229,-0.28354812486000003,-1.0436688661575317,-78.87192200256283,-1.0,0.0,83.37115624049059,
614,104.143,3.41757,0.13672,0.534176,262.638,272.637,0.0,1.0,0.05052900314331055,0.0,5,96.07411903693763,-0.27815345584,-0.45909690856933594,-78.33220225951936,-1.0,0.0,82.90840616959892,
615,103.742,3.49865,0.135695,0.524262,263.213,273.212,0.0,0.6161321401596069,1.0,0.41709470748901367,5,95.77130235313288,-0.27193994202,-0.38386785984039307,-77.67558022282309,-1.0,0.0,82.7328650197373,
616,103.582,3.00433,0.125558,0.51465,263.786,273.785,0.0,0.7946285605430603,1.0,0.0,5,96.28089471733566,-0.26654238150000004,-0.17849642038345337,-77.42681695724535,-1.0,0.0,83.34678086613381,
617,103.662,2.20695,0.109348,0.505675,264.359,274.358,0.0,-0.3891311287879944,1.0,0.0,5,97.38654644182863,-0.26209640925,-1.1837596893310547,-77.53593026113572,-1.0,0.0,84.13893258660896,
618,103.883,0.992177,0.0914878,0.497441,264.934,274.933,0.0,-0.1002528965473175,1.0,0.0,5,98.7031646239398,-0.25837831701499997,-0.2888782322406769,-77.82663647781985,-1.0,0.0,85.68412736557961,
619,103.977,0.296659,0.0763639,0.489791,265.51,275.509,0.0,1.0,0.0,0.0,5,99.70779198330897,-0.254634994035,-1.1002528965473175,-77.9570261337564,-1.0,0.0,86.4295272002463,
620,104.099,-0.196594,0.0600173,0.483176,266.086,276.085,0.0,1.0,1.0,0.10483533143997192,5,100.78957461042464,-0.25149069212,-0.0,-78.15517761392898,-1.0,0.0,87.81480727621529,
621,104.028,-0.743797,0.0431078,0.477666,266.663,276.662,0.0,0.832723081111908,1.0,0.276921808719635,5,101.68984353443066,-0.24845319324,-0.16727691888809204,-78.18962853429034,-1.0,0.0,88.6627629853807,
622,103.653,-1.1794,0.0267762,0.473298,267.24,277.239,0.0,0.827119767665863,0.0,0.0,5,102.228293528112,-0.24529378797000004,-0.005603313446044922,-77.93304976676666,-1.0,0.0,89.29136128109319,
623,103.301,-1.60779,0.0102407,0.470142,267.814,277.813,0.0,0.9101560115814209,1.0,0.33514630794525146,5,102.76665532909662,-0.24283069371,-0.08303624391555786,-77.72452643541334,-1.0,0.0,89.84023479689995,
624,102.873,-2.02706,-0.00578398,0.46816,268.387,278.386,0.0,0.11772406101226807,0.6449134349822998,0.0,5,102.57377319783626,-0.24080511840000005,-0.7924319505691528,-77.45412197598014,-1.0,0.0,89.47712019786849,
625,102.643,-2.46196,-0.0219265,0.467313,268.958,278.957,0.0,-0.03739345073699951,1.0,0.0,5,101.49311637583477,-0.23983204129499996,-0.15511751174926758,-77.40283201323732,-1.0,0.0,88.59632427902939,
626,102.804,-3.31189,-0.035894,0.467382,269.528,279.527,0.0,-1.0,1.0,0.0,5,100.89315460859397,-0.24024369564000003,-0.9626065492630005,-77.73129292637111,-1.0,0.0,87.7044350092194,
627,102.954,-3.17853,-0.0432639,0.468014,270.1,280.099,0.0,0.25001221895217896,0.0,0.0,5,100.63126110044338,-0.24091956677999998,-1.250012218952179,-77.98131091772453,-1.0,0.0,87.31814123031906,
628,102.803,-2.57716,-0.0510848,0.46983,270.672,280.671,0.0,0.36234796047210693,0.0,0.0,5,100.04419548755153,-0.24149966745,-0.11233574151992798,-77.96152178311443,-1.0,0.0,87.07476683017839,
629,103.0,-2.3483,-0.0598803,0.472865,271.243,281.242,0.0,-0.713616132736206,1.0,0.0,5,99.73340132454372,-0.243525475,-1.075964093208313,-78.3269961293725,-1.0,0.0,86.41803720217536,
630,103.375,-2.69653,-0.0633484,0.476448,271.817,281.816,0.0,-0.7067673206329346,0.7088006734848022,0.0,5,99.89551551780674,-0.24626405999999998,-0.006848812103271484,-78.8236627655437,-1.0,0.0,86.8236473993442,
631,103.739,-2.55903,-0.0571682,0.479858,272.392,282.391,0.0,-1.0,1.0,0.0,5,100.60585508252795,-0.24889994531,-0.29323267936706543,-79.20065775770499,-1.0,0.0,87.38888666975208,
632,103.611,-1.96822,-0.0445037,0.482728,272.968,282.967,0.0,0.6065980195999146,0.0,0.12794911861419678,5,101.20363657592321,-0.25007965404000004,-1.6065980195999146,-79.00008534816311,-1.0,0.0,87.62156471377878,
633,103.3,-0.841343,-0.0315294,0.485099,273.542,283.541,0.0,0.2769056558609009,0.27106016874313354,0.0,5,101.6204351217923,-0.2505536335,-0.32969236373901367,-78.59748190973235,-1.0,0.0,88.48135149271073,
634,103.531,-0.406988,-0.0229236,0.487299,274.117,284.116,0.0,-1.0,0.8668428659439087,0.0,5,102.3172511748948,-0.25225276384500006,-1.2769056558609009,-78.7806690931212,-1.0,0.0,88.86482635032336,
635,103.535,-0.314569,-0.0115152,0.488688,274.692,284.691,0.0,-1.0,0.0,0.016905546188354492,5,102.93203577209313,-0.2529815604,-0.0,-78.68164127326047,-1.0,0.0,89.87680802070406,
636,103.437,-0.0497504,0.00302362,0.489008,275.267,285.266,0.0,-0.7825868129730225,0.7699576020240784,0.0,5,103.2801503227641,-0.25290760248,-0.21741318702697754,-78.41166243983909,-1.0,0.0,90.20026939820015,
637,103.069,0.442518,0.0192893,0.488203,275.841,285.84,0.0,-1.0,1.0,0.6795254945755005,5,102.05582300027955,-0.251592975035,-0.21741318702697754,-77.81480114119634,-1.0,0.0,89.066785897957,
638,102.534,1.03051,0.035129,0.4864,276.411,286.41,0.0,-0.46981656551361084,1.0,0.0,5,100.67015258193932,-0.24936268800000003,-0.5301834344863892,-77.02286360822004,-1.0,0.0,87.7083053223604,
639,102.211,1.43169,0.0513334,0.483556,276.98,286.979,0.0,-1.0,0.3368476629257202,0.0,5,99.45409349340962,-0.24712371158000002,-0.5301834344863892,-76.40232238955278,-1.0,0.0,86.58756639305079,
640,101.909,1.81076,0.0687525,0.479495,277.546,287.545,0.0,-0.23098738491535187,1.0,0.0,5,98.16774772431748,-0.24432427977500001,-0.7690126150846481,-75.74324833871574,-1.0,0.0,85.33123240920973,
641,101.878,2.32175,0.0871105,0.47417,278.111,288.11,0.0,-0.10071152448654175,1.0,0.0,5,97.05999507067325,-0.24153745629999998,-0.13027586042881012,-75.29492568569242,-1.0,0.0,84.48513600339075,
642,102.058,3.1791,0.104294,0.46772,278.677,288.676,0.0,0.058328673243522644,1.0,0.0,5,96.19107271141343,-0.2386728388,-0.1590401977300644,-75.03230555933854,-1.0,0.0,83.64984197939361,
643,102.192,3.91257,0.111845,0.460827,279.243,289.242,0.0,1.0,0.0,0.0,5,95.85056581907332,-0.23546416391999997,-0.9416713267564774,-74.86386065609295,-1.0,0.0,83.10302115871244,
644,102.086,3.70422,0.107003,0.453945,279.809,289.808,0.0,1.0,0.2895106077194214,0.0,5,96.0507957582039,-0.23170714635,-0.0,-74.6669321821474,-1.0,0.0,83.61904878453178,
645,101.932,2.99307,0.093128,0.447467,280.375,290.374,0.0,1.0,0.0,0.0,5,96.75079630734872,-0.22805603122,-0.0,-74.58384466915547,-1.0,0.0,84.33516357575539,
646,102.118,2.0348,0.0739124,0.441758,280.941,290.94,0.0,-0.36925962567329407,1.0,0.0,5,98.06873144476529,-0.22555721722,-1.369259625673294,-74.93952322149013,-1.0,0.0,85.1914678566198,
647,102.359,0.906757,0.0525596,0.43699,281.508,291.507,0.0,0.33423545956611633,1.0,0.02353435754776001,5,99.52891287972578,-0.22364929705,-0.7034950852394104,-75.39355544590447,-1.0,0.0,86.78518174021828,
648,102.653,-0.13049,0.0312309,0.433217,282.077,292.076,0.0,0.42600131034851074,1.0,0.0,5,101.00022956623062,-0.22235512350500006,-0.09176585078239441,-75.90933682533375,-1.0,0.0,88.36394416369083,
649,102.746,-0.978853,0.0096758,0.430594,282.648,292.647,0.0,1.0,0.0,0.0,5,102.24412332314337,-0.22120905561999998,-0.5739986896514893,-76.23984977028915,-1.0,0.0,89.41473719508456,
650,102.896,-1.8172,-0.0119929,0.429273,283.219,293.218,0.0,-0.7329196929931641,1.0,0.0,5,102.2716044122702,-0.22085237304000002,-1.732919692993164,-76.64442633288435,-1.0,0.0,89.03421218139958,
651,102.752,-2.8511,-0.0324338,0.429141,283.791,293.79,0.0,-0.09967902302742004,1.0,0.33376485109329224,5,101.03193290692117,-0.22047548016,-0.633240669965744,-76.7528153974014,-1.0,0.0,88.10856291616122,
652,102.533,-3.87524,-0.0447541,0.429655,284.361,294.36,0.0,-0.9332942366600037,0.6615846753120422,0.0,5,100.13671372550382,-0.22026908057500003,-0.8336152136325836,-76.69329102331065,-1.0,0.0,87.16236642734246,
653,102.823,-3.61126,-0.0471778,0.430465,284.932,294.931,0.0,0.5422893762588501,1.0,0.0,5,100.28401052874315,-0.221308513475,-1.4755836129188538,-77.03017309017872,-1.0,0.0,87.06550096786569,
654,103.268,-2.7231,-0.050217,0.432205,285.504,295.503,0.0,0.6731834411621094,1.0,0.0,5,100.54600453065044,-0.2231647297,-0.13089406490325928,-77.55009339778994,-1.0,0.0,87.65105757181095,
655,103.374,-2.09742,-0.0556797,0.43506,286.079,296.078,0.0,-1.0,0.0,0.0,5,100.33737000764684,-0.22486946219999998,-1.6731834411621094,-77.78376436216344,-1.0,0.0,86.9429808587737,
656,102.489,-2.06688,-0.0588757,0.43864,286.651,296.649,0.0,-1.0,0.463222861289978,0.7874910235404968,5,99.29610694924763,-0.2247788748,-0.0,-77.01627576406482,-1.0,0.0,86.51888670983791,
657,101.828,-2.02415,-0.0558955,0.442252,287.217,297.216,0.0,-1.0,1.0,0.0,5,98.82458862204595,-0.22516818328000002,-0.0,-76.40362744137036,-1.0,0.0,86.13887632256039,
658,101.755,-1.75717,-0.0464585,0.445395,287.782,297.781,0.0,-0.354306697845459,1.0,0.0,5,99.28236402037581,-0.22660584112499998,-0.645693302154541,-76.29417833219046,-1.0,0.0,86.41792343877589,
659,101.977,-0.882395,-0.0345207,0.447995,288.348,298.347,0.0,1.0,1.0,0.0,5,100.15643498080566,-0.228425930575,-1.354306697845459,-76.43571107402761,-1.0,0.0,87.05636037977288,
660,102.393,-0.479123,-0.0252432,0.450354,288.915,298.914,0.0,-1.0,1.0,0.0,5,101.06815210225032,-0.23056548560999998,-2.0,-76.79474693460509,-1.0,0.0,87.71837457644956,
661,102.512,-0.0170612,-0.0143909,0.452004,289.485,299.484,0.0,0.30577266216278076,0.0,0.0,5,101.76379065723589,-0.23167917024,-1.3057726621627808,-76.81854558063475,-1.0,0.0,88.61759785125184,
662,102.654,0.137302,-0.00587571,0.453144,290.054,300.053,0.0,-1.0,1.0,0.0,5,102.35064716152381,-0.23258522088,-1.3057726621627808,-76.87996655546516,-1.0,0.0,89.1943351586752,
663,103.02,0.165549,0.00501865,0.453389,290.626,300.625,0.0,-1.0,1.0,0.0,5,102.76019305186848,-0.2335406739,-0.0,-77.11111349362926,-1.0,0.0,89.9599853539241,
664,103.382,0.400286,0.0182651,0.452603,291.199,301.198,0.0,-0.3310261070728302,1.0,0.0,5,102.42066685591634,-0.23395501673,-0.6689738929271698,-77.2780968435753,-1.0,0.0,89.3943051447719,
665,103.441,0.647401,0.0326279,0.450747,291.774,301.773,0.0,-1.0,0.0,0.0,5,101.69871238271222,-0.23312860213500003,-0.6689738929271698,-77.09456342880503,-1.0,0.0,88.70070709837832,
666,103.421,0.934904,0.0478131,0.447712,292.348,302.347,0.0,0.2515842318534851,1.0,0.0,5,100.83131015357742,-0.23151411376000003,-1.251584231853485,-76.7835676913108,-1.0,0.0,87.70678561656476,
667,103.613,1.56066,0.06234,0.443617,292.923,302.922,0.0,1.0,0.4443824887275696,0.0,5,100.18420510539572,-0.229822441105,-0.7484157681465149,-76.65922623824262,-1.0,0.0,87.23097399811037,
668,102.892,1.80618,0.0720728,0.438828,293.496,303.495,0.0,-0.1900186836719513,0.23695242404937744,0.6496503949165344,5,98.92023197188053,-0.22575945288000002,-1.1900186836719513,-75.67132844325842,-1.0,0.0,85.98676764741018,
669,102.153,2.047,0.0782329,0.433456,294.064,304.063,0.0,0.4436204135417938,1.0,0.0,5,97.8487635527021,-0.22139415384000002,-0.6336390972137451,-74.704196747399,-1.0,0.0,85.23164815758813,
670,102.351,1.68075,0.0801412,0.427793,294.631,304.63,0.0,-0.5471820831298828,1.0,0.0,5,97.92561825046305,-0.21892520671499996,-0.9908024966716766,-74.73446582208405,-1.0,0.0,85.19928242143394,
671,102.757,1.56366,0.0832042,0.421423,295.2,305.199,0.0,0.342369019985199,1.0,0.0,5,98.13153872816623,-0.216520816055,-0.8895511031150818,-74.93702444285762,-1.0,0.0,85.40759891474808,
672,102.906,1.73972,0.0795592,0.415163,295.77,305.769,0.0,0.8447296619415283,0.11749076843261719,0.0,5,98.49124902420269,-0.21361381839000002,-0.5023606419563293,-74.99589860283558,-1.0,0.0,85.87754222280044,
673,103.113,1.51984,0.0689436,0.409517,296.342,306.34,0.0,0.6746599078178406,1.0,0.0,5,99.31636216393538,-0.21113263210500002,-0.17006975412368774,-75.24074282552631,-1.0,0.0,86.76809718176433,
674,102.758,0.967981,0.054798,0.404676,296.913,306.912,0.0,0.7398724555969238,0.8428957462310791,0.6908706426620483,5,99.78969907612165,-0.20791848204,-0.06521254777908325,-74.99494253148619,-1.0,0.0,87.312975450025,
675,102.226,0.326791,0.0411073,0.400634,297.482,307.481,0.0,-0.9679064750671387,1.0,0.0,5,100.03911517093121,-0.20477605642,-1.7077789306640625,-74.5779895833353,-1.0,0.0,87.1353069978117,
676,101.892,-0.322098,0.0286448,0.397289,298.048,308.047,0.0,-1.0,0.5676833987236023,0.0,5,100.39106199511382,-0.20240285394000002,-0.03209352493286133,-74.35156863082932,-1.0,0.0,88.02629578906956,
677,102.088,-0.528989,0.0179979,0.394574,298.615,308.613,0.0,0.2870187759399414,1.0,0.0,5,101.15283083802261,-0.20140635256,-1.2870187759399414,-74.63914428614555,-1.0,0.0,88.3694472097588,
678,102.163,-0.600663,0.0050205,0.39288,299.182,309.181,0.0,0.7392674088478088,0.0,0.0,5,101.90525887861982,-0.20068899720000002,-0.45224863290786743,-74.85768623143107,-1.0,0.0,89.34024235683279,
679,102.34,-0.879669,-0.0100654,0.392364,299.75,309.749,0.0,-0.7222983837127686,1.0,0.0,5,101.81977807325762,-0.2007726588,-1.4615657925605774,-75.22732842377941,-1.0,0.0,88.89643641312253,
680,102.697,-1.68296,-0.0240298,0.392775,300.32,310.319,0.0,-1.0,1.0,0.0,5,101.43357575568258,-0.20168407087499998,-0.27770161628723145,-75.77578160260944,-1.0,0.0,88.78221395953,
681,103.133,-2.37261,-0.028695,0.393387,300.892,310.891,0.0,-1.0,1.0,0.0,5,101.61104524045433,-0.202855907355,-0.0,-76.28484028652989,-1.0,0.0,88.96546329011984,
682,103.599,-2.24952,-0.0241497,0.393804,301.466,311.465,0.0,-0.23684531450271606,1.0,0.0,5,102.3179707894475,-0.20398850297999999,-0.7631546854972839,-76.70215706258446,-1.0,0.0,89.37971232143065,
683,104.088,-1.32944,-0.0171333,0.394123,302.043,312.042,0.0,0.3306339681148529,1.0,0.0,5,103.18108101900805,-0.20511737412,-0.567479282617569,-77.10755374720425,-1.0,0.0,90.23958679802215,
684,104.479,-0.466078,-0.0154536,0.394909,302.623,312.622,0.0,0.22059735655784607,0.7653753757476807,0.0,5,103.65926853156981,-0.20629848705500003,-0.11003661155700684,-77.49412423597248,-1.0,0.0,90.79584042565183,
685,104.754,-0.391054,-0.017153,0.396178,303.204,313.203,0.0,-0.8826335668563843,0.6564860939979553,0.0,5,103.8402111084147,-0.20750615106,-1.1032309234142303,-77.81959969110135,-1.0,0.0,90.62879572666523,
686,105.109,-0.721027,-0.0143026,0.397223,303.787,313.786,0.0,-0.8885703682899475,1.0,0.0,5,104.34660904063885,-0.20875856153499997,-0.005936801433563232,-78.16072955457066,-1.0,0.0,91.41196000548817,
687,105.422,-0.726644,-0.00585181,0.397586,304.372,314.371,0.0,-1.0,0.9517347812652588,0.0553736686706543,5,105.1117419900445,-0.20957155645999997,-0.11142963171005249,-78.37004997786666,-1.0,0.0,92.11323404739147,
688,105.491,-0.491964,0.00643349,0.397075,304.958,314.957,0.0,-0.6077069044113159,0.590191125869751,0.0,5,105.14948157622533,-0.209439194125,-0.3922930955886841,-78.2607286095052,-1.0,0.0,92.08324516199795,
689,105.485,-0.0782362,0.0209864,0.395557,305.544,315.543,0.0,-0.4704614281654358,1.0,0.1324676275253296,5,104.35497757301832,-0.208626650725,-0.13724547624588013,-78.0157968808704,-1.0,0.0,91.402807747289,
690,105.557,0.606752,0.0366963,0.393057,306.13,316.129,0.0,0.1768631786108017,1.0,0.0,5,103.54959445842093,-0.20744958874500002,-0.6473246067762375,-77.8009974059664,-1.0,0.0,90.4777978767481,
691,105.962,1.73746,0.0472571,0.390067,306.717,316.716,0.0,1.0,1.0,0.0,5,103.34090645630475,-0.20666139727,-0.8231368213891983,-77.97746998786651,-1.0,0.0,90.190683514438,
692,106.474,1.74499,0.0497683,0.387033,307.307,317.306,0.0,-1.0,1.0,0.0,5,103.6937439924206,-0.20604475821,-2.0,-78.3810798954612,-1.0,0.0,90.13053724989142,
693,106.947,1.16354,0.0539851,0.383256,307.9,317.899,0.0,-0.6406497955322266,1.0,0.0,5,103.90582490490763,-0.20494039716,-0.35935020446777344,-78.70169171703024,-1.0,0.0,90.78782568885276,
694,107.024,0.88021,0.0612718,0.378504,308.494,318.493,0.0,1.0,0.0,0.0,5,103.54644090357407,-0.20254506048,-1.6406497955322266,-78.55388935743312,-1.0,0.0,90.06861750081943,
695,107.196,1.0456,0.067378,0.373041,309.088,319.087,0.0,-0.03502309322357178,1.0,0.0,5,103.34417389568418,-0.19994251518,-1.0350230932235718,-78.50151830055123,-1.0,0.0,90.05849670745442,
696,107.644,0.76742,0.0729772,0.366954,309.684,319.683,0.0,-0.7942781448364258,1.0,0.0,5,103.43319544273245,-0.19750198188,-0.759255051612854,-78.71750280452194,-1.0,0.0,90.20029152469031,
697,108.085,0.809495,0.0810111,0.359987,310.282,320.281,0.0,1.0,1.0,0.0,5,103.35726865683333,-0.19454597447499997,-1.7942781448364258,-78.8630657724373,-1.0,0.0,89.7949793730418,
698,108.58,1.39994,0.0847331,0.352696,310.882,320.881,0.0,1.0,1.0,0.0,5,103.59578999105935,-0.19147865840000003,-0.0,-79.12741844931077,-1.0,0.0,90.53519856526273,
699,108.833,1.52472,0.0803814,0.345722,311.485,321.484,0.0,1.0,0.41354578733444214,0.0,5,104.11222933830291,-0.18812981213,-0.0,-79.2981500765621,-1.0,0.0,91.02937701468859,
700,108.986,1.26614,0.0700356,0.339351,312.089,322.088,0.0,1.0,1.0,0.07805001735687256,5,104.90549109593604,-0.18492254043,-0.0,-79.48571389969243,-1.0,0.0,91.79771147055219,
701,108.885,0.79221,0.0556183,0.333859,312.693,322.692,0.0,1.0,0.0,0.0,5,105.69019282990484,-0.18176118607500003,-0.0,-79.50356912946546,-1.0,0.0,92.58289627441003,
702,108.896,0.0833371,0.0380049,0.329429,313.297,323.296,0.0,0.3325173258781433,0.8221118450164795,0.0,5,106.74857358222638,-0.17936750192,-0.6674826741218567,-79.7008113552935,-1.0,0.0,93.4138395747758,
703,108.958,-0.74772,0.018172,0.326136,313.902,323.901,0.0,1.0,0.6926671266555786,0.0,5,107.9500724506237,-0.17767563143999998,-0.6674826741218567,-79.99665196507593,-1.0,0.0,94.57265422218575,
704,108.118,-1.75103,-0.00202441,0.324077,314.506,324.505,0.0,0.5012568831443787,0.4692623019218445,1.0,5,108.0083409481041,-0.17519278543,-0.49874311685562134,-79.4085924826025,-1.0,0.0,94.77223635522705,
705,106.804,-2.73664,-0.0194964,0.322928,315.102,325.101,0.0,-1.0,0.23751389980316162,0.0,5,105.74262123367673,-0.17245001056,-1.5012568831443787,-78.31482731983957,-1.0,0.0,92.37257006019749,
706,106.125,-3.44519,-0.0333475,0.32259,315.693,325.692,0.0,-0.6294518709182739,1.0,0.0,5,104.29682323673272,-0.17117431875,-0.3705481290817261,-77.81529848267559,-1.0,0.0,91.34218970685686,
707,106.266,-4.1461,-0.0394462,0.322625,316.284,326.282,0.0,-0.19519595801830292,1.0,0.0,5,104.08798417798023,-0.17142034125000002,-0.434255912899971,-78.03718918551473,-1.0,0.0,91.08070868503303,
708,105.366,-3.79167,-0.0356903,0.322669,316.873,326.872,0.0,-1.0,0.0,1.0,5,103.4190267293667,-0.16999170926999999,-0.8048040419816971,-77.08887143290536,-1.0,0.0,90.4442630925664,
709,104.316,-2.86488,-0.0268458,0.322697,317.454,327.453,0.0,0.19484221935272217,1.0,0.0,5,102.87835709155793,-0.16831230126000002,-1.1948422193527222,-75.92175833025294,-1.0,0.0,89.96332837495417,
710,104.139,-1.60069,-0.0187307,0.322864,318.033,328.032,0.0,0.7368873357772827,1.0,0.0,5,103.14549136054264,-0.16811367048,-0.5420451164245605,-75.63800212273262,-1.0,0.0,90.46906383672537,
711,104.399,-1.05224,-0.015237,0.323442,318.612,328.611,0.0,-0.3052322268486023,1.0,0.0,5,103.59154827076357,-0.16883510679,-1.042119562625885,-75.8620260889491,-1.0,0.0,90.73077338184343,
712,104.784,-1.05523,-0.0078578,0.323648,319.194,329.193,0.0,-1.0,1.0,0.0,5,104.36908345049217,-0.16956566016000002,-0.6947677731513977,-76.14829361793218,-1.0,0.0,91.56884341569692,
713,105.168,-0.763015,0.00418955,0.323069,319.777,329.776,0.0,-0.7017343044281006,1.0,0.0,5,104.94677437694335,-0.16988260296000002,-0.2982656955718994,-76.34760721988683,-1.0,0.0,92.23527098232876,
714,105.45,-0.27991,0.018959,0.32155,320.362,330.361,0.0,-0.9660805463790894,1.0,0.0,5,104.43149550762021,-0.1695372375,-0.26434624195098877,-76.37838085004552,-1.0,0.0,91.72589727002809,
715,105.66,0.304858,0.0352749,0.319029,320.948,330.947,0.0,-0.08013911545276642,0.9920925498008728,0.0,5,103.73108295487785,-0.1685430207,-0.8859414309263229,-76.28246572634114,-1.0,0.0,90.85438764594879,
716,105.866,0.945764,0.0522335,0.315437,321.536,331.535,0.0,0.7692609429359436,1.0,0.0,5,102.95799491525982,-0.16697026721,-0.84940005838871,-76.13720184063943,-1.0,0.0,90.11562435443729,
717,106.018,1.85349,0.0667828,0.310924,322.124,332.123,0.0,0.48434868454933167,0.4993268847465515,0.0,5,102.24421216930111,-0.16481770316,-0.28491225838661194,-75.94587071057322,-1.0,0.0,89.60204018203915,
718,106.311,1.93259,0.0751821,0.305833,322.713,332.712,0.0,-0.3068482577800751,1.0,0.0,5,102.01810970873024,-0.162567060315,-0.7911969423294067,-75.9814421397212,-1.0,0.0,89.22096724475824,
719,106.752,1.96527,0.0835978,0.299798,323.304,333.303,0.0,-0.041857898235321045,1.0,0.0,5,101.92227342595794,-0.16002018048,-0.26499035954475403,-76.14021403446051,-1.0,0.0,89.26172403244543,
720,107.257,2.35303,0.0870467,0.293316,323.897,333.896,0.0,0.3152381479740143,1.0,0.0,5,102.18861556165885,-0.15730097106000002,-0.3570960462093353,-76.44079906607566,-1.0,0.0,89.45806591682471,
721,107.659,1.89182,0.0833991,0.286848,324.493,334.492,0.0,-0.007892012596130371,0.6491360664367676,0.0,5,102.80068125342414,-0.15440884416000003,-0.32313016057014465,-76.76905600523045,-1.0,0.0,90.03397496030854,
722,108.064,1.5473,0.0786007,0.280221,325.091,335.09,0.0,1.0,1.0,0.0,5,103.48777696694276,-0.15140901072000001,-1.0078920125961304,-77.11835216383409,-1.0,0.0,90.46624752786882,
723,108.455,0.954919,0.0705195,0.273911,325.692,335.691,0.0,-0.5995615720748901,0.7453432083129883,0.0,5,104.36451095164864,-0.148535087525,-1.5995615720748901,-77.51952133876057,-1.0,0.0,91.10817919168709,
724,108.87,0.625779,0.0636391,0.267759,326.294,336.293,0.0,1.0,0.981334388256073,0.0,5,105.18775959080247,-0.14575461165,-1.5995615720748901,-77.92577145896186,-1.0,0.0,91.87327078868572,
725,108.932,0.493042,0.0534253,0.262289,326.899,336.898,0.0,1.0,0.0,0.0,5,105.86809836698556,-0.14285832674,-0.0,-78.05026170695697,-1.0,0.0,93.01770078420202,
726,109.032,0.145202,0.0399287,0.257798,327.504,337.503,0.0,-1.0,0.6778907179832458,0.0,5,106.76892197352836,-0.14054115768,-2.0,-78.2850821056809,-1.0,0.0,93.28561849999623,
727,109.033,-0.418489,0.0242226,0.254322,328.109,338.108,0.0,1.0,0.8429259657859802,0.2134036421775818,5,107.68061261754234,-0.13864745313,-2.0,-78.47116497655941,-1.0,0.0,94.17129041792843,
728,108.766,-1.03609,0.00693595,0.251959,328.714,338.713,0.0,-0.14556455612182617,0.08881616592407227,0.0,5,108.38618904110031,-0.13702286297,-1.1455645561218262,-78.42751750663854,-1.0,0.0,95.14136918529798,
729,108.873,-2.05807,-0.00981003,0.250631,329.318,339.317,0.0,-0.2776595950126648,1.0,0.0,5,108.33374612082366,-0.136434744315,-0.13209503889083862,-78.76010043851639,-1.0,0.0,95.34366779906397,
730,109.148,-2.50922,-0.0217916,0.249967,329.924,339.923,0.0,0.1153048425912857,0.45531877875328064,0.0,5,107.9329246048085,-0.13641699058,-0.3929644376039505,-79.19611057712719,-1.0,0.0,94.79920169637823,
731,109.216,-2.38081,-0.0325834,0.250392,330.531,340.53,0.0,0.9715226888656616,0.8705514669418335,0.12373632192611694,5,107.3790295385677,-0.13673406336,-0.8562178462743759,-79.42521753293478,-1.0,0.0,94.07164749138518,
732,109.339,-2.36284,-0.0439656,0.252024,331.138,341.137,0.0,-0.017792094498872757,1.0,0.0,5,106.83053919797842,-0.13778026068000002,-0.9893147833645344,-79.73713789640928,-1.0,0.0,93.43539381782767,
733,109.497,-2.82715,-0.0512468,0.254475,331.746,341.745,0.0,-1.0,0.2805781960487366,0.0,5,106.54879153795423,-0.139321245375,-0.9822079055011272,-80.04131396147766,-1.0,0.0,93.10861082670725,
734,109.124,-2.72901,-0.0481577,0.256965,332.354,342.353,0.0,-0.7426683306694031,0.5311124324798584,0.43655091524124146,5,106.37092130992572,-0.1402052433,-0.2573316693305969,-79.67640587076764,-1.0,0.0,93.20205568521139,
735,108.573,-2.08149,-0.0386261,0.259196,332.958,342.957,0.0,0.09975355863571167,0.32276487350463867,0.0,5,106.39566153416769,-0.14070843653999998,-0.8424218893051147,-79.04090491685359,-1.0,0.0,93.14609079330812,
736,108.28,-1.47528,-0.0254303,0.26092,333.56,343.559,0.0,-1.0,0.0,0.0,5,106.86834148922232,-0.14126208799999998,-1.0997535586357117,-78.59916982293117,-1.0,0.0,93.60727786019191,
737,108.069,-0.700365,-0.00827843,0.261708,334.161,344.16,0.0,0.46193331480026245,0.0,0.0,5,107.61798119048036,-0.14141260926000002,-1.4619333148002625,-78.15699304626986,-1.0,0.0,94.31443962983981,
738,108.062,0.0794916,0.0100518,0.261491,334.761,344.76,0.0,-0.8703095316886902,1.0,0.0,5,107.51344116485865,-0.14128620220999996,-1.3322428464889526,-77.869632752631,-1.0,0.0,94.29203719580732,
739,108.336,1.10613,0.0304255,0.260136,335.362,345.361,0.0,1.0,1.0,0.0,5,106.63802573179335,-0.14091046848,-1.8703095316886902,-77.79365431405112,-1.0,0.0,93.26697425669907,
740,108.747,2.70662,0.0481788,0.258032,335.965,345.964,0.0,0.6769696474075317,1.0,0.0,5,106.00217617349408,-0.14030102951999998,-0.32303035259246826,-77.86610104935414,-1.0,0.0,93.08505088079322,
741,109.178,3.09968,0.0582829,0.255531,336.571,346.57,0.0,-1.0,1.0,0.0,5,105.81281503604755,-0.13949181759,-1.6769696474075317,-78.07074554062991,-1.0,0.0,92.45962049314082,
742,109.616,3.00413,0.0675755,0.252011,337.178,347.177,0.0,-0.13019612431526184,1.0,0.0,5,105.66495746073734,-0.13812218888,-0.8698038756847382,-78.27049314494978,-1.0,0.0,92.52532013740945,
743,109.914,2.71499,0.0764858,0.247386,337.788,347.787,0.0,-0.45124009251594543,0.6153658628463745,0.0,5,105.39332107883152,-0.13595592402,-0.3210439682006836,-78.30943071010142,-1.0,0.0,92.4146373578361,
744,110.184,2.45852,0.0853647,0.241547,338.399,348.398,0.0,0.47289714217185974,0.9667648077011108,0.0,5,105.08557871392556,-0.13307307324,-0.9241372346878052,-78.29094370242952,-1.0,0.0,91.93162291491478,
745,110.648,2.76241,0.0909144,0.234897,339.011,349.01,0.0,0.21627169847488403,1.0,0.0,5,105.16821604165702,-0.12995441627999998,-0.2566254436969757,-78.50911887448476,-1.0,0.0,92.1849061610952,
746,111.157,2.27347,0.0900342,0.227991,339.626,349.625,0.0,-0.03429996967315674,0.8949868083000183,0.0,5,105.70956816373146,-0.126713977935,-0.25057166814804077,-78.89045261730037,-1.0,0.0,92.674114792757,
747,111.646,1.9909,0.0874677,0.220695,340.244,350.243,0.0,1.0,1.0,0.0,5,106.34270699580226,-0.12319856985000001,-1.0342999696731567,-79.27703708797577,-1.0,0.0,93.01766287185394,
748,112.158,1.33659,0.0807158,0.213548,340.864,350.863,0.0,-0.007910549640655518,1.0,0.0,5,107.27129343168666,-0.11975558291999999,-1.0079105496406555,-79.77064691272224,-1.0,0.0,93.88356764696611,
749,112.398,0.396777,0.0779948,0.206071,341.486,351.485,0.0,-0.43139517307281494,0.25450825691223145,0.0,5,107.67751702620976,-0.11580984129,-0.4234846234321594,-79.90894461206975,-1.0,0.0,94.44832010607963,
750,112.682,0.110679,0.080864,0.197986,342.11,352.109,0.0,1.0,1.0,0.0,5,107.76279265026194,-0.11154729226000001,-1.431395173072815,-79.97296271670473,-1.0,0.0,94.2258823985744,
751,113.142,0.64747,0.0812815,0.189837,342.735,352.734,0.0,0.7345064282417297,1.0,0.0,5,108.17534480790233,-0.10739268927000001,-0.26549357175827026,-80.25913151198637,-1.0,0.0,94.94943432030689,
752,113.297,0.501902,0.0761153,0.182172,343.363,353.362,0.0,-0.18801331520080566,0.0,0.0,5,108.66130780157177,-0.10319770542000001,-0.9225197434425354,-80.35873775075558,-1.0,0.0,95.22754351050565,
753,113.585,0.386294,0.0703135,0.174785,343.991,353.99,0.0,1.0,1.0,0.0,5,109.31434440051717,-0.099264771125,-1.1880133152008057,-80.60929257771716,-1.0,0.0,95.76728174817437,
754,113.728,0.301844,0.060114,0.16816,344.622,354.621,0.0,1.0,0.17217671871185303,0.0,5,110.10630876192994,-0.0956225024,-0.0,-80.81206343425725,-1.0,0.0,96.88887674439134,
755,113.3,-0.075452,0.046188,0.162583,345.252,355.251,0.0,0.23192960023880005,0.0,0.19772881269454956,5,110.56354829169422,-0.0921032695,-0.7680703997612,-80.52874918468933,-1.0,0.0,97.16171152456245,
756,113.252,-0.621087,0.0301567,0.158136,345.88,355.879,0.0,1.0,1.0,0.0,5,111.49311223943327,-0.08954609136,-0.7680703997612,-80.67691749818582,-1.0,0.0,98.07160740341703,
757,113.099,-1.36166,0.0124495,0.15488,346.509,356.508,0.0,0.27937617897987366,1.0,0.3944595158100128,5,112.3862406887992,-0.0875838656,-0.7206238210201263,-80.76117075931039,-1.0,0.0,98.9682940629966,
758,112.62,-1.91213,-0.00414401,0.15278,347.136,357.135,0.0,1.0,0.08872467279434204,0.0,5,112.38568446472941,-0.08603041800000001,-0.7206238210201263,-80.51175806743696,-1.0,0.0,99.00670319030782,
759,112.398,-2.44618,-0.0213294,0.151984,347.761,357.76,0.0,-0.30246636271476746,1.0,0.15229246020317078,5,111.17383354726799,-0.08541348816000001,-1.3024663627147675,-80.54266700848976,-1.0,0.0,97.6162800990201,
760,112.3,-3.22784,-0.0371648,0.152347,348.385,358.384,0.0,-0.5474413633346558,0.8970717787742615,0.0,5,110.13613012769868,-0.08554284050000001,-0.2449750006198883,-80.68843755838697,-1.0,0.0,96.87382915325468,
761,111.951,-3.44934,-0.0484465,0.153594,349.008,359.007,0.0,0.87480628490448,0.8354921340942383,0.5826045870780945,5,109.10889126465248,-0.08597500947,-1.4222476482391357,-80.52582028691005,-1.0,0.0,95.51736891767423,
762,110.841,-3.48635,-0.0568392,0.155821,349.627,359.626,0.0,-1.0,0.0,0.5200386047363281,5,107.5136404731209,-0.08635677730499998,-1.87480628490448,-79.57550720042941,-1.0,0.0,93.92851573028014,
763,110.092,-3.16194,-0.0622081,0.158755,350.24,360.239,0.0,0.48500490188598633,1.0,0.0,5,106.45695014170404,-0.08738827730000001,-1.4850049018859863,-78.95513310559329,-1.0,0.0,93.08079042799925,
764,110.128,-2.65244,-0.0698545,0.16277,350.852,360.85,0.0,1.0,1.0,0.0,5,106.01607541693183,-0.0896276728,-0.5149950981140137,-79.16937212342899,-1.0,0.0,92.89654339618326,
765,109.953,-2.48667,-0.0803123,0.168018,351.463,361.461,0.0,-0.5654021501541138,1.0,0.35270822048187256,5,105.18804432447025,-0.09237041577,-1.5654021501541138,-79.23004701692886,-1.0,0.0,91.74154621111468,
766,109.486,-2.59716,-0.0896409,0.174286,352.071,362.07,0.0,0.03503882884979248,1.0,0.14131039381027222,5,104.14576514614637,-0.09540938498000001,-0.6004409790039062,-78.99910314249743,-1.0,0.0,91.02035799609058,
767,109.251,-2.23907,-0.0971044,0.181417,352.677,362.676,0.0,0.3694566488265991,0.0,0.0,5,103.44028204890397,-0.09909994333500001,-0.33441781997680664,-78.98976935747656,-1.0,0.0,90.39239135595443,
768,109.413,-1.96426,-0.106554,0.189739,353.282,363.281,0.0,0.3073127269744873,1.0,0.0,5,102.97429114198108,-0.103799566035,-0.062143921852111816,-79.42164124451844,-1.0,0.0,89.9386022127127,
769,108.937,-2.12706,-0.116329,0.199136,353.887,363.886,0.0,-0.622868537902832,0.0,0.4126403033733368,5,101.87875439209279,-0.10846639216,-0.9301812648773193,-79.2362363734533,-1.0,0.0,88.60579816445161,
770,108.023,-2.49786,-0.119673,0.208841,354.486,364.485,0.0,-1.0,0.0,0.2266334891319275,5,100.80208940331579,-0.112798156715,-0.37713146209716797,-78.54161061618703,-1.0,0.0,87.79491021554358,
771,107.274,-2.41928,-0.114063,0.218263,355.082,365.081,0.0,-1.0,0.12739288806915283,0.21787995100021362,5,100.47217963239547,-0.11706972531000001,-0.0,-77.90369663078027,-1.0,0.0,87.66955541246843,
772,106.952,-1.94915,-0.101206,0.227013,355.674,365.673,0.0,-1.0,1.0,0.0,5,101.00187341949004,-0.12139747188,-0.0,-77.59498652791807,-1.0,0.0,88.24122796842232,
773,106.933,-1.19759,-0.0835549,0.234827,356.266,366.265,0.0,0.8738335967063904,0.7581909894943237,0.0,5,102.09775319561241,-0.12555377795500003,-1.8738335967063904,-77.50989071494993,-1.0,0.0,88.783565731403,
774,106.986,-0.301726,-0.0632125,0.241546,356.859,366.858,0.0,-1.0,1.0,0.0,5,103.39314797408244,-0.12921020178,-1.8738335967063904,-77.43406605313284,-1.0,0.0,90.0866777853206,
775,106.912,0.661689,-0.0410571,0.247049,357.453,367.452,0.0,-0.12237799167633057,0.0,0.0,5,104.62777087506907,-0.13206251344,-0.8776220083236694,-77.17216005423029,-1.0,0.0,91.65659775099742,
776,106.757,1.66993,-0.0185462,0.251215,358.045,368.044,0.0,0.3428471088409424,1.0,0.0,5,105.74872878965535,-0.13409479877500002,-0.46522510051727295,-76.78336358397601,-1.0,0.0,92.95756192312876,
777,106.804,2.68895,0.00220585,0.254199,358.639,368.638,0.0,-0.20191124081611633,0.0,0.0,5,106.68594345185909,-0.13574734998000001,-0.5447583496570587,-76.5831965692505,-1.0,0.0,93.8992891115944,
778,106.853,3.72889,0.0177803,0.256212,359.232,369.231,0.0,1.0,1.0,0.0,5,105.88622109445274,-0.13688510418,-1.2019112408161163,-76.43230178316085,-1.0,0.0,92.92391735055378,
779,107.288,3.73557,0.0252931,0.257672,359.827,369.826,0.0,-0.11007889360189438,1.0,0.0,5,105.89700517645424,-0.13822556768000002,-1.1100788936018944,-76.7777315646027,-1.0,0.0,92.90909620600327,
780,107.739,3.71414,0.0298918,0.25829,360.425,370.424,0.0,0.2691947817802429,1.0,0.0,5,106.08085359251993,-0.13913953155000003,-0.3792736753821373,-77.16724833281548,-1.0,0.0,93.25284470843297,
781,108.055,3.38813,0.0256591,0.258754,361.025,371.024,0.0,0.26749593019485474,0.5186187624931335,0.0,5,106.63328590788451,-0.13979831735,-0.0016988515853881836,-77.56111339956811,-1.0,0.0,93.85881092512369,
782,108.376,2.18586,0.0174898,0.259154,361.626,371.625,0.0,-0.654043972492218,0.7571452260017395,0.0,5,107.4117357215851,-0.14043036952000001,-0.9215399026870728,-78.02007932544296,-1.0,0.0,94.29183148244253,
783,108.438,1.01832,0.0141686,0.258993,362.229,372.228,0.0,-1.0,0.029062747955322266,0.0,5,107.65893413898267,-0.14042341467,-0.345956027507782,-78.13076522016567,-1.0,0.0,94.69510913303549,
784,108.645,0.346919,0.016675,0.258064,362.832,372.831,0.0,-0.6491869688034058,1.0,0.0,5,107.72410996363307,-0.1401868164,-0.35081303119659424,-78.27954594444535,-1.0,0.0,94.7367473462073,
785,109.026,0.166677,0.0242499,0.25626,363.436,373.435,0.0,0.7074142098426819,1.0,0.0,5,107.67213954403317,-0.1396950138,-1.3566011786460876,-78.5034863420458,-1.0,0.0,94.34994122533249,
786,109.395,0.612994,0.0335425,0.253675,364.043,374.042,0.0,1.0,1.0,0.0,5,107.49911877218094,-0.13875388312499998,-0.2925857901573181,-78.66857879609147,-1.0,0.0,94.47230233259502,
787,109.48,1.27781,0.0360494,0.25103,364.651,374.65,0.0,0.30752700567245483,0.0,0.0,5,107.43595306000614,-0.137413822,-0.6924729943275452,-78.65777165745476,-1.0,0.0,94.29213159108966,
788,109.419,1.40077,0.0302187,0.248863,365.259,375.258,0.0,1.0,0.34872573614120483,0.0,5,107.7160463740398,-0.136151702985,-0.6924729943275452,-78.64822945391194,-1.0,0.0,94.57491835466975,
789,109.256,1.1354,0.0181315,0.247489,365.867,375.866,0.0,1.0,0.0,0.0,5,108.24760815419266,-0.13519829092,-0.0,-78.65185910370951,-1.0,0.0,95.31463099771624,
790,109.321,0.550186,0.00156027,0.247162,366.474,376.473,0.0,-0.15147271752357483,0.7307398319244385,0.0,5,109.23558182845282,-0.13509998501,-1.1514727175235748,-78.96780708722721,-1.0,0.0,95.90986896510167,
791,109.27,-0.213491,-0.0173039,0.24798,367.081,377.08,0.0,-0.29962819814682007,0.0,0.0,5,108.30828992787589,-0.135483873,-0.14815548062324524,-79.2136768715799,-1.0,0.0,95.24630787995193,
792,109.381,-1.00939,-0.0370654,0.250019,367.688,377.687,0.0,1.0,0.7075163722038269,0.0,5,107.27921126151503,-0.13673664119499998,-1.29962819814682,-79.64503389832441,-1.0,0.0,93.80583107612732,
793,109.387,-1.76499,-0.0577581,0.25338,368.296,378.295,0.0,0.8172224760055542,0.14176535606384277,0.0,5,106.04735676817907,-0.13858239030000002,-0.1827775239944458,-79.99559717536435,-1.0,0.0,92.85460154437608,
794,109.527,-2.61953,-0.078955,0.25814,368.903,378.902,0.0,-0.3914494812488556,1.0,0.0,5,104.86642642815606,-0.1413664989,-1.2086719572544098,-80.49895287312631,-1.0,0.0,91.28761541111079,
795,109.236,-3.56679,-0.0992692,0.264189,369.51,379.509,0.0,-1.0,0.3611297607421875,0.3443770408630371,5,103.28523097074591,-0.14429474802,-0.6085505187511444,-80.57096624805754,-1.0,0.0,89.87272612989194,
796,108.629,-4.56815,-0.113058,0.271083,370.114,380.113,0.0,-1.0,0.0,0.0,5,101.80786992872537,-0.147237376035,-0.0,-80.25692922608575,-1.0,0.0,88.62209316877751,
797,108.411,-4.89415,-0.114622,0.278147,370.716,380.715,0.0,-1.0,0.0,0.0,5,101.50006968026456,-0.150770972085,-0.0,-80.19428155153403,-1.0,0.0,88.32015647544945,
798,108.254,-4.07338,-0.104713,0.285077,371.317,381.316,0.0,-0.11558330059051514,0.0,0.0,5,102.00360119735596,-0.15430362779,-0.8844166994094849,-80.06130307331347,-1.0,0.0,88.5747770987461,
799,108.168,-2.81854,-0.0899332,0.291801,371.917,381.916,0.0,-0.27203190326690674,0.0,0.0,5,102.87347115774628,-0.15781765284000002,-0.1564486026763916,-79.93722530287205,-1.0,0.0,89.67813512867257,
800,108.236,-1.83202,-0.0719493,0.297928,372.517,382.516,0.0,-1.0,1.0,0.0,5,104.0655744671595,-0.16123267504000002,-0.7279680967330933,-79.91195791557993,-1.0,0.0,90.69915767576258,
801,108.588,-0.737477,-0.0508019,0.303064,373.118,383.117,0.0,-0.5739379525184631,1.0,0.0,5,105.69085429823208,-0.16454556816,-0.42606204748153687,-80.1026437621012,-1.0,0.0,92.38309355151245,
802,108.8,0.488404,-0.0285003,0.307089,373.722,383.721,0.0,-0.1947963535785675,0.5312628746032715,0.0,5,107.20560922417079,-0.167056416,-0.37914159893989563,-80.10293394787544,-1.0,0.0,93.9093702363075,
803,109.095,1.72695,-0.0103596,0.310219,374.327,384.326,0.0,-0.12691953778266907,1.0,0.0,5,108.5240657697315,-0.16921670902500002,-0.06787681579589844,-80.21191983184619,-1.0,0.0,95.3026980411908,
804,108.991,2.59068,0.000928223,0.312755,374.933,384.932,0.0,0.3602463901042938,1.0,0.492639422416687,5,108.94036907756029,-0.170437401025,-0.4871659278869629,-79.99941225458667,-1.0,0.0,95.6238700599812,
805,108.585,2.38674,0.00402188,0.314876,375.537,385.536,0.0,-0.43678098917007446,0.4917888641357422,0.0,5,108.36576446060785,-0.1709540523,-0.7970273792743683,-79.59316390774809,-1.0,0.0,95.01672760836331,
806,108.583,2.1634,0.00522721,0.316391,376.14,386.139,0.0,0.9302894473075867,0.4100332260131836,0.0,5,108.29772477805922,-0.171773419765,-1.3670704364776611,-79.60562123655764,-1.0,0.0,94.77498704186728,
807,108.932,1.53631,0.00227362,0.317784,376.745,386.744,0.0,-0.22588717937469482,1.0,0.0,5,108.80788356618932,-0.17308423344,-1.1561766266822815,-80.02719071157881,-1.0,0.0,95.28386773800781,
808,109.431,1.25925,0.000907958,0.318785,377.351,387.35,0.0,1.0,1.0,0.0,5,109.38127552409311,-0.174424806675,-1.2258871793746948,-80.56717073221226,-1.0,0.0,95.75400895377386,
809,109.842,0.744933,-0.00298727,0.319877,377.961,387.96,0.0,-0.14323832094669342,0.6699985265731812,0.0,5,109.6774462856719,-0.17567964717,-1.1432383209466934,-81.05730406622297,-1.0,0.0,96.00019953228446,
810,110.264,0.595416,-0.00468946,0.320762,378.572,388.571,0.0,0.9031863808631897,1.0,0.0,5,110.00424923134528,-0.17684250584,-1.0464247018098831,-81.5223340775104,-1.0,0.0,96.28512920333577,
811,110.73,0.657859,-0.010815,0.322096,379.186,389.185,0.0,0.28336095809936523,1.0,0.0,5,110.12476353622645,-0.17832845040000003,-0.6198254227638245,-82.10304487026258,-1.0,0.0,96.44503072845792,
812,111.222,0.0574061,-0.0191289,0.323987,379.803,389.801,0.0,-0.5171374678611755,1.0,0.0,5,110.1379393479233,-0.18017241057000002,-0.8004984259605408,-82.75009384674078,-1.0,0.0,96.30510333255401,
813,111.739,-0.690941,-0.0212697,0.325763,380.422,390.421,0.0,-1.0,1.0,0.0,5,110.52548767709676,-0.18200215928500002,-0.48286253213882446,-83.33373006641197,-1.0,0.0,96.6985672482083,
814,112.224,-0.720687,-0.016803,0.327057,381.044,391.043,0.0,1.0,1.0,0.0,5,111.26535209615142,-0.18351822384000002,-2.0,-83.78493672428715,-1.0,0.0,96.91409336366836,
815,112.719,-0.578154,-0.00987637,0.327946,381.669,391.668,0.0,-0.5917434692382812,1.0,0.0,5,112.15688436186007,-0.18482872587,-1.5917434692382812,-84.20272254308077,-1.0,0.0,97.86412421375645,
816,112.832,-0.189871,0.000142157,0.328117,382.296,392.295,0.0,0.8262726664543152,0.0,0.0,5,112.82397893062593,-0.18511048672,-1.4180161356925964,-84.17756788208845,-1.0,0.0,98.58682842088487,
817,112.977,0.0713827,0.00997049,0.327658,382.923,392.922,0.0,-1.0,1.0,0.0,5,112.4081757940762,-0.18508908933000004,-1.8262726664543152,-84.17012582038794,-1.0,0.0,98.04968603175172,
818,113.396,0.382398,0.0224583,0.326255,383.552,393.551,0.0,-0.3614310324192047,1.0,0.0,5,112.0941704788096,-0.18498005990000002,-0.6385689675807953,-84.3724674789577,-1.0,0.0,98.06174960679172,
819,113.772,0.958839,0.0362288,0.323867,384.183,394.182,0.0,-0.17366188764572144,0.9221706390380859,0.0,5,111.6368831019797,-0.18423498162000002,-0.18776914477348328,-84.4840092870815,-1.0,0.0,97.72371598386545,
820,114.19,1.90591,0.0467519,0.320492,384.879,394.878,0.0,1.0,0.7923372983932495,0.0,5,111.39690045753233,-0.18298490739999998,-1.1736618876457214,-84.66066001414865,-1.0,0.0,97.16271798171631,
821,114.684,2.25179,0.0452023,0.317219,385.579,395.578,0.0,0.6581816673278809,1.0,0.0,5,111.97574832871142,-0.18189971897999999,-0.34181833267211914,-85.10875900351782,-1.0,0.0,97.92498925940211,
822,114.912,1.70972,0.0345337,0.314514,386.281,396.28,0.0,-0.5791449546813965,1.0,0.18683499097824097,5,112.85971222572282,-0.18070716384000002,-1.2373266220092773,-85.44893294987774,-1.0,0.0,98.49046713279837,
823,115.079,0.975743,0.0205195,0.3125,386.983,396.982,0.0,0.3356121778488159,1.0,0.0,5,113.87417493279341,-0.1798109375,-0.9147571325302124,-85.79037012422738,-1.0,0.0,99.55138133690023,
824,115.529,-0.235643,0.00574368,0.31133,387.688,397.687,0.0,-0.970766544342041,1.0,0.0,5,115.19531538334495,-0.17983821784999998,-1.306378722190857,-86.43695572669394,-1.0,0.0,100.65802018983359,
825,115.859,-0.620344,-0.00398147,0.310586,388.395,398.394,0.0,1.0,0.3562513589859009,0.0,5,115.62743773979288,-0.17992091686999998,-1.970766544342041,-86.89268024757027,-1.0,0.0,100.82238482248474,
826,116.162,-0.704628,-0.0160167,0.31102,389.104,399.103,0.0,0.46671855449676514,0.9939185380935669,0.0,5,115.21687434887484,-0.18064352620000002,-0.5332814455032349,-87.37510298069624,-1.0,0.0,100.76998094191943,
827,116.631,-1.23767,-0.0305548,0.31274,389.815,399.814,0.0,-0.017572641372680664,1.0,0.0,5,114.79501992683176,-0.1823758947,-0.4842911958694458,-88.07886662961943,-1.0,0.0,100.255526678928,
828,115.938,-1.99625,-0.0397215,0.315191,390.527,400.526,0.0,-0.29127711057662964,1.0,1.0,5,113.54453850732399,-0.18271307079000002,-0.273704469203949,-87.55831712650757,-1.0,0.0,99.14596652679667,
829,115.204,-2.13168,-0.0397331,0.317807,391.232,401.231,0.0,-1.0,1.0,0.0,5,112.82497070798172,-0.18306318814,-0.7087228894233704,-86.8787377770302,-1.0,0.0,98.39747998646018,
830,114.959,-1.78985,-0.0315607,0.320063,391.935,401.934,0.0,0.03520875424146652,0.8611589074134827,0.0,5,113.0879585916359,-0.183970612085,-1.0352087542414665,-86.57279771790527,-1.0,0.0,98.60750569559266,
831,115.035,-0.653105,-0.0214319,0.321897,392.638,402.637,0.0,0.9617589116096497,0.9725354313850403,0.0,5,113.77596676750919,-0.185147106975,-0.9265501573681831,-86.55062954882098,-1.0,0.0,99.3302601810006,
832,115.537,-0.332305,-0.0157238,0.323777,393.342,403.341,0.0,-0.2628866732120514,1.0,0.0,5,114.6144148210156,-0.187041116245,-1.224645584821701,-87.01380522802539,-1.0,0.0,100.00790924512029,
833,116.115,0.286524,-0.00789088,0.32508,394.05,404.049,0.0,1.0,1.0,0.0,5,115.65326499985757,-0.18873332099999998,-1.2628866732120514,-87.51008573688779,-1.0,0.0,100.95915281636078,
834,116.043,0.313463,-0.00423402,0.326255,394.76,404.759,0.0,-0.8214315176010132,0.21687030792236328,0.19218802452087402,5,115.79629639702404,-0.189298044825,-1.8214315176010132,-87.41134199701318,-1.0,0.0,100.94886759736676,
835,115.449,0.471127,0.000629187,0.3268,395.467,405.466,0.0,0.5887629985809326,1.0,0.47228819131851196,5,115.4126576456552,-0.188643666,-1.4101945161819458,-86.75948693337581,-1.0,0.0,100.78703258479423,
836,115.188,0.339052,0.00321656,0.327097,396.172,406.17,0.0,-0.18913638591766357,1.0,0.0,5,115.00214988092547,-0.18838824618000002,-0.7778993844985962,-86.46753482270874,-1.0,0.0,100.61026159598958,
837,115.517,0.687604,0.00702947,0.326915,396.876,406.875,0.0,1.0,1.0,0.0,5,115.10813766582423,-0.18882120027500002,-1.1891363859176636,-86.73728214175823,-1.0,0.0,100.5519832285102,
838,116.009,0.978342,0.00277674,0.327189,397.584,407.583,0.0,0.2778549790382385,1.0,0.0,5,115.84748956070354,-0.189784343505,-0.7221450209617615,-87.29685901399898,-1.0,0.0,101.34653285881016,
839,116.52,0.714333,-0.00833923,0.328277,398.294,408.293,0.0,1.0,1.0,0.0,5,116.03011055378755,-0.19125418019999998,-0.7221450209617615,-87.9892082128799,-1.0,0.0,101.42383163536702,
840,116.895,0.121447,-0.0240967,0.330511,399.008,409.007,0.0,1.0,1.0,0.0,5,115.45280846581394,-0.193175416725,-0.0,-88.62813459189363,-1.0,0.0,100.96541286030491,
841,116.821,-0.55428,-0.0422153,0.334084,399.722,409.721,0.0,1.0,0.0,0.0,5,114.2518358189587,-0.19514013481999998,-0.0,-88.86764456634947,-1.0,0.0,99.72654899918628,
842,116.452,-1.28193,-0.0621958,0.339189,400.434,410.433,0.0,1.0,0.0,0.0,5,112.60775763426732,-0.19749618714,-0.0,-88.8554697833224,-1.0,0.0,98.08194097962895,
843,116.049,-2.14565,-0.0843175,0.345938,401.143,411.142,0.0,0.36611950397491455,0.0,0.0,5,110.75003688856785,-0.20072879481000003,-0.6338804960250854,-88.85468588840675,-1.0,0.0,96.0309410616893,
844,116.098,-3.27674,-0.108084,0.354394,401.851,411.85,0.0,-0.5409508347511292,1.0,0.0,5,109.15856344524423,-0.20572217306,-0.9070703387260437,-89.34332788464789,-1.0,0.0,94.27922098786924,
845,116.165,-4.3619,-0.132134,0.364494,402.559,412.557,0.0,0.3822491466999054,0.05710601806640625,0.0,5,107.50002931584126,-0.21170722755000002,-0.9231999814510345,-89.86971677277464,-1.0,0.0,92.53090457793975,
846,116.146,-5.2893,-0.155696,0.376419,403.265,413.264,0.0,0.4437514543533325,0.48793745040893555,0.0,5,105.73583216108861,-0.21859780587,-0.061502307653427124,-90.32677925265753,-1.0,0.0,90.94976677502395,
847,116.281,-6.23278,-0.17807,0.39016,403.972,413.971,0.0,0.01476161926984787,0.8775186538696289,0.0,5,104.14384223224526,-0.22684097480000004,-0.42898983508348465,-90.94081846947422,-1.0,0.0,89.14718153649909,
848,116.384,-7.34552,-0.192793,0.40518,404.678,414.677,0.0,-1.0,0.0,0.0,5,103.07810549026362,-0.2357823456,-1.0147616192698479,-91.43282848441781,-1.0,0.0,87.82297038621999,
849,116.689,-7.11799,-0.191127,0.420635,405.385,415.384,0.0,-1.0,1.0,0.0,5,103.48074113480321,-0.24541738757499998,-0.0,-91.9330843433332,-1.0,0.0,88.44536109572823,
850,117.215,-5.61782,-0.175792,0.436184,406.095,416.094,0.0,-1.0,1.0,0.0,5,105.15877419640954,-0.2556365378,-0.0,-92.4534426984085,-1.0,0.0,90.03512125384826,
851,117.617,-3.59824,-0.129858,0.450093,406.868,416.867,0.0,1.0,1.0,0.0,5,109.0113901192335,-0.26469294190500003,-2.0,-92.65544235629515,-1.0,0.0,93.24838082388423,
852,117.603,-1.47682,-0.0804489,0.460312,407.65,417.649,0.0,0.28438153862953186,1.0,0.2435789257287979,5,112.49722542542895,-0.27067036068,-0.7156184613704681,-92.26941122935796,-1.0,0.0,97.17145784193411,
853,116.395,0.681385,-0.036115,0.467032,408.431,418.43,0.0,1.0,0.0,1.0,5,114.21775579726298,-0.2718009482,-0.7156184613704681,-90.60041452164815,-1.0,0.0,99.14120713240462,
854,115.058,2.20005,-0.000113666,0.470745,409.204,419.203,0.0,1.0,1.0,0.0,5,115.05146016542774,-0.27081489105000006,-0.0,-88.78649452353369,-1.0,0.0,100.4626710958477,
855,114.814,2.7942,0.0232466,0.471922,409.972,419.971,0.0,1.0,1.0,0.0,5,113.44858102808305,-0.27091626254,-0.0,-88.16789259197509,-1.0,0.0,98.95248087674679,
856,114.894,2.36236,0.0347257,0.471056,410.74,420.739,0.0,-0.8692043423652649,1.0,0.0,5,112.83024672198276,-0.27060754032,-1.869204342365265,-88.01188401185651,-1.0,0.0,97.7970952771747,
857,115.014,1.42976,0.039098,0.468485,411.508,421.507,0.0,1.0,0.7857627272605896,0.0,5,112.67826702495837,-0.26941166894999996,-1.869204342365265,-87.97892944340629,-1.0,0.0,97.65125463678785,
858,115.148,0.279073,0.0396708,0.464563,412.276,422.275,0.0,1.0,1.0,0.0,5,112.77399590995871,-0.26746750162,-0.0,-87.99639894223546,-1.0,0.0,98.3070685670034,
859,114.278,-1.0974,0.0399069,0.459362,413.041,423.04,0.0,0.42734992504119873,0.5434330701828003,1.0,5,111.90737958149506,-0.26247485318,-0.5726500749588013,-86.98241793989365,-1.0,0.0,97.42574701484338,
860,113.278,-2.10516,0.0441421,0.452683,413.797,423.796,0.0,0.8632274866104126,1.0,0.0,5,110.66830286993616,-0.25639512437,-0.43587756156921387,-85.71937884436161,-1.0,0.0,96.42323765044115,
861,112.668,-2.57969,0.0502353,0.444734,414.546,424.545,0.0,0.5795605182647705,0.0,0.0,5,109.69710096827204,-0.25053645156000004,-0.2836669683456421,-84.76837419605776,-1.0,0.0,95.6462082967997,
862,112.304,-2.84154,0.0558142,0.435799,415.29,425.289,0.0,1.0,0.6247066855430603,0.0,5,108.99666731163904,-0.24470985448000002,-0.4204394817352295,-84.04169436157056,-1.0,0.0,95.01957145840288,
863,111.869,-3.14144,0.0598123,0.426043,416.03,426.029,0.0,1.0,0.0,0.0701180249452591,5,108.32537669968472,-0.238305021835,-0.0,-83.2530631815067,-1.0,0.0,94.59911220062372,
864,111.327,-3.57146,0.0620957,0.415584,416.765,426.764,0.0,-0.012444019317626953,0.28853708505630493,0.0,5,107.65819426335194,-0.23132859984,-1.012444019317627,-82.37582178563366,-1.0,0.0,93.76675918987162,
865,110.867,-4.06539,0.0629768,0.404493,417.494,427.493,0.0,1.0,0.0,0.0,5,107.15850181706946,-0.224224627155,-1.012444019317627,-81.59708370357032,-1.0,0.0,93.39098142858364,
866,110.633,-4.70105,0.0629022,0.392802,418.22,428.219,0.0,1.0,1.0,0.23875421285629272,5,106.93696666162799,-0.21728431833,-0.0,-81.05150308047274,-1.0,0.0,93.56195688122708,
867,110.488,-5.32971,0.0631977,0.380469,418.941,428.94,0.0,1.0,1.0,0.0,5,106.77846149739993,-0.21018629436000003,-0.0,-80.56773796906182,-1.0,0.0,93.48311450768065,
868,110.249,-5.77986,0.0641485,0.367533,419.66,429.659,0.0,1.0,0.0,0.0,5,106.48850954544123,-0.202600728585,-0.0,-79.9602298037705,-1.0,0.0,93.29187434629065,
869,109.772,-6.07765,0.0656681,0.354128,420.374,430.373,0.0,1.0,0.0,0.0,5,105.93373072568801,-0.19436669408,-0.0,-79.0898749106259,-1.0,0.0,92.87588279501412,
870,108.997,-6.42547,0.0683322,0.34025,421.082,431.081,0.0,-0.05542576313018799,0.9167083501815796,0.7393550872802734,5,105.02152471960329,-0.18543114625,-1.055425763130188,-77.88125221853089,-1.0,0.0,91.83727801163461,
871,107.879,-6.53146,0.0751401,0.325679,421.781,431.78,0.0,-0.15390372276306152,0.0,0.0,5,103.52539239137214,-0.175669624205,-0.09847795963287354,-76.19863636572333,-1.0,0.0,90.89038392441878,
872,107.124,-6.09412,0.0834758,0.310542,422.471,432.47,0.0,0.5586208701133728,0.0,0.0,5,102.28504547935117,-0.16633250604,-0.7125245928764343,-74.80387623786072,-1.0,0.0,89.68437415976912,
873,106.711,-5.6892,0.0901023,0.295088,423.155,433.154,0.0,1.0,1.0,0.25016874074935913,5,101.47717929075343,-0.15744567784000002,-0.4413791298866272,-73.77643214189686,-1.0,0.0,89.1208550526629,
874,106.222,-5.36335,0.0959798,0.279339,423.834,433.833,0.0,0.9084604978561401,0.0,0.0,5,100.64335030114377,-0.14835973629,-0.09153950214385986,-72.67664443473582,-1.0,0.0,88.56603204900023,
875,105.535,-5.12085,0.100937,0.263372,424.506,434.505,0.0,0.25777626037597656,0.17110146582126617,0.14958539605140686,5,99.68069269972682,-0.1389748201,-0.6506842374801636,-71.39298599965139,-1.0,0.0,87.63756470843506,
876,105.232,-4.94839,0.105444,0.247163,425.173,435.172,0.0,1.0,1.0,0.0,5,99.10976784897828,-0.13004728408,-0.7422237396240234,-70.49310882598581,-1.0,0.0,87.18308711911318,
877,105.026,-4.78706,0.10922,0.230684,425.836,435.835,0.0,1.0,0.0,0.0,5,98.67612087500288,-0.12113908892,-0.0,-69.70094713379751,-1.0,0.0,87.09983971601325,
878,104.606,-4.62984,0.112303,0.214045,426.495,436.494,0.0,1.0,0.0,0.0,5,98.08560451457647,-0.11195195635,-0.0,-68.93474098100825,-1.0,0.0,86.63344141107524,
879,104.451,-4.54698,0.115105,0.197257,427.15,437.148,0.0,1.0,0.7542765736579895,0.0,5,97.76166897847096,-0.103018454535,-0.0,-69.04398374615562,-1.0,0.0,86.30205296201262,
880,104.212,-4.43252,0.118012,0.180283,427.801,437.8,0.0,1.0,0.08451798558235168,0.0,5,97.35230006911803,-0.09393825998000001,-0.0,-69.07428692700677,-1.0,0.0,85.89721877008701,
881,103.803,-4.31258,0.120574,0.163174,428.448,438.447,0.0,1.0,0.0,0.0,5,96.80654572631758,-0.08468975361,-0.0,-68.93429540691251,-1.0,0.0,85.3817116616707,
882,103.38,-4.24678,0.122294,0.14598,429.09,439.089,0.0,-0.0235598087310791,0.12370021641254425,0.0,5,96.30226480478552,-0.075457062,-1.023559808731079,-68.77438427075744,-1.0,0.0,84.60358215955259,
883,103.036,-4.23555,0.123094,0.128745,429.728,439.727,0.0,0.8248687982559204,0.1820785403251648,0.0,5,95.93082344311665,-0.0663268491,-0.8484286069869995,-68.68626462984031,-1.0,0.0,84.3070283174445,
884,101.843,-4.5676,0.123468,0.111428,430.359,440.358,0.0,0.7392194271087646,0.0,1.0,5,94.79650666811995,-0.05674080902,-0.08564937114715576,-67.74950267279698,-1.0,0.0,83.55164564683625,
885,100.083,-5.06968,0.125228,0.0936871,430.978,440.977,0.0,1.0,0.0,0.4442206621170044,5,93.04904065499332,-0.0468824301465,-0.26078057289123535,-66.26839250560492,-1.0,0.0,81.98366517713872,
886,98.943,-5.10345,0.128697,0.0756385,431.585,441.584,0.0,1.0,1.0,0.0,5,91.7754653202762,-0.037419500527499996,-0.0,-65.43107973272794,-1.0,0.0,80.9233838598395,
887,98.1139,-4.82424,0.132789,0.0574792,432.185,442.184,0.0,1.0,0.34119299054145813,0.1821277141571045,4,90.75505703913389,-0.0281975424044,-0.0,-64.91434337645455,-1.0,0.0,79.98970799026131,
888,97.2297,-4.45209,0.13648,0.0393778,432.777,442.776,0.0,1.0,1.0,0.025590986013412476,4,89.7111901947497,-0.0191434584033,-0.0,-64.33943153043593,-1.0,0.0,79.04113200678101,
889,96.5363,-4.11322,0.138841,0.0214895,433.363,443.362,0.0,0.46318942308425903,0.0,0.0,4,88.92724909326618,-0.01037258409425,-0.536810576915741,-63.94102181434863,-1.0,0.0,78.16468006394491,
890,95.5524,-3.96543,0.139941,0.00378164,433.942,443.941,0.0,1.0,0.0,0.46115630865097046,4,87.95425295334438,-0.0018067238896800001,-0.536810576915741,-63.239806789302726,-1.0,0.0,77.30543203798457,
891,94.0341,-4.17341,0.141332,-0.0138766,434.511,444.51,0.0,0.45124322175979614,0.362263023853302,0.8004101514816284,4,86.47359542910128,-0.0065243679603,-0.5487567782402039,-62.009834200453554,-1.0,0.0,76.0009688976009,
892,92.6224,-4.16658,0.145162,-0.0317351,435.069,445.068,0.0,1.0,0.0,0.0,4,84.94920112295003,-0.014696905631200002,-0.5487567782402039,-60.91520712519634,-1.0,0.0,74.63259611506732,
893,92.0404,-3.76279,0.149697,-0.0495701,435.62,445.618,0.0,1.0,0.8276745080947876,0.0,4,84.1476640252353,-0.022812259160200004,-0.0,-60.658553018026495,-1.0,0.0,74.02606881337113,
894,91.046,-3.49887,0.154654,-0.0673434,436.164,446.163,0.0,0.2542787790298462,1.0,1.0,4,82.94707300365434,-0.030656735982,-0.7457212209701538,-59.99434497164444,-1.0,0.0,72.69354815563463,
895,90.1241,-3.10177,0.163389,-0.0852629,436.7,446.699,0.0,1.0,1.0,0.021921753883361816,4,81.593870735882,-0.038421210629449996,-0.7457212209701538,-59.440989336314026,-1.0,0.0,71.41558475851441,
896,89.7994,-2.46421,0.173016,-0.10338,437.23,447.229,0.0,1.0,0.9365150332450867,0.0,4,80.72903036792022,-0.046417309860000006,-0.0,-59.49651300882374,-1.0,0.0,70.75813610673666,
897,89.6159,-1.85582,0.181138,-0.121608,437.757,447.756,0.0,1.0,1.0,0.07919985055923462,4,80.07761236470276,-0.054490051835999996,-0.0,-59.68271841166896,-1.0,0.0,70.07071455111642,
898,88.7298,-1.4221,0.188086,-0.139921,438.28,448.279,0.0,0.6249654293060303,0.0,0.4482021927833557,4,78.869649071975,-0.062075811729,-0.3750345706939697,-59.16035360680555,-1.0,0.0,68.82100984801698,
899,87.0897,-1.36194,0.195313,-0.15835,438.793,448.792,0.0,1.0,0.0,1.0,4,76.98295563196935,-0.068953269975,-0.3750345706939697,-57.89012192085645,-1.0,0.0,67.1179737026577,
900,85.1895,-1.52147,0.203014,-0.177155,439.293,449.292,0.0,1.0,0.0,0.8121602535247803,4,74.85193865482243,-0.0754587293625,-0.0,-56.3718304203827,-1.0,0.0,65.32070536240253,
901,83.4628,-1.47329,0.211914,-0.196339,439.779,449.778,0.0,1.0,0.0,0.0,4,72.81832149425453,-0.08193501344600002,-0.0,-55.04480851573074,-1.0,0.0,63.47966520344892,
902,81.7307,-1.28521,0.222027,-0.21579,440.254,450.253,0.0,1.0,0.0,0.9191694855690002,4,70.7256150322261,-0.08818333876500001,-0.0,-53.72780586385757,-1.0,0.0,61.57826081388246,
903,79.7175,-1.25052,0.232677,-0.235568,440.714,450.713,0.0,0.8092443943023682,0.0,0.839891791343689,4,68.37856306424595,-0.09389446020000002,-0.19075560569763184,-52.1408054917744,-1.0,0.0,59.406321098570494,
904,77.8892,-1.07434,0.244113,-0.255646,441.161,451.16,0.0,1.0,0.0,0.0,3,66.1672050215967,-0.099560312116,-0.19075560569763184,-50.75102025264038,-1.0,0.0,57.39776498987535,
905,76.1991,-0.788785,0.256137,-0.275965,441.597,451.596,0.0,-0.15495216846466064,0.0,0.7661755084991455,3,64.0608217192424,-0.10514142315750002,-1.1549521684646606,-49.50917381051795,-1.0,0.0,55.18281857396781,
906,74.301,-0.621255,0.268072,-0.296477,442.019,452.018,0.0,-1.0,0.0,0.7165025472640991,3,61.80706150230215,-0.110142687885,-0.8450478315353394,-48.06443315142013,-1.0,0.0,53.23373949224352,
907,72.7624,-0.44253,0.280222,-0.317224,442.429,452.428,0.0,0.11474567651748657,0.0,0.0,3,59.86232249929578,-0.115409897888,-1.1147456765174866,-46.9868581046295,-1.0,0.0,51.36446018275811,
908,71.1739,-0.263137,0.292385,-0.338252,442.829,452.828,0.0,0.9913598895072937,0.0,0.7703877687454224,3,57.89575017647085,-0.120373570114,-0.8766142129898071,-45.86695549853954,-1.0,0.0,49.63234901767898,
909,69.9058,-0.0943102,0.303771,-0.359473,443.217,453.216,0.0,1.0,0.46909117698669434,0.0,3,56.25004849419735,-0.125646238217,-0.008640110492706299,-45.069278504428205,-1.0,0.0,48.361418447168305,
910,68.6484,0.0233576,0.31391,-0.380937,443.597,453.596,0.0,1.0,1.0,0.9785959124565125,3,54.695170213942696,-0.130753577754,-0.0,-44.28358274232289,-1.0,0.0,46.92187922484026,
911,66.9561,0.0303136,0.323782,-0.402542,443.966,453.965,0.0,1.0,0.0,0.9191387891769409,3,52.82580424865745,-0.13476321203100003,-0.0,-43.068895056767325,-1.0,0.0,45.230706778111355,
912,65.4935,0.0744262,0.333584,-0.42422,444.324,454.323,0.0,1.0,0.0,0.0,3,51.16084495427969,-0.13891826284999997,-0.0,-42.090115629358216,-1.0,0.0,43.708409347025956,
913,64.6231,0.196895,0.342555,-0.446056,444.674,454.673,0.0,0.2581995129585266,0.37516576051712036,0.0,3,50.01518784259877,-0.144127607468,-0.7418004870414734,-41.70831525302931,-1.0,0.0,42.39227280106393,
914,63.7552,0.321956,0.349993,-0.467997,445.017,455.016,0.0,0.04179573059082031,0.0,0.0,3,48.95949867924701,-0.149186211672,-0.2164037823677063,-41.330445820745325,-1.0,0.0,41.5458244597529,
915,63.4141,0.641038,0.355052,-0.48992,445.355,455.354,0.0,1.0,0.8762203454971313,0.0,3,48.43625090011884,-0.15533917936,-0.9582042694091797,-41.47588129382424,-1.0,0.0,40.77206824586246,
916,63.5986,0.949983,0.355239,-0.511641,445.692,455.691,0.0,0.27411288022994995,1.0,0.0,3,48.56746275497659,-0.162698256513,-0.72588711977005,-42.129731375873575,-1.0,0.0,40.86753865615153,
917,62.4952,0.816565,0.353938,-0.533136,446.028,456.026,0.0,1.0,0.0,1.0,3,47.791198512761454,-0.166592204736,-0.72588711977005,-41.49506285759067,-1.0,0.0,40.182580743455844,
918,61.2953,0.721921,0.353299,-0.554237,446.354,456.353,0.0,1.0,0.0,0.0,3,46.9055491741779,-0.16986061593049998,-0.0,-40.769230722128015,-1.0,0.0,39.62030394992819,
919,60.5766,0.913114,0.351898,-0.574919,446.675,456.674,0.0,1.0,0.32425498962402344,0.08617520332336426,3,46.424703316971545,-0.174133191477,-0.0,-40.52327508865425,-1.0,0.0,39.17207886219641,
920,60.0016,1.19251,0.347727,-0.594991,446.992,456.991,0.0,1.0,0.0,0.0,3,46.18736128517957,-0.178502059928,-0.0,-40.40680885541262,-1.0,0.0,38.947837896939674,
921,59.9647,1.35402,0.340024,-0.614386,447.308,457.307,0.0,1.0,1.0,0.04794713854789734,3,46.53211563866728,-0.18441431786700002,-0.0,-40.80948974273579,-1.0,0.0,39.22627785938991,
922,58.9051,1.06321,0.331105,-0.633176,447.622,457.621,0.0,1.0,0.24784636497497559,1.0,3,46.130916152400864,-0.18758712496399998,-0.0,-40.18190796445221,-1.0,0.0,38.91604283276904,
923,57.5252,0.681588,0.324254,-0.651471,447.928,457.927,0.0,1.0,0.0,0.08755949139595032,3,45.36367046618538,-0.19002926168700002,-0.0,-39.243130095309226,-1.0,0.0,38.287171690201994,
924,56.662,0.701871,0.319434,-0.669232,448.227,458.226,0.0,-0.645663857460022,0.24743136763572693,0.0,3,44.89889452710207,-0.19439318774400002,-1.645663857460022,-38.82889370861038,-1.0,0.0,37.386468125828515,
925,55.7553,0.717027,0.315638,-0.686415,448.522,458.521,0.0,0.42949068546295166,0.46961510181427,0.4203888177871704,3,44.347041603975185,-0.1988239234725,-1.0751545429229736,-38.37318505388369,-1.0,0.0,37.06969355954324,
926,54.9937,0.983052,0.312503,-0.703044,448.812,458.811,0.0,0.5350543260574341,0.0,0.0,3,43.87652232783206,-0.20393302005000002,-0.10556364059448242,-38.06340525950596,-1.0,0.0,36.93140942667782,
927,53.8805,1.0899,0.306332,-0.718915,449.097,459.096,0.0,1.0,0.0,0.6308987140655518,3,43.24795918896814,-0.20781827551249998,-0.4649456739425659,-37.381481847394674,-1.0,0.0,36.29343493416366,
928,53.1256,1.09908,0.300484,-0.73415,449.377,459.376,0.0,-0.6156889200210571,0.6186295747756958,0.0,3,42.88309418423749,-0.21300701869999997,-1.6156889200210571,-37.05406491463867,-1.0,0.0,35.62727075233538,
929,52.6574,1.44583,0.293813,-0.748723,449.655,459.654,0.0,1.0,0.0,0.1066453754901886,3,42.77595536555074,-0.21924756323000003,-1.6156889200210571,-37.00381510707531,-1.0,0.0,35.52142886025313,
930,52.3036,1.75226,0.284074,-0.762368,449.931,459.93,0.0,0.6192018985748291,0.0,0.0,3,42.87782445524099,-0.22573632204800007,-0.3807981014251709,-37.04037360450943,-1.0,0.0,35.98179266208902,
931,52.2407,1.61649,0.273717,-0.775335,450.206,460.205,0.0,-0.6198211908340454,0.0,0.0,3,43.235283001071345,-0.2332625778975,-1.2390230894088745,-37.35678116119951,-1.0,0.0,36.02679632217126,
932,52.2516,0.879639,0.270659,-0.788429,450.481,460.48,0.0,-0.7956312894821167,0.0,0.0,3,43.36421205266271,-0.2414888717230001,-0.1758100986480713,-37.79391553809532,-1.0,0.0,36.400892820630986,
933,52.1421,0.645013,0.274472,-0.802125,450.754,460.753,0.0,1.0,1.0,0.26706811785697937,3,43.1240753617545,-0.2499769254375,-1.7956312894821167,-38.17253307757896,-1.0,0.0,35.60952908783552,
934,51.7511,0.936394,0.276415,-0.815755,451.025,461.024,0.0,0.9653268456459045,1.0,0.33660826086997986,3,42.72497056147024,-0.2576313129275,-0.03467315435409546,-38.27632356400672,-1.0,0.0,35.715488767635506,
935,51.2824,1.11936,0.275953,-0.829054,451.293,461.292,0.0,-0.03375077247619629,0.0,0.0,3,42.35587643004937,-0.265045129164,-0.9990776181221008,-38.29958674554702,-1.0,0.0,35.04617000361669,
936,51.0782,1.2859,0.273926,-0.842033,451.56,461.559,0.0,1.0,1.0,0.33388733863830566,3,42.265152864501765,-0.27362762299200005,-1.0337507724761963,-38.589318544881614,-1.0,0.0,34.89300222803466,
937,50.7303,1.58508,0.269837,-0.854593,451.826,461.824,0.0,1.0,0.0,0.0,3,42.132893585065425,-0.28158639198850005,-0.0,-38.73309032441293,-1.0,0.0,35.04134364441499,
938,49.8638,1.69404,0.262678,-0.866454,452.088,462.087,0.0,0.3723165988922119,0.0,0.40153586864471436,3,41.67936740342772,-0.28702117894199997,-0.6276834011077881,-38.341818920341865,-1.0,0.0,34.452768366102106,
939,49.1756,1.5199,0.255858,-0.877786,452.346,462.345,0.0,-0.21368014812469482,0.0,0.0,3,41.35219122390883,-0.29299332790399996,-0.5859967470169067,-38.13052073364795,-1.0,0.0,34.16382076185256,
940,48.3364,1.42031,0.251702,-0.88887,452.6,462.599,0.0,1.0,0.5384600162506104,0.6232374906539917,3,40.794161791117475,-0.29826975624,-1.2136801481246948,-37.790072487543355,-1.0,0.0,33.46327711730856,
941,47.6458,1.38813,0.247864,-0.899557,452.849,462.848,0.0,0.15434837341308594,0.30032217502593994,0.0,3,40.34511821249066,-0.3040349608020001,-0.8456516265869141,-37.60691241222415,-1.0,0.0,33.14635090187897,
942,47.2888,1.61305,0.244004,-0.909911,453.097,463.096,0.0,0.9189512133598328,0.36416494846343994,0.18126124143600464,3,40.17578212959815,-0.31118782440500004,-0.7646028399467468,-37.76933530916786,-1.0,0.0,32.969813156833936,
943,47.0636,1.92382,0.237233,-0.919621,453.342,463.341,0.0,0.4899403750896454,0.0,0.0,3,40.21513859406073,-0.31856095811900004,-0.4290108382701874,-38.0524788710838,-1.0,0.0,33.06000255379811,
944,46.7703,2.04339,0.228182,-0.928682,453.587,463.586,0.0,0.9594115018844604,0.8763260841369629,0.35365021228790283,3,40.26809354694184,-0.325205535847,-0.46947112679481506,-38.25780753304298,-1.0,0.0,33.06337554309996,
945,45.6287,1.65212,0.21904,-0.937275,453.829,463.828,0.0,-0.10366690158843994,0.0,1.0,3,39.58107983544721,-0.3275876245875,-1.0630784034729004,-37.62184893356945,-1.0,0.0,32.291291349782426,
946,44.5881,1.32387,0.212227,-0.945667,454.064,464.063,0.0,1.0,0.47999924421310425,0.0,3,38.89177054365047,-0.33031314870250006,-1.10366690158844,-37.1190759673703,-1.0,0.0,31.662495929365896,
947,44.0056,1.42663,0.206543,-0.953716,454.295,464.294,0.0,0.564467191696167,0.0,0.0,3,38.5580108419044,-0.3349592327040001,-0.435532808303833,-37.09861223397638,-1.0,0.0,31.52759993161279,
948,43.9963,1.69267,0.19944,-0.961203,454.525,464.524,0.0,1.0,1.0,0.0,3,38.76590756828385,-0.3419144849535,-0.435532808303833,-37.65716441224042,-1.0,0.0,31.64475857900314,
949,42.9716,1.58579,0.191303,-0.96815,454.752,464.751,0.0,0.13734465837478638,0.0,0.8075895309448242,3,38.10240960292737,-0.3435491952,-0.8626553416252136,-37.21188750717538,-1.0,0.0,30.918280679163498,
950,41.4194,1.18355,0.185421,-0.974826,454.973,464.971,0.0,0.5191781520843506,0.0,1.0,3,36.89137135528377,-0.34237807039800006,-0.3818334937095642,-36.287972128539664,-1.0,0.0,29.99124741749196,
951,39.78,0.798243,0.181676,-0.981401,455.184,465.183,0.0,1.0,0.0,1.0,3,35.53162074801638,-0.34066738170099997,-0.4808218479156494,-35.36310335189966,-1.0,0.0,28.74224130915573,
952,38.1002,0.496173,0.179507,-0.987893,455.386,465.385,0.0,0.46958592534065247,0.0,0.5754221677780151,2,34.08670879385677,-0.338655583842,-0.5304140746593475,-34.5336938104638,-1.0,0.0,27.408874916047395,
953,36.4418,0.315581,0.178551,-0.99426,455.579,465.578,0.0,-0.8289045095443726,0.0,0.0,2,32.626349934644956,-0.3366040679400001,-1.298490434885025,-33.98499524585286,-1.0,0.0,25.802449449361518,
954,35.4399,0.620188,0.177513,-1.00032,455.765,465.764,0.0,1.0,0.09455549716949463,0.0,2,31.753965926455606,-0.3375123062400001,-1.8289045095443726,-35.4399,-1.0,-50.0,-25.448202732647708,out_of_track
