step,speedX,speedY,angle,trackPos,distFromStart,distRaced,damage,steer,accel,brake,gear,r_speed,r_safety,r_smooth,r_anticipation,r_time,r_terminal,reward_total,terminal_reason
0,-0.00913045,-0.00302988,0.00822276,0.333439,3598.45,0.0,0.0,0.13197031617164612,1.0,0.09802299737930298,1,-0.009092603003111566,1.522224058775e-05,-0.0,-0.0,-1.0,0.0,-1.0090773807625237,
1,-0.00913045,-0.00302988,0.00822276,0.333439,3598.45,0.0,0.0,0.9930024147033691,1.0,0.08504980802536011,1,-0.009092603003111566,1.522224058775e-05,-0.861032098531723,-0.0,-1.0,0.0,-1.2673870103220408,
2,-0.00913045,-0.00302988,0.00822276,0.333439,3598.45,0.0,0.0,-1.0,1.0,0.0,1,-0.009092603003111566,1.522224058775e-05,-1.9930024147033691,-0.0,-1.0,0.0,-1.6069781051735346,
3,-0.00913045,-0.00302988,0.00822276,0.333439,3598.45,0.0,0.0,1.0,1.0,0.0,1,-0.009092603003111566,1.522224058775e-05,-2.0,-0.0,-1.0,0.0,-1.6090773807625238,
4,-0.00913045,-0.00302988,0.00822276,0.333439,3598.45,0.0,0.0,1.0,1.0,0.23815101385116577,1,-0.009092603003111566,1.522224058775e-05,-0.0,-0.0,-1.0,0.0,-1.0090773807625237,
5,-0.00913045,-0.00302988,0.00822276,0.333439,3598.45,0.0,0.0,0.8644250631332397,1.0,0.03983497619628906,1,-0.009092603003111566,1.522224058775e-05,-0.13557493686676025,-0.0,-1.0,0.0,-1.0497498618225518,
6,-0.00913045,-0.00302988,0.00822276,0.333439,3598.45,0.0,0.0,-0.030577391386032104,1.0,0.0,1,-0.009092603003111566,1.522224058775e-05,-0.8950024545192719,-0.0,-1.0,0.0,-1.2775781171183054,
7,-0.00913045,-0.00302988,0.00822276,0.333439,3598.45,0.0,0.0,0.286987841129303,1.0,1.0,1,-0.009092603003111566,1.522224058775e-05,-0.3175652325153351,-0.0,-1.0,0.0,-1.1043469505171244,
8,-0.00913045,-0.00302988,0.00822276,0.333439,3598.45,0.0,0.0,-0.855069637298584,1.0,0.14522039890289307,1,-0.009092603003111566,1.522224058775e-05,-1.142057478427887,-0.0,-1.0,0.0,-1.3516946242908898,
9,-0.00913045,-0.00302988,0.00822276,0.333439,3598.45,0.0,0.0,-1.0,1.0,0.15072740614414215,1,-0.009092603003111566,1.522224058775e-05,-0.14493036270141602,-0.0,-1.0,0.0,-1.0525564895729487,
10,-0.00913045,-0.00302988,0.00822276,0.333439,3598.45,0.0,0.0,0.535198450088501,1.0,0.0,1,-0.009092603003111566,1.522224058775e-05,-1.535198450088501,-0.0,-1.0,0.0,-1.469636915789074,
11,-0.00913045,-0.00302988,0.00822276,0.333439,3598.45,0.0,0.0,-0.8104026317596436,1.0,0.7996590733528137,1,-0.009092603003111566,1.522224058775e-05,-1.3456010818481445,-0.0,-1.0,0.0,-1.412757705316967,
12,-0.00913045,-0.00302988,0.00822276,0.333439,3598.45,0.0,0.0,0.5882753133773804,1.0,1.0,1,-0.009092603003111566,1.522224058775e-05,-1.398677945137024,-0.0,-1.0,0.0,-1.428680764303631,
13,-0.00913045,-0.00302988,0.00822276,0.333439,3598.45,0.0,0.0,-0.8546266555786133,1.0,0.0,1,-0.009092603003111566,1.522224058775e-05,-1.4429019689559937,-0.0,-1.0,0.0,-1.4419479714493217,
14,-0.00913045,-0.00302988,0.00822276,0.333439,3598.45,0.0,0.0,-0.39161932468414307,1.0,0.41825005412101746,1,-0.009092603003111566,1.522224058775e-05,-0.4630073308944702,-0.0,-1.0,0.0,-1.147979580030865,
15,-0.00913045,-0.00302988,0.00822276,0.333439,3598.45,0.0,0.0,1.0,1.0,0.7004697322845459,1,-0.009092603003111566,1.522224058775e-05,-1.391619324684143,-0.0,-1.0,0.0,-1.4265631781677666,
16,-0.00913045,-0.00302988,0.00822276,0.333439,3598.45,0.0,0.0,-0.8823823928833008,1.0,1.0,1,-0.009092603003111566,1.522224058775e-05,-1.8823823928833008,-0.0,-1.0,0.0,-1.573792098627514,
17,-0.00913045,-0.00302988,0.00822276,0.333439,3598.45,0.0,0.0,0.015663862228393555,0.5389962196350098,1.0,1,-0.009092603003111566,1.522224058775e-05,-0.8980462551116943,-0.0,-1.0,0.0,-1.278491257296032,
18,-0.00913045,-0.00302988,0.00822276,0.333439,3598.45,0.0,0.0,-1.0,1.0,0.9667456746101379,1,-0.009092603003111566,1.522224058775e-05,-1.0156638622283936,-0.0,-1.0,0.0,-1.313776539431042,
19,-0.00913045,-0.00302988,0.00822276,0.333439,3598.45,0.0,0.0,-1.0,1.0,1.0,1,-0.009092603003111566,1.522224058775e-05,-0.0,-0.0,-1.0,0.0,-1.0090773807625237,
20,-0.00913045,-0.00302988,0.00822276,0.333439,3598.45,0.0,0.0,-0.5591088533401489,1.0,1.0,1,-0.009092603003111566,1.522224058775e-05,-0.4408911466598511,-0.0,-1.0,0.0,-1.141344724760479,
21,-0.00913045,-0.00302988,0.00822276,0.333439,3598.45,0.0,0.0,-0.1539573073387146,0.8178977966308594,1.0,1,-0.009092603003111566,1.522224058775e-05,-0.4051515460014343,-0.0,-1.0,0.0,-1.130622844562954,
22,-0.00913045,-0.00302988,0.00822276,0.333439,3598.45,0.0,0.0,-0.21230947971343994,1.0,1.0,1,-0.009092603003111566,1.522224058775e-05,-0.05835217237472534,-0.0,-1.0,0.0,-1.0265830324749414,
23,-0.00913045,-0.00302988,0.00822276,0.333439,3598.45,0.0,0.0,-1.0,1.0,1.0,1,-0.009092603003111566,1.522224058775e-05,-0.7876905202865601,-0.0,-1.0,0.0,-1.245384536848492,
24,-0.00913045,-0.00302988,0.00822276,0.333439,3598.45,0.0,0.0,-0.49162888526916504,1.0,0.9969789981842041,1,-0.009092603003111566,1.522224058775e-05,-0.508371114730835,-0.0,-1.0,0.0,-1.1615887151817743,
25,-0.00913045,-0.00302988,0.00822276,0.333439,3598.45,0.0,0.0,-1.0,1.0,1.0,1,-0.009092603003111566,1.522224058775e-05,-0.508371114730835,-0.0,-1.0,0.0,-1.1615887151817743,
26,-0.00913045,-0.00302988,0.00822276,0.333439,3598.45,0.0,0.0,-1.0,1.0,1.0,1,-0.009092603003111566,1.522224058775e-05,-0.0,-0.0,-1.0,0.0,-1.0090773807625237,
27,-0.00913045,-0.00302988,0.00822276,0.333439,3598.45,0.0,0.0,-0.4217221140861511,1.0,0.8235343098640442,1,-0.009092603003111566,1.522224058775e-05,-0.5782778859138489,-0.0,-1.0,0.0,-1.1825607465366785,
28,-0.00913045,-0.00302988,0.00822276,0.333439,3598.45,0.0,0.0,-1.0,1.0,0.6506698727607727,1,-0.009092603003111566,1.522224058775e-05,-0.5782778859138489,-0.0,-1.0,0.0,-1.1825607465366785,
29,-0.00913045,-0.00302988,0.00822276,0.333439,3598.45,0.0,0.0,-1.0,1.0,1.0,1,-0.009092603003111566,1.522224058775e-05,-0.0,-0.0,-1.0,0.0,-1.0090773807625237,
30,-0.00913045,-0.00302988,0.00822276,0.333439,3598.45,0.0,0.0,-1.0,1.0,1.0,1,-0.009092603003111566,1.522224058775e-05,-0.0,-0.0,-1.0,0.0,-1.0090773807625237,
31,-0.00913045,-0.00302988,0.00822276,0.333439,3598.45,0.0,0.0,-1.0,1.0,1.0,1,-0.009092603003111566,1.522224058775e-05,-0.0,-0.0,-1.0,0.0,-1.0090773807625237,
32,-0.00913045,-0.00302988,0.00822276,0.333439,3598.45,0.0,0.0,-0.0698709487915039,1.0,1.0,1,-0.009092603003111566,1.522224058775e-05,-0.9301290512084961,-0.0,-1.0,0.0,-1.2881160961250726,
33,-0.00913045,-0.00302988,0.00822276,0.333439,3598.45,0.0,0.0,-1.0,1.0,1.0,1,-0.009092603003111566,1.522224058775e-05,-0.9301290512084961,-0.0,-1.0,0.0,-1.2881160961250726,
34,-0.00913045,-0.00302988,0.00822276,0.333439,3598.45,0.0,0.0,-1.0,1.0,1.0,1,-0.009092603003111566,1.522224058775e-05,-0.0,-0.0,-1.0,0.0,-1.0090773807625237,
35,-0.00913045,-0.00302988,0.00822276,0.333439,3598.45,0.0,0.0,-1.0,1.0,1.0,1,-0.009092603003111566,1.522224058775e-05,-0.0,-0.0,-1.0,0.0,-1.0090773807625237,
36,-0.00913045,-0.00302988,0.00822276,0.333439,3598.45,0.0,0.0,-1.0,1.0,1.0,1,-0.009092603003111566,1.522224058775e-05,-0.0,-0.0,-1.0,0.0,-1.0090773807625237,
37,-0.00913045,-0.00302988,0.00822276,0.333439,3598.45,0.0,0.0,-0.8351945877075195,1.0,0.4968888759613037,1,-0.009092603003111566,1.522224058775e-05,-0.16480541229248047,-0.0,-1.0,0.0,-1.058519004450268,
38,-0.00913045,-0.00302988,0.00822276,0.333439,3598.45,0.0,0.0,0.12416058778762817,1.0,0.8984709978103638,1,-0.009092603003111566,1.522224058775e-05,-0.9593551754951477,-0.0,-1.0,0.0,-1.2968839334110682,
39,-0.00913045,-0.00302988,0.00822276,0.333439,3598.45,0.0,0.0,-1.0,1.0,1.0,1,-0.009092603003111566,1.522224058775e-05,-1.1241605877876282,-0.0,-1.0,0.0,-1.3463255570988122,
40,-0.00913045,-0.00302988,0.00822276,0.333439,3598.45,0.0,0.0,-0.802841305732727,1.0,1.0,1,-0.009092603003111566,1.522224058775e-05,-0.19715869426727295,-0.0,-1.0,0.0,-1.0682249890427058,
41,-0.00913045,-0.00302988,0.00822276,0.333439,3598.45,0.0,0.0,-0.34492194652557373,1.0,0.48012375831604004,1,-0.009092603003111566,1.522224058775e-05,-0.4579193592071533,-0.0,-1.0,0.0,-1.1464531885246698,
42,-0.00913045,-0.00302988,0.00822276,0.333439,3598.45,0.0,0.0,-0.9651397466659546,1.0,1.0,1,-0.009092603003111566,1.522224058775e-05,-0.6202178001403809,-0.0,-1.0,0.0,-1.1951427208046381,
43,-0.00913045,-0.00302988,0.00822276,0.333439,3598.45,0.0,0.0,-1.0,1.0,1.0,1,-0.009092603003111566,1.522224058775e-05,-0.03486025333404541,-0.0,-1.0,0.0,-1.0195354567627375,
44,-0.00913045,-0.00302988,0.00822276,0.333439,3598.45,0.0,0.0,-0.18762606382369995,1.0,1.0,1,-0.009092603003111566,1.522224058775e-05,-0.8123739361763,-0.0,-1.0,0.0,-1.2527895616154139,
45,-0.00913045,-0.00302988,0.00822276,0.333439,3598.45,0.0,0.0,-0.8247107863426208,1.0,0.5110633969306946,1,-0.009092603003111566,1.522224058775e-05,-0.6370847225189209,-0.0,-1.0,0.0,-1.2002027975182001,
46,-0.00913045,-0.00302988,0.00822276,0.333439,3598.45,0.0,0.0,-1.0,1.0,1.0,1,-0.009092603003111566,1.522224058775e-05,-0.17528921365737915,-0.0,-1.0,0.0,-1.0616641448597375,
47,-0.00913045,-0.00302988,0.00822276,0.333439,3598.45,0.0,0.0,-1.0,1.0,0.9878954887390137,1,-0.009092603003111566,1.522224058775e-05,-0.0,-0.0,-1.0,0.0,-1.0090773807625237,
48,-0.0134605,0.00702861,0.00854653,0.333443,3598.45,0.0,0.0,-0.14892339706420898,1.0,0.7178971767425537,1,-0.013402488820872468,2.24415475075e-05,-0.851076602935791,-0.0,-1.0,0.0,-1.2687030281541023,
49,-0.0324467,-0.0094096,0.00831478,0.333432,3598.45,0.000244141,0.0,-0.48726606369018555,1.0,1.0,1,-0.03231068636417568,5.409384037200001e-05,-0.33834266662597656,-0.0,-1.0,0.0,-1.1337593925115965,
50,-0.0400367,-0.00623983,0.00869149,0.333431,3598.45,-0.000244141,0.0,-1.0,1.0,0.0,1,-0.039861200685088936,6.674738458849999e-05,-0.5127339363098145,-0.0,-1.0,0.0,-1.1936146341934448,
51,-0.0240153,-0.0240942,0.00829619,0.333424,3598.45,-0.000244141,0.0,0.0183660089969635,1.0,0.4679022431373596,1,-0.02391485695386365,4.0036386936e-05,-1.0183660089969635,-0.0,-1.0,0.0,-1.3293846232660167,
52,0.64805,-0.00737664,0.00849455,0.333413,3598.45,0.0012207,0.0,-0.008650660514831543,1.0,0.0,1,0.6452742058833189,-0.00108034147325,-0.027016669511795044,-0.0,-1.0,0.0,-0.3639111364434696,
53,1.51578,0.0338611,0.00849217,0.333407,3598.45,0.00756836,0.0,1.0,1.0,0.0,1,1.5092892902496866,-0.0025268583123,-1.0086506605148315,-0.0,-1.0,0.0,0.20416723378293722,
54,2.36308,-0.0126033,0.00848406,0.333401,3598.47,0.0187988,0.0,-1.0,1.0,0.0,1,2.3529708181222446,-0.0039392661754,-2.0,-0.0,-1.0,0.0,0.7490315519468447,
55,3.14435,-0.198083,0.00900906,0.333282,3598.48,0.0344238,0.0,-1.0,1.0,0.0,1,3.1300587708591467,-0.0052397762835,-0.0,-0.0,-1.0,0.0,2.1248189945756466,
56,3.99311,-0.287375,0.0101678,0.333021,3598.5,0.0541992,0.0,-0.5028311014175415,1.0,0.0,1,3.972603367485157,-0.006648947426550001,-0.4971688985824585,-0.0,-1.0,0.0,2.8168037504838694,
57,4.7003,-0.510716,0.0119316,0.332619,3598.53,0.0786133,0.0,-1.0,1.0,0.0,1,4.671925044970451,-0.007817045428500001,-0.4971688985824585,-0.0,-1.0,0.0,3.5149573299672134,
58,4.80816,-0.357552,0.0135886,0.33214,3598.55,0.10498,0.0,0.21896791458129883,1.0,0.382063627243042,1,4.775049017201769,-0.007984911312,-1.2189679145812988,-0.0,-1.0,0.0,3.4013737315153794,
59,5.15915,-0.494426,0.0152733,0.331737,3598.58,0.132568,0.0,-1.0,1.0,0.0,1,5.119151173622893,-0.008557404717750001,-1.2189679145812988,-0.0,-1.0,0.0,3.7449033945307537,
60,5.90163,-0.794211,0.0192291,0.330938,3598.61,0.16626,0.0,-1.0,0.9160912036895752,0.0,1,5.843800925313592,-0.0097653681447,-0.0,-0.0,-1.0,0.0,4.8340355571688916,
61,6.72844,-0.747219,0.022742,0.330089,3598.65,0.201416,0.0,0.09180141240358353,1.0,0.0,1,6.650197608893023,-0.011104920155800002,-1.0918014124035835,-0.0,-1.0,0.0,5.3115522650161475,
62,7.51614,-0.503828,0.0249502,0.329353,3598.69,0.241211,0.0,0.9417321681976318,1.0,0.0,1,7.420045805738075,-0.012377316287100001,-0.8499307557940483,-0.0,-1.0,0.0,6.1526892627127605,
63,8.30478,-0.177752,0.0255915,0.328866,3598.73,0.285156,0.0,0.2857320308685303,1.0,0.0,1,8.195806355226448,-0.013655798897399998,-0.6560001373291016,-0.0,-1.0,0.0,6.985350515130318,
64,9.06886,0.234577,0.0242702,0.328694,3598.78,0.333496,0.0,0.7637555003166199,1.0,0.0,1,8.956148439502453,-0.0149043993442,-0.4780234694480896,-0.0,-1.0,0.0,7.797836999323826,
65,9.79819,0.205833,0.0228969,0.328753,3598.83,0.385986,0.0,-0.8940746784210205,1.0,0.0,1,9.683457386313663,-0.01610592178535,-1.6578301787376404,-0.0,-1.0,0.0,8.17000241090702,
66,9.78587,0.088717,0.0225822,0.328654,3598.89,0.440674,0.0,0.033226579427719116,1.0,0.5077916383743286,1,9.672891079776981,-0.0160808265949,-0.9273012578487396,-0.0,-1.0,0.0,8.378619875827459,
67,9.89851,0.141752,0.0221745,0.328534,3598.94,0.495117,0.0,1.0,1.0,0.0,1,9.786338247934005,-0.016259985421700002,-0.9667734205722809,-0.0,-1.0,0.0,8.480046236340621,
68,10.1075,0.244914,0.0209071,0.32859,3599.0,0.55127,0.0,0.1252717673778534,0.3851799964904785,0.0,1,9.99963949242367,-0.016606117125,-0.8747282326221466,-0.0,-1.0,0.0,8.720614905512026,
69,10.3687,-0.000434578,0.0208985,0.328511,3599.06,0.608398,0.0,-0.1685614287853241,1.0,0.20647704601287842,1,10.258098579458439,-0.0170311600285,-0.2938331961631775,-0.0,-1.0,0.0,9.152917460580985,
70,11.0541,0.110053,0.0211207,0.328305,3599.11,0.667725,0.0,0.7268061637878418,1.0,0.0,1,10.93490807707235,-0.0181455815025,-0.8953675925731659,-0.0,-1.0,0.0,9.6481522177979,
71,11.7221,0.5463,0.0185892,0.328401,3599.18,0.731201,0.0,0.6060247421264648,1.0,0.0,1,11.611128767639636,-0.0192477468105,-0.12078142166137695,-0.0,-1.0,0.0,10.555646594330723,
72,12.5166,0.593201,0.0151712,0.328816,3599.25,0.80542,0.0,0.30646783113479614,1.0,0.0,1,12.420217305279696,-0.020578291728,-0.2995569109916687,-0.0,-1.0,0.0,11.309771940254194,
73,13.3158,0.296025,0.0138203,0.32907,3599.32,0.877441,0.0,-0.20606951415538788,1.0,0.0,1,13.22251711046328,-0.021909151529999997,-0.512537345290184,-0.0,-1.0,0.0,12.046846755346223,
74,14.0858,-0.202169,0.0152909,0.328921,3599.4,0.953857,0.0,-1.0,1.0,0.0,1,13.97646523716521,-0.023165577109000003,-0.7939304858446121,-0.0,-1.0,0.0,12.715120514302827,
75,14.8114,-0.307976,0.0175483,0.328384,3599.48,1.03418,0.0,0.35858941078186035,1.0,0.0,1,14.67916875078261,-0.024319133888000003,-1.3585894107818604,-0.0,-1.0,0.0,13.247272793660052,
76,15.589,-0.0887275,0.0176169,0.327984,3599.57,1.1189,0.0,0.008331835269927979,1.0,0.0,1,15.449273174797677,-0.02556471288,-0.3502575755119324,-0.0,-1.0,0.0,14.318631189264098,
77,16.3748,-0.158807,0.0180885,0.327602,3599.66,1.20776,0.0,-0.07416929304599762,1.0,0.0,1,16.224031497340942,-0.026822086148,-0.0825011283159256,-0.0,-1.0,0.0,15.172459072698164,
78,17.0891,0.156664,0.0176551,0.327296,3599.75,1.30103,0.0,0.5915033221244812,1.0,0.0,1,16.935589663254003,-0.027965970367999995,-0.6656726151704788,-0.0,-1.0,0.0,15.707921908334857,
79,17.731,0.15293,0.0162246,0.327242,3599.85,1.39795,0.0,-0.2582312226295471,0.7014285326004028,0.0,1,17.58483343711553,-0.029011639510000003,-0.8497345447540283,-0.0,-1.0,0.0,16.300901434179323,
80,18.4448,0.283256,0.0155536,0.327117,3599.95,1.49854,0.0,0.9380516409873962,1.0,0.0,1,18.299133275660814,-0.030168038208,-1.1962828636169434,-0.0,-1.0,0.0,16.91008037836773,
81,19.2154,0.180851,0.0137312,0.327135,3600.05,1.60352,0.0,-0.541606068611145,1.0,0.0,1,19.0816674318469,-0.031430149395,-1.4796577095985413,-0.0,-1.0,0.0,17.606339969572335,
82,19.7514,-0.362342,0.0152032,0.32679,3600.16,1.71191,0.0,-1.0,0.7180134057998657,0.0,1,19.598980943034416,-0.03227280003,-0.458393931388855,-0.0,-1.0,0.0,18.42918996358776,
83,20.4152,-0.481556,0.0184361,0.325997,3600.27,1.82349,0.0,0.6322531700134277,1.0,0.0,1,20.22355296532479,-0.033276469771999995,-1.6322531700134277,-0.0,-1.0,0.0,18.70060054454876,
84,20.6642,-0.0293992,0.0188462,0.325415,3600.39,1.93823,0.0,0.08704633265733719,0.4218904972076416,0.0,2,20.465821064616854,-0.03362220321500001,-0.5452068373560905,-0.0,-1.0,0.0,19.268636810195026,
85,20.6149,-0.24653,0.0192715,0.32499,3600.5,2.05273,0.0,-0.43665313720703125,1.0,0.0,2,20.412444299884605,-0.033498181755,-0.5236994698643684,-0.0,-1.0,0.0,19.221836277170294,
86,20.5459,-0.905235,0.0232069,0.32404,3600.61,2.16699,0.0,-0.6161845326423645,1.0,0.0,2,20.301985721373377,-0.03328846718,-0.17953139543533325,-0.0,-1.0,0.0,19.214837835562776,
87,20.988,-1.04255,0.0290424,0.322536,3600.73,2.28174,0.0,-0.14348673820495605,1.0,0.0,2,20.674421238741946,-0.03384692784,-0.47269779443740845,-0.0,-1.0,0.0,19.498764972570726,
88,21.5437,-1.25233,0.0342957,0.320907,3600.85,2.3999,0.0,-0.6884286403656006,1.0,0.0,2,21.16167572489151,-0.034567620679500005,-0.5449419021606445,-0.0,-1.0,0.0,19.963625533563818,
89,22.1564,-1.22146,0.0406362,0.318932,3600.97,2.521,0.0,-0.21175754070281982,1.0,0.0,2,21.688057012130685,-0.035331924824,-0.47667109966278076,-0.0,-1.0,0.0,20.50972375740785,
90,22.7708,-0.636953,0.0434,0.317199,3601.09,2.64575,0.0,0.5371590852737427,1.0,0.0,2,22.255387026689466,-0.036114374946000005,-0.7489166259765625,-0.0,-1.0,0.0,20.994597663950497,
91,23.3539,0.0364774,0.0424954,0.316031,3601.22,2.77393,0.0,0.9701749682426453,1.0,0.0,2,22.836748922687402,-0.0369027818545,-0.4330158829689026,-0.0,-1.0,0.0,21.66994137594223,
92,23.8181,0.682941,0.0386669,0.315503,3601.35,2.90527,0.0,0.6087354421615601,1.0,0.0,2,23.339925344150018,-0.0375734100215,-0.3614395260810852,-0.0,-1.0,0.0,22.19392007630419,
93,24.3677,0.999364,0.033024,0.315546,3601.49,3.03906,0.0,-0.24647194147109985,1.0,0.0,2,23.952127356782817,-0.038445651321,-0.8552073836326599,-0.0,-1.0,0.0,22.657119490372022,
94,24.9727,0.590588,0.029823,0.315582,3601.62,3.17651,0.0,-1.0,1.0,0.0,2,24.589270103329685,-0.039404673056999996,-0.7535280585289001,-0.0,-1.0,0.0,23.323807012714017,
95,25.5488,-0.031173,0.0306227,0.315115,3601.76,3.31714,0.0,-1.0,1.0,0.0,2,25.14569626306643,-0.04025405056,-0.0,-0.0,-1.0,0.0,24.10544221250643,
96,26.0394,-0.617609,0.034506,0.314011,3601.91,3.46045,0.0,-0.3706153631210327,1.0,0.0,2,25.574730828541583,-0.040883290167,-0.6293846368789673,-0.0,-1.0,0.0,24.345032147310892,
97,26.7192,-0.553617,0.0388924,0.312331,3602.07,3.62134,0.0,0.8777179718017578,1.0,0.0,2,26.179538637834813,-0.041726172276000006,-1.2483333349227905,-0.0,-1.0,0.0,24.763312465081977,
98,27.298,-0.454976,0.0405928,0.310906,3602.22,3.77148,0.0,-0.11170715093612671,1.0,0.0,2,26.72161362040845,-0.04243555994,-0.9894251227378845,-0.0,-1.0,0.0,25.382350523647087,
99,27.9032,-0.0683063,0.0409867,0.309594,3602.37,3.92456,0.0,1.0,1.0,0.0,2,27.30809590105344,-0.043193316504,-1.1117071509361267,-0.0,-1.0,0.0,25.931390439268604,
100,28.399,0.541466,0.0377881,0.308797,3602.53,4.0813,0.0,0.5781959295272827,1.0,0.0,2,27.84228193525902,-0.043847630015,-0.4218040704727173,-0.0,-1.0,0.0,26.671893084102205,
101,28.9297,0.907001,0.0320212,0.308604,3602.69,4.24072,0.0,-0.2771356701850891,1.0,0.0,2,28.451766924058614,-0.044639105694,-0.8553315997123718,-0.0,-1.0,0.0,27.150528338450904,
102,29.5412,0.505981,0.0286743,0.308456,3602.85,4.40332,0.0,-0.15420100092887878,1.0,0.0,2,29.10557763788631,-0.045560801936000005,-0.12293466925621033,-0.0,-1.0,0.0,28.02313643517345,
103,30.1077,-0.103713,0.0298535,0.307815,3603.02,4.56909,0.0,-0.33009806275367737,1.0,0.0,2,29.644941172442458,-0.0463380083775,-0.17589706182479858,-0.0,-1.0,0.0,28.54583404551752,
104,30.585,-0.713309,0.0344612,0.306518,3603.19,4.73779,0.0,-1.0,1.0,0.0,2,30.039947218156552,-0.046874265150000004,-0.6699019372463226,-0.0,-1.0,0.0,28.792102371832655,
105,31.0842,-1.13034,0.0416238,0.304536,3603.36,4.90894,0.0,0.560553789138794,1.0,0.0,2,30.410542091018485,-0.047331289655999996,-1.560553789138794,-0.0,-1.0,0.0,28.895044664620848,
106,31.7083,-0.804839,0.047084,0.30232,3603.53,5.08301,0.0,0.521091639995575,1.0,0.0,2,30.92695836102551,-0.047930266279999995,-0.039462149143218994,-0.0,-1.0,0.0,29.86718945000254,
107,32.3097,-0.778411,0.0498421,0.300236,3603.71,5.26074,0.0,-0.37110644578933716,1.0,0.0,2,31.464717555093536,-0.048502675446,-0.8921980857849121,-0.0,-1.0,0.0,30.148555453912063,
108,32.8754,-0.663889,0.0537111,0.29794,3603.89,5.44141,0.0,1.0,1.0,0.0,2,31.94552806446988,-0.048974483379999996,-1.3711064457893372,-0.0,-1.0,0.0,30.48522164735308,
109,33.4621,-0.0872745,0.0536563,0.295952,3604.07,5.62549,0.0,0.8933829069137573,1.0,0.0,2,32.51664734563612,-0.049515877096,-0.10661709308624268,-0.0,-1.0,0.0,31.435146340614253,
110,33.9918,0.225701,0.0507175,0.294461,3604.26,5.81274,0.0,-0.10961616039276123,1.0,0.0,2,33.08647135341446,-0.05004629709899999,-1.0029990673065186,-0.0,-1.0,0.0,31.7355253361235,
111,34.5766,0.492739,0.0479738,0.293179,3604.45,6.00317,0.0,0.8713009357452393,1.0,0.0,2,33.707751512266725,-0.05068566505700001,-0.9809170961380005,-0.0,-1.0,0.0,32.36279071836832,
112,35.134,0.551703,0.0436289,0.292257,3604.64,6.19678,0.0,-1.0,1.0,0.0,2,34.33438109223288,-0.051340787189999994,-1.8713009357452393,-0.0,-1.0,0.0,32.72165002431931,
113,35.7281,0.0392156,0.0432731,0.291107,3604.84,6.3938,0.0,-0.35511648654937744,1.0,0.0,2,34.92186210696478,-0.052003500033499996,-0.6448835134506226,-0.0,-1.0,0.0,33.676393552896094,
114,36.2695,-0.20938,0.0459921,0.289464,3605.04,6.59351,0.0,0.8566591739654541,1.0,0.0,2,35.397385585426846,-0.05249357274,-1.2117756605148315,-0.0,-1.0,0.0,33.9813593145324,
115,36.8568,0.22481,0.0454423,0.287909,3605.24,6.79663,0.0,0.633977472782135,1.0,0.0,2,35.98161115807946,-0.05305702215600001,-0.2226817011833191,-0.0,-1.0,0.0,34.861749625568464,
116,37.3386,0.761236,0.040744,0.286889,3605.45,7.00293,0.0,0.691324770450592,1.0,0.0,2,36.54716035883373,-0.053560168077,-0.05734729766845703,-0.0,-1.0,0.0,35.476396001456195,
117,37.8141,1.16253,0.0330345,0.28652,3605.66,7.21191,0.0,0.18575844168663025,1.0,0.0,2,37.168997674870994,-0.05417247966000001,-0.5055663287639618,-0.0,-1.0,0.0,35.96315529658181,
118,38.4207,0.87543,0.0262157,0.286457,3605.87,7.42383,0.0,-0.42087462544441223,1.0,0.0,2,37.90394310601276,-0.0550293922995,-0.6066330671310425,-0.0,-1.0,0.0,36.66692379357394,
119,39.0227,0.274431,0.0248243,0.286064,3606.09,7.63916,0.0,-0.4189146161079407,1.0,0.0,2,38.52637096827551,-0.055814948264,-0.0019600093364715576,-0.0,-1.0,0.0,37.46996801721057,
120,39.5552,-0.0760091,0.0270874,0.28514,3606.3,7.85742,0.0,0.09972919523715973,1.0,0.0,2,39.005031271298996,-0.05639384864,-0.5186438113451004,-0.0,-1.0,0.0,37.79304427925547,
121,40.1411,0.309369,0.0265285,0.284238,3606.53,8.07886,0.0,0.47250932455062866,1.0,0.0,2,39.594596815845776,-0.057048129909,-0.37278012931346893,-0.0,-1.0,0.0,38.42571464714273,
122,40.288,0.471973,0.0229265,0.283749,3606.75,8.30273,0.0,-1.0,1.0,0.0,3,39.815621327063724,-0.05715839855999999,-1.4725093245506287,-0.0,-1.0,0.0,38.316710131138535,
123,40.2544,0.569396,0.0200216,0.283388,3606.97,8.52637,0.0,0.665369987487793,1.0,0.0,3,39.8433801654794,-0.05703806953599999,-1.665369987487793,-0.0,-1.0,0.0,38.286731099697064,
124,40.1742,1.03014,0.0143329,0.283478,3607.2,8.75,0.0,0.5885990858078003,1.0,0.0,3,39.88217699890661,-0.056942509338,-0.07677090167999268,-0.0,-1.0,0.0,38.80220321906461,
125,40.5229,1.25392,0.00569218,0.284209,3607.42,8.97412,0.0,-1.0,1.0,0.0,3,40.406912314638156,-0.057584864430499996,-1.5885990858078003,-0.0,-1.0,0.0,38.87274772446531,
126,41.0978,0.734185,-4.75089e-05,0.285033,3607.65,9.20093,0.0,-0.10512229800224304,1.0,0.0,3,41.09682369798432,-0.058571146137,-0.894877701997757,-0.0,-1.0,0.0,39.76978924124799,
127,41.6214,0.619767,-0.00207979,0.285601,3607.88,9.43091,0.0,1.0,1.0,0.0,3,41.578028128249095,-0.059435567307,-1.105122298002243,-0.0,-1.0,0.0,40.187055871541425,
128,42.1359,0.443085,-0.00498945,0.286299,3608.11,9.66357,0.0,-1.0,1.0,0.0,3,42.030258475676966,-0.060317330170500005,-2.0,-0.0,-1.0,0.0,40.369941145506466,
129,42.6444,0.454894,-0.00613624,0.286846,3608.35,9.89917,0.0,1.0,1.0,0.0,3,42.5127598328671,-0.061161877812,-2.0,-0.0,-1.0,0.0,40.8515979550551,
130,43.15,0.354845,-0.0079355,0.286886,0.128312,10.1274,0.0,-0.7030736207962036,1.0,0.0,3,42.977434767160496,-0.061895654499999994,-1.7030736207962036,-0.0,-1.0,0.0,41.40461702642163,
131,43.6294,-0.203688,-0.00497002,0.287211,0.372221,10.3714,0.0,-0.5844284296035767,1.0,0.0,3,43.520442105101395,-0.062654218017,-0.11864519119262695,-0.0,-1.0,0.0,42.42219432972661,
132,44.0598,-0.703591,0.00173401,0.286842,0.618695,10.6178,0.0,-0.38683760166168213,1.0,0.0,3,44.021533712962864,-0.063191005758,-0.19759082794189453,-0.0,-1.0,0.0,42.89906545882229,
133,44.5475,-0.732173,0.00969624,0.285873,0.867642,10.8668,0.0,0.03635111451148987,1.0,0.0,3,44.329437662144834,-0.06367463733749999,-0.423188716173172,-0.0,-1.0,0.0,43.138806409955386,
134,45.0556,-0.855771,0.0160799,0.284676,1.11948,11.1186,0.0,-0.8969808220863342,1.0,0.0,3,44.68754610491513,-0.064131239928,-0.9333319365978241,-0.0,-1.0,0.0,43.343415284007776,
135,45.5427,-0.8345,0.0238819,0.28299,1.37391,11.373,0.0,0.6033152341842651,1.0,0.0,3,44.9859416777313,-0.06444064336500001,-1.5002960562705994,-0.0,-1.0,0.0,43.47141221748512,
136,45.8671,-0.854022,0.0307872,0.281136,1.6302,11.6293,0.0,-0.6615829467773438,1.0,0.0,3,45.13941585711139,-0.064474465128,-1.2648981809616089,-0.0,-1.0,0.0,43.695471937694904,
137,46.4579,-0.757677,0.0396478,0.278834,1.88939,11.8885,0.0,0.431858628988266,1.0,0.0,3,45.50065458564443,-0.064770210443,-1.0934415757656097,-0.0,-1.0,0.0,44.10785190247175,
138,46.9738,-0.214754,0.0437037,0.276581,2.15163,12.1508,0.0,0.5115131735801697,1.0,0.0,3,45.902809143683626,-0.06496030288900001,-0.07965454459190369,-0.0,-1.0,0.0,44.813952477417054,
139,47.4239,0.357095,0.0427151,0.274765,2.41662,12.4158,0.0,0.8848621249198914,1.0,0.0,3,46.3680918968959,-0.0651521394175,-0.3733489513397217,-0.0,-1.0,0.0,45.190935072076485,
140,47.8097,0.862874,0.0380814,0.273552,2.68404,12.6832,0.0,0.8305060863494873,1.0,0.0,3,46.86492739748184,-0.065392195272,-0.05435603857040405,-0.0,-1.0,0.0,45.783228390638726,
141,48.0951,1.26969,0.0307704,0.273013,2.95347,12.9526,0.0,-0.8316925168037415,1.0,0.0,3,47.332497183515294,-0.0656529376815,-1.6621986031532288,-0.0,-1.0,0.0,45.768184664887826,
142,48.4466,1.58161,0.0213815,0.273153,3.22468,13.2238,0.0,0.632905125617981,1.0,0.0,3,47.91763526487514,-0.06616667064899999,-1.4645976424217224,-0.0,-1.0,0.0,46.41208930149963,
143,48.8184,1.633,0.0104459,0.273944,3.49802,13.4971,0.0,-0.5146076083183289,1.0,0.0,3,48.560765144494425,-0.06686753884800001,-1.1475127339363098,-0.0,-1.0,0.0,47.14964378546553,
144,49.3594,1.01903,0.00363649,0.274859,3.77384,13.773,0.0,-0.9725006818771362,1.0,0.0,3,49.26932635008913,-0.06783437662300001,-0.4578930735588074,-0.0,-1.0,0.0,48.064124051398494,
145,49.8814,0.870343,0.00137243,0.2755,4.05273,14.0519,0.0,0.8158345222473145,1.0,0.0,3,49.84712366844464,-0.0687116285,-1.7883352041244507,-0.0,-1.0,0.0,48.24191147870731,
146,50.3885,0.664027,-0.00163534,0.276288,4.33447,14.3336,0.0,-0.8927901983261108,1.0,0.0,3,50.34723147567148,-0.06960868944,-1.7086247205734253,-0.0,-1.0,0.0,48.76503537005945,
147,50.9236,-0.0288377,0.000732968,0.276629,4.64757,14.6467,0.0,-1.0,1.0,0.0,3,50.90492363789865,-0.070434722722,-0.10720980167388916,-0.0,-1.0,0.0,49.80232597467448,
148,51.4172,-0.376906,0.00775103,0.276126,4.96376,14.9629,0.0,1.0,1.0,0.0,3,51.216389339903444,-0.070988128836,-2.0,-0.0,-1.0,0.0,49.54540121106744,
149,51.9793,0.116581,0.0111711,0.275472,5.28332,15.2825,0.0,0.35858404636383057,1.0,0.0,3,51.685729754443386,-0.07159420864800001,-0.6414159536361694,-0.0,-1.0,0.0,50.42171075970453,
150,52.5039,0.253543,0.0101173,0.275185,5.60614,15.6053,0.0,-1.0,1.0,0.0,3,52.235618556985905,-0.0722414286075,-1.3585840463638306,-0.0,-1.0,0.0,50.75580191446926,
151,53.0612,-0.0507818,0.0121443,0.274668,5.93235,15.9315,0.0,-0.06331662833690643,1.0,0.0,3,52.735099562627404,-0.072871068408,-0.9366833716630936,-0.0,-1.0,0.0,51.38122348272048,
152,53.6052,0.26902,0.0136988,0.274017,6.26194,16.2611,0.0,0.7863643169403076,1.0,0.0,3,53.23301840637646,-0.07344368044200002,-0.849680945277214,-0.0,-1.0,0.0,51.904670442351296,
153,54.1338,0.30833,0.011975,0.273702,6.5948,16.5939,0.0,-0.497883677482605,1.0,0.0,3,53.80580025509869,-0.074082646638,-1.2842479944229126,-0.0,-1.0,0.0,52.34644321013382,
154,54.6829,-0.25582,0.0150159,0.272987,6.93107,16.9302,0.0,-1.0,1.0,0.0,3,54.26619419009744,-0.0746386041115,-0.502116322517395,-0.0,-1.0,0.0,53.04092068923072,
155,55.1741,-0.546309,0.0225156,0.271461,7.27035,17.2695,0.0,0.5627675652503967,1.0,0.0,3,54.5390287709187,-0.07488808180050001,-1.5627675652503967,-0.0,-1.0,0.0,52.995310419543074,
156,55.6976,-0.808442,0.0305536,0.269343,7.61269,17.6118,0.0,-0.5692248940467834,1.0,0.0,3,54.82085582597311,-0.075008793384,-1.1319924592971802,-0.0,-1.0,0.0,53.406249294799956,
157,56.1762,-1.09615,0.0419427,0.266314,7.95783,17.957,0.0,-0.34868574142456055,1.0,0.0,3,54.949049568410274,-0.07480254263399999,-0.2205391526222229,-0.0,-1.0,0.0,53.808085279989605,
158,56.7472,-0.76462,0.053266,0.262566,8.30584,18.305,0.0,-0.04093050956726074,1.0,0.0,3,55.156081964333666,-0.074499426576,-0.3077552318572998,-0.0,-1.0,0.0,53.98925596820048,
159,57.338,-0.108676,0.0579826,0.258888,8.65753,18.6567,0.0,0.9342535734176636,1.0,0.0,3,55.58027046432206,-0.07422060072,-0.9751840829849243,-0.0,-1.0,0.0,54.213494638706585,
160,57.8351,0.459064,0.0561498,0.25572,9.01269,19.0118,0.0,1.0,1.0,0.0,3,56.12109112286781,-0.07394795886,-0.06574642658233643,-0.0,-1.0,0.0,55.027419236033104,
161,58.1972,0.896276,0.049582,0.253273,9.37071,19.3698,0.0,0.47444361448287964,1.0,0.0,3,56.68350367680336,-0.07369889717800002,-0.5255563855171204,-0.0,-1.0,0.0,55.45213786397023,
162,58.626,1.14795,0.0396627,0.25164,9.73118,19.7303,0.0,0.4333970546722412,1.0,0.0,3,57.417564971477965,-0.07376323319999999,-0.04104655981063843,-0.0,-1.0,0.0,56.331487770334775,
163,59.1461,0.825146,0.0293559,0.250633,10.0948,20.0939,0.0,-0.2651848793029785,1.0,0.0,3,58.252597882383135,-0.0741198224065,-0.6985819339752197,-0.0,-1.0,0.0,56.96890347978407,
164,59.7076,0.845031,0.0229782,0.249784,10.4616,20.4608,0.0,0.6102604866027832,1.0,0.0,3,59.00591173434831,-0.07457001579200001,-0.8754453659057617,-0.0,-1.0,0.0,57.668708108784585,
165,60.2097,0.748507,0.0153025,0.249491,10.8318,20.831,0.0,-0.16661366820335388,1.0,0.0,3,59.74198910196528,-0.0751088913135,-0.7768741548061371,-0.0,-1.0,0.0,58.43381796420994,
166,60.7952,0.0828244,0.0139791,0.249011,11.2054,21.2045,0.0,-1.0,1.0,0.0,3,60.36434269190302,-0.07569336773600001,-0.8333863317966461,-0.0,-1.0,0.0,59.038633424628024,
167,61.3844,-0.125479,0.0185098,0.247887,11.5825,21.5816,0.0,0.15470343828201294,1.0,0.0,3,60.8058107188035,-0.076081973814,-1.154703438282013,-0.0,-1.0,0.0,59.383317713504894,
168,62.003,0.273646,0.0199609,0.24676,11.9634,21.9626,0.0,0.1521478295326233,1.0,0.0,3,61.37187150028213,-0.0764993014,-0.0025556087493896484,-0.0,-1.0,0.0,60.29460551625732,
169,62.6405,0.443814,0.0182425,0.245911,12.3481,22.3473,0.0,0.14139842987060547,1.0,0.0,3,62.05874928964104,-0.0770199399775,-0.010749399662017822,-0.0,-1.0,0.0,60.97850452976494,
170,63.2377,0.759352,0.0141567,0.245445,12.7367,22.7359,0.0,1.0,1.0,0.0,3,62.783759681388986,-0.07760688638249999,-0.8586015701293945,-0.0,-1.0,0.0,61.44857232396767,
171,63.8005,0.850906,0.00698075,0.245611,13.1288,23.128,0.0,-0.09595799446105957,1.0,0.0,3,63.57625961779455,-0.07835052302750001,-1.0959579944610596,-0.0,-1.0,0.0,62.169121696428725,
172,63.9511,0.220093,0.00392953,0.245817,13.5235,23.5226,0.0,-0.5220819711685181,0.13492059707641602,0.0,3,63.824957699950104,-0.07860133774349999,-0.4261239767074585,-0.0,-1.0,0.0,62.618519169194364,
173,64.3477,-0.400121,0.00876091,0.24531,13.9191,23.9182,0.0,-0.8964850306510925,1.0,0.0,3,64.06336196034684,-0.07892567143500001,-0.37440305948257446,-0.0,-1.0,0.0,62.87211537106707,
174,64.5981,-0.83705,0.0196461,0.243767,14.3171,24.3163,0.0,-1.0,0.6313934326171875,0.0,3,63.95112441351211,-0.0787344252135,-0.10351496934890747,-0.0,-1.0,0.0,62.841335497493944,
175,64.8811,-1.09503,0.0347299,0.241025,14.7161,24.7153,0.0,-1.0,1.0,0.0,3,63.71554466400365,-0.0781898356375,-0.0,-0.0,-1.0,0.0,62.63735482836615,
176,65.2376,-1.13423,0.0541045,0.237,15.117,25.1161,0.0,-0.3307982385158539,1.0,0.0,3,63.378175414297914,-0.077306556,-0.6692017614841461,-0.0,-1.0,0.0,62.10010832985267,
177,65.6398,-0.862404,0.075319,0.231687,15.5193,25.5184,0.0,-0.0866614580154419,1.0,0.0,3,62.98407680168735,-0.07603944171299999,-0.244136780500412,-0.0,-1.0,0.0,61.83479632582423,
178,66.2471,0.0160712,0.0906768,0.225703,15.9245,25.9237,0.0,1.0,1.0,0.0,3,62.97551216866212,-0.0747608460565,-1.086661458015442,-0.0,-1.0,0.0,61.574752885200986,
179,66.7985,0.634664,0.0954533,0.219744,16.3333,26.3325,0.0,0.6536826491355896,1.0,0.0,3,63.311189739356536,-0.07339284792,-0.3463173508644104,-0.3653034789834919,-1.0,0.0,62.079106164329694,
180,67.3129,0.98235,0.0922402,0.214142,16.7454,26.7445,0.0,1.0,1.0,0.0,3,63.92666806336646,-0.072072595159,-0.3463173508644104,-0.46622169808286174,-1.0,0.0,62.68076700823571,
181,67.7512,1.14059,0.0838827,0.209129,17.1606,27.1598,0.0,1.0,1.0,0.0,3,64.67473500130068,-0.070843703524,-0.0,-0.0,-1.0,0.0,63.60389129777667,
182,68.1107,1.18393,0.0723594,0.204859,17.5785,27.5776,0.0,1.0,1.0,0.0,3,65.47039310988303,-0.0697654494565,-0.0,-0.0,-1.0,0.0,64.40062766042654,
183,68.4619,1.17214,0.0587295,0.201444,17.9988,27.9979,0.0,1.0,1.0,0.0,3,66.33465500839532,-0.06895619491800001,-0.0,-0.0,-1.0,0.0,65.26569881347731,
184,68.4416,1.19075,0.0436446,0.199003,18.4206,28.4197,0.0,-0.7767503261566162,0.2484591007232666,0.0,3,66.88334581111714,-0.068100418624,-1.7767503261566162,-0.0,-1.0,0.0,65.28222029464615,
185,68.7637,1.00472,0.0268314,0.197604,18.8428,28.842,0.0,0.5758031010627747,1.0,0.0,3,67.81654668089979,-0.067939910874,-1.3525534272193909,-0.0,-1.0,0.0,66.34284074185997,
186,69.3155,0.398755,0.00856783,0.197049,19.2681,29.2673,0.0,-1.0,1.0,0.0,3,69.01601779224325,-0.0682927497975,-1.5758031010627747,-0.0,-1.0,0.0,67.47498411212692,
187,69.9734,-0.637231,-0.00246322,0.196663,19.6972,29.6964,0.0,-1.0,1.0,0.0,3,69.88700786793231,-0.068805893821,-0.0,-0.0,-1.0,0.0,68.81820197411132,
188,70.4236,-1.18626,-0.00183374,0.19588,20.1299,30.1291,0.0,-0.8899030685424805,0.6984277963638306,0.0,3,70.35891234680523,-0.06897287383999999,-0.11009693145751953,-0.0,-1.0,0.0,69.25691039352797,
189,70.8788,-1.40528,0.00803445,0.194369,20.5649,30.564,0.0,-0.5385170578956604,1.0,0.0,3,70.59177929050861,-0.068883207386,-0.35138601064682007,-0.0,-1.0,0.0,69.41748027992857,
190,71.3756,-1.42539,0.0236637,0.191839,21.0028,31.002,0.0,-1.0,1.0,0.0,3,70.51119023157345,-0.06846311864200001,-0.4614829421043396,-0.0,-1.0,0.0,69.30428223030015,
191,71.7882,-1.29686,0.0428909,0.18809,21.4432,31.4423,0.0,1.0,1.0,0.0,3,70.18312001445199,-0.06751321269,-2.0,-0.0,-1.0,0.0,68.51560680176199,
192,71.5976,-0.823059,0.0620236,0.183187,21.884,31.8832,0.0,0.39169543981552124,1.0,0.4498807191848755,3,69.24098164901763,-0.065578747756,-0.6083045601844788,-0.0,-1.0,0.0,67.99291153320628,
193,71.5116,-0.0528842,0.0741774,0.177773,22.3227,32.3218,0.0,0.4438784122467041,1.0,0.0,3,68.66511084350955,-0.06356415833399999,-0.05218297243118286,-0.0,-1.0,0.0,67.5858917934462,
194,71.9886,0.60727,0.0771265,0.172544,22.7631,32.7622,0.0,0.36418616771698,1.0,0.0,3,69.00123121759594,-0.062106004992,-0.07969224452972412,-0.5788191573171133,-1.0,0.0,67.82839466564745,
195,72.4778,0.942518,0.0726634,0.167798,23.2068,33.2059,0.0,0.9427229762077332,1.0,0.0,3,69.65561882194004,-0.060808149422,-0.5785368084907532,-0.06458573630362707,-1.0,0.0,68.41156176952528,
196,72.9163,1.03164,0.0633369,0.163732,23.6534,33.6526,0.0,-0.49806925654411316,1.0,0.0,3,70.46249209427356,-0.059693658158000006,-1.4407922327518463,-0.0,-1.0,0.0,68.97056076629,
197,73.3857,0.991633,0.0513399,0.160423,24.103,34.1022,0.0,1.0,1.0,0.0,3,71.40602695867932,-0.058863770755500006,-1.4980692565441132,-0.0,-1.0,0.0,69.89774241096059,
198,73.5574,0.908371,0.0376341,0.158007,24.5549,34.554,0.0,-0.8233453035354614,0.4312009811401367,0.0,3,72.12150897151078,-0.05811292050900001,-1.8233453035354614,-0.0,-1.0,0.0,70.51639245994113,
199,73.9682,0.666676,0.0242318,0.156431,25.0082,35.0073,0.0,0.34518736600875854,1.0,0.0,3,73.05038112123786,-0.05785459747099999,-1.16853266954422,-0.0,-1.0,0.0,71.64196672290359,
200,74.1113,-0.00561429,0.0126204,0.155375,25.4638,35.463,0.0,-0.8605556488037109,1.0,0.3030521869659424,3,73.63775334730269,-0.05757521618750001,-1.2057430148124695,-0.0,-1.0,0.0,72.21845522667145,
201,74.3405,-0.721533,0.0105022,0.154137,25.9198,35.919,0.0,-0.5286211967468262,1.0,0.0,3,73.94603807662834,-0.05729310824250001,-0.33193445205688477,-0.0,-1.0,0.0,72.78916463276877,
202,74.7702,-0.863371,0.0168292,0.152232,26.3782,36.3773,0.0,0.3792649805545807,0.8268107771873474,0.0,3,74.13048034150917,-0.056912085432000006,-0.9078861773014069,-0.0,-1.0,0.0,72.80120240288674,
203,75.3683,-0.91599,0.0256161,0.149801,26.8395,36.8387,0.0,-0.7570552825927734,1.0,0.0,3,74.37835820719968,-0.0564512335415,-1.1363202631473541,-0.0,-1.0,0.0,72.98101089471398,
204,75.9586,-0.998695,0.0397359,0.146355,27.3045,37.3036,0.0,-0.783576488494873,1.0,0.0,3,74.38989623051278,-0.05558460451500001,-0.02652120590209961,-0.0,-1.0,0.0,73.32635526422715,
205,76.4459,-0.890977,0.0576359,0.141673,27.7721,37.7712,0.0,-0.2076425552368164,1.0,0.0,3,74.11716781473254,-0.054151599953499996,-0.5759339332580566,-0.0,-1.0,0.0,72.89023603480162,
206,76.9415,-0.688376,0.0775925,0.135671,28.2421,38.2413,0.0,-1.0,1.0,0.0,3,73.7279520543398,-0.05219365123250001,-0.7923574447631836,-1.1839498812164635,-1.0,0.0,72.26045868749587,
207,77.4269,-0.390533,0.0993486,0.128245,28.7144,38.7135,0.0,1.0,1.0,0.0,3,73.20530363697915,-0.04964806395250001,-2.0,-5.70694461797261,-1.0,0.0,70.69961388033076,
208,78.0019,0.36668,0.120016,0.119568,29.1887,39.1879,0.0,0.5431724190711975,1.0,0.0,3,72.77130118067672,-0.046632655896000005,-0.4568275809288025,-9.632222510633426,-1.0,0.0,70.14278687390706,
209,78.6764,1.24601,0.131422,0.110408,29.6667,39.6658,0.0,1.0,1.0,0.0,3,72.84290256118786,-0.043432519856,-0.4568275809288025,-11.918964459080655,-1.0,0.0,69.87457709819112,
210,79.2922,1.5899,0.132177,0.101247,30.1485,40.1476,0.0,1.0,1.0,0.0,3,73.37550315887289,-0.040140486866999996,-0.0,-12.485062656749008,-1.0,0.0,70.46260327349353,
211,79.799,1.57491,0.125084,0.092392,30.6338,40.6329,0.0,1.0,1.0,0.0,3,74.19776074352052,-0.036863946040000005,-0.0,-11.671331611892086,-1.0,0.0,71.4101970556967,
212,80.0589,1.38782,0.113353,0.0841242,31.1218,41.1209,0.0,0.09544718265533447,0.6416283845901489,0.0,3,75.01736838580828,-0.0336744545769,-0.9045528173446655,-9.635971915462079,-1.0,0.0,72.26693229870867,
213,80.0065,1.19497,0.0992337,0.0766805,31.6107,41.6099,0.0,1.0,1.0,0.0,4,75.64973945139155,-0.03067469211625,-0.9045528173446655,-6.450121622594821,-1.0,0.0,73.38018067068268,
214,79.7298,0.948889,0.0822705,0.0703023,32.0987,42.0979,0.0,1.0,1.0,0.0,4,76.18412240247861,-0.0280259415927,-0.0,-1.7539883658784845,-1.0,0.0,74.89299820600414,
215,79.452,0.58111,0.0600414,0.0651908,32.5843,42.5834,0.0,0.1984403431415558,0.929889440536499,0.0,3,76.92506017432459,-0.025897697207999996,-0.8015596568584442,-0.0,-1.0,0.0,75.65869458005906,
216,79.1966,0.118125,0.0350831,0.0615845,33.0685,43.0676,0.0,0.6798123121261597,0.4984915256500244,0.0,3,77.75892031145702,-0.024386415063500002,-0.4813719689846039,-0.0,-1.0,0.0,76.59012230569813,
217,78.9886,-0.517201,0.00878151,0.0595188,33.5516,43.5507,0.0,-0.8103567361831665,1.0,0.0,3,78.63873928695433,-0.023506533428400003,-1.4901690483093262,-0.0,-1.0,0.0,77.16818203903313,
218,78.9011,-1.73207,-0.0123357,0.0584753,34.0341,44.0332,0.0,-0.11316770315170288,0.0,0.0,3,78.40845909836268,-0.02306882746415,-0.6971890330314636,-0.0,-1.0,0.0,77.1762335609891,
219,79.1974,-2.52568,-0.0197367,0.0575651,34.5171,44.5163,0.0,-1.0,0.5662821531295776,0.0,3,78.40047840602347,-0.022795031253700002,-0.8868322968482971,-0.0,-1.0,0.0,77.11163368571529,
220,79.8012,-2.34413,-0.0155952,0.0564717,35.0031,45.0022,0.0,0.7428429126739502,1.0,0.0,3,79.16926334707973,-0.022532547130199997,-1.7428429126739502,-0.0,-1.0,0.0,77.62387792614736,
221,80.5789,-1.33572,-0.0123605,0.0557664,35.4936,45.4927,0.0,0.4504808783531189,1.0,0.0,3,80.07475951124545,-0.022467975844800002,-0.2923620343208313,-0.0,-1.0,0.0,78.9645829251044,
222,80.7805,-0.5712,-0.0140388,0.0559042,35.9873,45.9864,0.0,0.247325599193573,1.0,0.0,4,80.20552768489851,-0.022579846140500005,-0.2031552791595459,-0.0,-1.0,0.0,79.12200125501015,
223,80.6727,-0.267499,-0.0179728,0.0568365,36.4805,46.4797,0.0,0.07040411233901978,0.20629847049713135,0.0,4,79.93475271839426,-0.022925769567750002,-0.17692148685455322,-0.0,-1.0,0.0,78.85875050277015,
224,80.582,0.156582,-0.0235764,0.0584419,36.9731,46.9722,0.0,0.43731918931007385,1.0,0.0,4,79.6097766869995,-0.023546825929,-0.3669150769710541,-0.0,-1.0,0.0,78.47615533797918,
225,80.466,0.226329,-0.032902,0.0609957,37.4649,47.464,0.0,-0.6243141889572144,0.0,0.0,4,79.09894268870242,-0.024540399980999997,-1.0616333782672882,-0.0,-1.0,0.0,77.75591227524123,
226,80.8421,-0.508736,-0.037011,0.0637406,37.9573,47.9564,0.0,-1.0,1.0,0.0,4,79.29105503584917,-0.0257646197963,-0.37568581104278564,-0.0,-1.0,0.0,78.15258467274003,
227,81.3418,-0.511868,-0.033898,0.0660498,38.4528,48.4519,0.0,0.20452174544334412,1.0,0.0,4,79.91667243224312,-0.026863048108200005,-1.2045217454433441,-0.0,-1.0,0.0,78.52845286050191,
228,81.6449,0.14644,-0.0349302,0.0687127,38.9509,48.95,0.0,0.5369757413864136,0.5317355394363403,0.0,4,80.16945043043854,-0.028050207601150005,-0.33245399594306946,-0.0,-1.0,0.0,79.04166402405447,
229,81.9554,0.532577,-0.0421497,0.072248,39.4503,49.4495,0.0,1.0,1.0,0.0,4,80.15592352535378,-0.029605568696000003,-0.4630242586135864,-0.0,-1.0,0.0,78.9874106790737,
230,82.2095,0.653193,-0.0537606,0.0768197,39.9514,49.9505,0.0,-0.7460826635360718,0.8884556293487549,0.0,4,79.88197586770599,-0.031576545635750006,-1.7460826635360718,-1.7661683932098668,-1.0,0.0,78.06164926402795,
231,82.5665,0.309473,-0.0666746,0.0823835,40.4536,50.4528,0.0,-1.0,1.0,0.0,4,79.63253796922805,-0.03401058626375,-0.2539173364639282,-6.233010626069245,-1.0,0.0,77.58740058811475,
232,81.9136,-0.253737,-0.0733967,0.0882312,40.9557,50.9549,0.0,-1.0,1.0,0.8866741061210632,4,78.68966597442872,-0.0361366761216,-0.0,-7.619255666127586,-1.0,0.0,76.51064094838799,
233,81.2628,-0.56275,-0.0739489,0.0939579,41.4524,51.4516,0.0,-1.0,0.8189985752105713,0.0,4,78.03880124048823,-0.0381764101806,-0.0,-7.343579224886312,-1.0,0.0,75.89908794657468,
234,80.783,-0.877216,-0.0682165,0.0991304,41.9466,51.9457,0.0,-1.0,0.0,0.0,4,77.84188115730043,-0.040040255515999996,-0.0,-5.570277671925751,-1.0,0.0,75.96629925099556,
235,80.5602,-0.992878,-0.0564594,0.103347,42.4386,52.4377,0.0,-1.0,1.0,0.0,4,78.1588524408391,-0.04162827494699999,-0.0,-2.128471726296894,-1.0,0.0,76.79795340694756,
236,80.6212,-0.854242,-0.0401908,0.106446,42.9307,52.9298,0.0,-0.37742146849632263,1.0,0.0,4,78.93641590032402,-0.042909021276,-0.6225785315036774,-0.0,-1.0,0.0,77.70673331959692,
237,80.7887,-0.569371,-0.0210514,0.10833,43.4238,53.4229,0.0,-0.6612342000007629,1.0,0.0,4,79.92050462932782,-0.043759199355,-0.2838127315044403,-0.0,-1.0,0.0,78.7916016105215,
238,81.0336,-0.130367,-0.000561312,0.108937,43.9182,53.9174,0.0,-0.08257186412811279,1.0,0.0,4,81.01084466947776,-0.044137786416000004,-0.5786623358726501,-0.0,-1.0,0.0,79.79310818229996,
239,81.0767,0.121702,0.0190641,0.108292,44.4139,54.413,0.0,-0.8476751446723938,0.0,0.0,4,80.28918684560797,-0.043899789982000004,-0.765103280544281,-0.0,-1.0,0.0,79.01575607146268,
240,81.1077,0.360716,0.0383838,0.106216,44.909,54.9081,0.0,0.23151493072509766,1.0,0.0,4,79.49173002932808,-0.043074677315999996,-1.0791900753974915,-0.0,-1.0,0.0,78.12489832939283,
241,81.4438,0.599959,0.0570528,0.102856,45.4054,55.4045,0.0,-0.6135392189025879,1.0,0.0,4,78.98924704729696,-0.041884917464,-0.8450541496276855,-0.0,-1.0,0.0,77.69384588494465,
242,81.74,0.859008,0.07576,0.0981413,45.9033,55.9024,0.0,0.12280436605215073,1.0,0.0,4,78.41218550938629,-0.04011034931,-0.7363435849547386,-0.8652523960661682,-1.0,0.0,77.02138422517994,
243,82.1208,1.05131,0.0935596,0.0921466,46.4028,56.402,0.0,-1.0,1.0,0.0,4,77.92565149616492,-0.037835762546400004,-1.1228043660521507,-5.952460120493626,-1.0,0.0,75.65810540572885,
244,82.4753,1.25917,0.111696,0.0847901,46.904,56.9031,0.0,1.0,1.0,0.0,4,77.36484493932724,-0.03496544467265,-2.0,-10.418722229473033,-1.0,0.0,74.16707116023365,
245,82.7031,1.32406,0.128777,0.076093,47.4063,57.4054,0.0,-0.6203390955924988,0.7100383043289185,0.0,4,76.70787055290572,-0.0314656349415,-1.6203390955924988,-14.05439425837659,-1.0,0.0,73.08214405052998,
246,82.9788,1.3814,0.145548,0.065964,47.9089,57.908,0.0,1.0,1.0,0.0,4,76.08402901140491,-0.027368067816,-1.6203390955924988,-17.330135124010326,-1.0,0.0,71.9710389463096,
247,83.1293,1.90584,0.15853,0.0547702,48.4124,58.4116,0.0,0.879192590713501,0.0,0.0,4,75.52521428576969,-0.0227650419343,-0.12080740928649902,-19.679250354629353,-1.0,0.0,71.51431946785505,
248,83.0628,1.54534,0.163497,0.0430564,48.9154,58.9145,0.0,-0.24596083164215088,0.08578455448150635,0.0,4,75.19503615824337,-0.0178819257096,-1.1251534223556519,-20.6293474284819,-1.0,0.0,70.74520609155479,
249,83.3452,1.35171,0.168158,0.0304008,49.4179,59.417,0.0,0.9111917614936829,1.0,0.0,4,75.1949912942622,-0.0126688037808,-1.1571525931358337,-21.891021948381734,-1.0,0.0,70.55152342028339,
250,83.8464,1.6228,0.165046,0.0177315,49.9233,59.9225,0.0,1.0,1.0,0.0,4,75.81910880100403,-0.007433612208000001,-0.08880823850631714,-22.375470285215307,-1.0,0.0,71.42871217446184,
251,84.2709,1.57424,0.154062,0.00566689,50.4322,60.4313,0.0,1.0,1.0,0.0,4,76.80696455661256,-0.002387769602505,-0.0,-21.71072097212317,-1.0,0.0,72.54796864119157,
252,84.5636,1.316,0.138242,-0.00548855,50.9439,60.9431,0.0,0.9524220824241638,1.0,0.0,4,77.93032404230709,-0.0023206577338999996,-0.04757791757583618,-20.066307033550615,-1.0,0.0,73.90378395426785,
253,84.4653,1.01949,0.119802,-0.0154933,51.4572,61.4563,0.0,1.0,0.0,0.0,4,78.81241798657398,-0.00654323116245,-0.04757791757583618,-17.28651763532774,-1.0,0.0,75.19862373483961,
254,84.6438,0.547798,0.0991197,-0.0241961,51.971,61.9701,0.0,0.3824843764305115,1.0,0.0,4,80.04027131290874,-0.010240249245900002,-0.6175156235694885,-13.830479219231648,-1.0,0.0,76.77020449370724,
255,84.9257,-0.0324087,0.0765733,-0.0316378,52.4874,62.4865,0.0,1.0,1.0,0.0,4,81.42849802362284,-0.0134343115573,-0.6175156235694885,-9.189822108474914,-1.0,0.0,78.85133570872344,
256,85.1475,-0.635386,0.0530395,-0.0377036,53.0057,63.0049,0.0,0.15987934172153473,1.0,0.0,4,82.77072826537744,-0.016051836405,-0.8401206582784653,-2.7781853251770627,-1.0,0.0,81.08591243271235,
257,85.2874,-1.24263,0.0297262,-0.0423661,53.5258,63.525,0.0,0.3789876103401184,0.6789635419845581,0.0,4,83.98227232571078,-0.0180664725857,-0.21910826861858368,-0.0,-1.0,0.0,82.8984733725395,
258,85.4577,-2.02652,0.00972454,-0.0457604,54.0473,64.0464,0.0,-0.022310718894004822,0.5059477090835571,0.0,4,85.03814744445745,-0.019552892675400002,-0.40129832923412323,-0.0,-1.0,0.0,83.89820505301181,
259,85.8647,-2.79445,0.00144684,-0.0487236,54.5706,64.5698,0.0,-0.724543571472168,1.0,0.0,4,85.80249390815095,-0.0209181864846,-0.7022328525781631,-0.0,-1.0,0.0,84.57090586589291,
260,86.2157,-2.39486,0.00425068,-0.0516932,55.0967,65.0958,0.0,1.0,0.6556971073150635,0.0,4,86.03168399240862,-0.0222838271162,-1.724543571472168,-0.0,-1.0,0.0,84.49203709385077,
261,86.6374,-1.98126,0.00973843,-0.0543664,55.6247,65.6239,0.0,-0.8101694583892822,1.0,0.0,4,86.21144235635535,-0.0235508177168,-1.8101694583892822,-0.0,-1.0,0.0,84.64484070112177,
262,87.1764,-1.3326,0.0194397,-0.0573816,56.1558,66.1549,0.0,0.7463403940200806,1.0,0.0,4,86.31264028967738,-0.0250116065712,-1.5565098524093628,-0.0,-1.0,0.0,84.82067572738337,
263,87.7474,-0.378808,0.0234139,-0.0601172,56.6902,66.6894,0.0,0.1668769121170044,1.0,0.0,4,86.69618849805434,-0.026375639976400002,-0.5794634819030762,-0.0,-1.0,0.0,85.49597381350702,
264,88.2584,0.175249,0.0204778,-0.0621978,57.2281,67.2272,0.0,1.0,1.0,0.0,4,87.33628971938468,-0.027447391557599995,-0.8331230878829956,-0.0,-1.0,0.0,86.05890540146218,
265,88.7235,0.330941,0.0122894,-0.0634221,57.7689,67.768,0.0,-1.0,1.0,0.0,4,88.1716345904102,-0.028135153446749998,-2.0,-0.0,-1.0,0.0,86.54349943696346,
266,89.1247,-0.295798,0.00590277,-0.0641837,58.3125,68.3116,0.0,-0.9854703545570374,0.626522421836853,0.0,4,88.86010755699697,-0.02860176503695,-0.014529645442962646,-0.0,-1.0,0.0,87.82714689832713,
267,89.5448,-0.781417,0.00840022,-0.0653633,58.8583,68.8574,0.0,-0.6375659108161926,1.0,0.0,4,89.16554712575336,-0.0292647181292,-0.3479044437408447,-0.0,-1.0,0.0,88.0319110745019,
268,90.0092,-0.811052,0.0175924,-0.0673421,59.4071,69.4062,0.0,0.15996915102005005,1.0,0.0,4,89.20357368524049,-0.030307042736600006,-0.7975350618362427,-0.0,-1.0,0.0,87.93400612395301,
269,90.4271,-0.675123,0.0300703,-0.0701977,59.9584,69.9575,0.0,-0.9366250038146973,1.0,0.0,4,89.02683982415745,-0.03173887218835,-1.0965941548347473,-0.6704690471840422,-1.0,0.0,87.56555234844107,
270,90.8115,-0.442942,0.0457812,-0.0741878,60.5118,70.5109,0.0,-0.7223339080810547,1.0,0.0,4,88.63834622277928,-0.0336855269985,-0.21429109573364258,-7.532883296790999,-1.0,0.0,86.41044087254203,
271,91.0318,-0.100737,0.0639343,-0.0794374,61.0667,71.0659,0.0,-1.0,0.7167078256607056,0.0,4,87.93776770540501,-0.03615664754660001,-0.2776660919189453,-13.801381122461862,-1.0,0.0,84.74810406191344,
272,91.1914,0.292678,0.0832385,-0.0860644,61.6221,71.6212,0.0,1.0,1.0,0.0,4,87.08472935795072,-0.0392416656308,-2.0,-19.222606762930923,-1.0,0.0,82.56209667788029,
273,91.4413,0.845086,0.103392,-0.0940657,62.1781,72.1773,0.0,0.8829697370529175,1.0,0.0,4,86.23425398496398,-0.04300744946705,-0.11703026294708252,-24.048718805924935,-1.0,0.0,81.54882963572408,
274,91.859,1.67333,0.120105,-0.103112,62.7356,72.7347,0.0,-0.0963972806930542,1.0,0.0,4,85.69414361978464,-0.047358826039999996,-0.9793670177459717,-27.789675046477967,-1.0,0.0,80.18452343144916,
275,92.3611,1.76881,0.133245,-0.113149,63.2954,73.2946,0.0,-0.21097928285598755,1.0,0.0,4,85.40727662320012,-0.0522528305195,-0.11458200216293335,-30.720567880298105,-1.0,0.0,79.71256400998702,
276,92.74,2.16825,0.143423,-0.124215,63.8575,73.8566,0.0,0.45817214250564575,0.6476849317550659,0.0,4,85.16004819249615,-0.057598495500000006,-0.6691514253616333,-32.94386634572432,-1.0,0.0,78.96012431752901,
277,93.1632,2.38452,0.142104,-0.135429,64.4216,74.4207,0.0,1.0,1.0,0.0,4,85.62695826346979,-0.063084995064,-0.5418278574943542,-33.569334543897895,-1.0,0.0,79.36592472957278,
278,93.3376,2.13281,0.131345,-0.146193,64.9884,74.9875,0.0,1.0,0.5157379508018494,0.0,4,86.42154528898408,-0.06822651878399999,-0.0,-32.575282730165725,-1.0,0.0,80.46702636067522,
279,93.5655,1.6409,0.114914,-0.156079,65.5563,75.5554,0.0,1.0,1.0,0.0,4,87.58423379754493,-0.0730180483725,-0.0,-30.559900248866768,-1.0,0.0,81.92723071184241,
280,93.7508,0.979776,0.0948003,-0.164869,66.1265,76.1256,0.0,0.5145295858383179,0.6821237206459045,0.0,4,88.8926928202864,-0.077283003226,-0.48547041416168213,-27.394380566760532,-1.0,0.0,83.56061160779782,
281,94.0084,0.15064,0.0734629,-0.172429,66.6983,76.6974,0.0,0.12194579839706421,1.0,0.0,4,90.30488214012892,-0.081048872018,-0.39258378744125366,-23.24379867984841,-1.0,0.0,85.61948832990127,
282,94.2079,-0.900539,0.0561458,-0.179147,67.2724,77.2715,0.0,0.10213029384613037,0.0,0.0,4,91.41615114897031,-0.0843853133065,-0.019815504550933838,-19.071703662948167,-1.0,0.0,87.4650656348563,
283,94.5664,-1.01791,0.0425284,-0.184967,67.8481,77.8472,0.0,0.7374424934387207,1.0,0.0,4,92.47062069904804,-0.087458316544,-0.6353121995925903,-15.31060147396154,-1.0,0.0,88.89597850153203,
284,94.6794,-1.18079,0.0277594,-0.189514,68.4261,78.4253,0.0,-1.0,0.0,0.0,4,93.32897021233337,-0.089715359058,-1.7374424934387207,-9.896024271028224,-1.0,0.0,90.23361846458951,
285,95.0169,-1.25697,0.0142652,-0.192877,69.0052,79.0043,0.0,0.574225664138794,1.0,0.0,4,94.32953783196643,-0.0916328731065,-1.574225664138794,-3.8912987674155346,-1.0,0.0,92.18194244450596,
286,95.4588,-1.48831,-0.000532791,-0.194972,69.5873,79.5864,0.0,-0.7799494862556458,1.0,0.0,4,95.43335665768225,-0.093058965768,-1.3541751503944397,-0.0,-1.0,0.0,93.93404514679592,
287,95.8001,-2.13217,-0.00910138,-0.196354,70.1719,80.1711,0.0,-0.13582949340343475,0.6607286930084229,0.0,4,95.36018168275822,-0.094053664177,-0.644119992852211,-0.0,-1.0,0.0,94.07289202072556,
288,96.265,-1.57642,-0.0107133,-0.197346,70.7588,80.758,0.0,0.8698469996452332,1.0,0.0,4,95.74382760670905,-0.09498756344999999,-1.005676493048668,-0.0,-1.0,0.0,94.34713709534444,
289,96.8539,-1.35947,-0.013965,-0.197508,71.3491,81.3482,0.0,-0.19920623302459717,0.9956312775611877,0.0,4,96.1681954949779,-0.09564710040599998,-1.0690532326698303,-0.0,-1.0,0.0,94.75183242477095,
290,97.4617,-1.55105,-0.0105642,-0.197738,71.9432,81.9423,0.0,-0.3419465720653534,1.0,0.0,4,96.94146870448445,-0.096359408173,-0.14274033904075623,-0.0,-1.0,0.0,95.80228719459922,
291,97.8041,-0.96543,-0.00223039,-0.198424,72.5401,82.5393,0.0,0.06243419647216797,0.6492633819580078,0.0,4,97.69478617716041,-0.097033403692,-0.40438076853752136,-0.0,-1.0,0.0,96.47643854290716,
292,98.0548,-0.714064,0.00399646,-0.199223,73.1386,83.1378,0.0,-0.20386816561222076,0.5567611455917358,0.0,4,97.85808142905108,-0.09767385710200001,-0.26630236208438873,-1.1927950651443524,-1.0,0.0,96.50159760355213,
293,98.4728,-0.676769,0.0141536,-0.200766,73.7391,83.7383,0.0,-1.0,1.0,0.0,4,97.76608786819227,-0.098849950824,-0.7961318343877792,-7.733516335205735,-1.0,0.0,95.26837091677108,
294,98.9105,-0.31368,0.0285452,-0.203355,74.3423,84.3414,0.0,-0.0594414547085762,1.0,0.0,4,97.45868689866667,-0.10056972363750001,-0.9405585452914238,-15.189620883736538,-1.0,0.0,93.79750647888126,
295,99.2678,0.675285,0.0396086,-0.206614,74.9476,84.9468,0.0,0.31386691331863403,0.523006796836853,0.0,4,97.22452717931837,-0.10255058614599999,-0.37330836802721024,-20.03944144070634,-1.0,0.0,93.00406786665827,
296,99.7539,1.09962,0.0405631,-0.20975,75.5555,85.5546,0.0,0.1296917349100113,1.0,0.0,4,97.64923651079242,-0.10461690262500001,-0.18417517840862274,-21.023473861181216,-1.0,0.0,93.33584597546765,
297,99.9908,1.20028,0.0345661,-0.212474,76.1661,86.1652,0.0,0.686275064945221,0.2763044834136963,0.0,4,98.20326879954251,-0.10622722619599999,-0.5565833300352097,-19.178662297795867,-1.0,0.0,94.05326722966657,
298,100.289,1.02138,0.0223162,-0.214321,76.7778,86.7769,0.0,1.0,1.0,0.0,4,99.14508662345386,-0.107470193845,-0.31372493505477905,-14.39003609472347,-1.0,0.0,95.78499353488391,
299,100.393,0.588799,0.00552723,-0.215044,77.3915,87.3906,0.0,-0.290107786655426,0.9891272783279419,0.0,5,100.11402029918821,-0.10794456146,-1.290107786655426,-5.470041765440115,-1.0,0.0,97.79853713691557,
300,100.18,-0.123811,-0.0130189,-0.214485,78.0042,88.0033,0.0,-0.4837262034416199,1.0,0.0,5,99.51941199803868,-0.10743553650000001,-0.19361841678619385,-0.0,-1.0,0.0,98.35389093650281,
301,100.031,-0.594292,-0.0303945,-0.212804,78.6158,88.6149,0.0,1.0,1.0,0.0,5,98.46483589670129,-0.10643498462,-1.4837262034416199,-0.0,-1.0,0.0,96.91328305104881,
302,99.8137,-0.988233,-0.0498899,-0.209639,79.2261,89.2252,0.0,0.4996069073677063,0.0,0.0,5,97.2006924956442,-0.10462422127149999,-0.5003930926322937,-6.262174090477814,-1.0,0.0,95.00662423301135,
303,99.7346,-1.59337,-0.0705474,-0.204937,79.8352,89.8343,0.0,0.254487544298172,1.0,0.0,4,95.97142563799797,-0.10219654860100001,-0.2451193630695343,-13.470540276381612,-1.0,0.0,92.77511223901885,
304,99.6033,-2.60192,-0.0874044,-0.199051,80.4433,90.4424,0.0,-0.2288302779197693,1.0,0.0,4,94.87573786990795,-0.0991306823415,-0.4833178222179413,-18.260204411007322,-1.0,0.0,90.89258117924997,
305,98.6828,-3.12358,-0.0918175,-0.192943,81.0486,91.0478,0.0,-1.0,1.0,0.5556521415710449,4,93.74308066672226,-0.095200777402,-0.7711697220802307,-18.653145496184976,-1.0,0.0,89.61855714826845,
306,98.1958,-2.93628,-0.085349,-0.187065,81.6486,91.6477,0.0,-1.0,1.0,0.0,4,93.65299477916973,-0.09184498663500001,-0.0,-16.73038156984647,-1.0,0.0,90.05159255705776,
307,98.1456,-2.363,-0.0700417,-0.181867,82.248,92.2471,0.0,-1.0,0.5863016843795776,0.0,4,94.47062243211107,-0.089247229176,-0.0,-12.558002767690681,-1.0,0.0,91.49767478778148,
308,98.192,-1.52163,-0.049571,-0.177724,82.8473,92.8464,0.0,-0.4370114803314209,1.0,0.0,4,95.6386406775659,-0.08725537503999999,-0.5629885196685791,-5.760213259723244,-1.0,0.0,93.51845675766684,
309,98.4272,-0.532292,-0.0260557,-0.174817,83.4478,93.447,0.0,-1.0,1.0,0.0,4,97.1116410907374,-0.086033739112,-0.5629885196685791,-0.0,-1.0,0.0,95.85671079572482,
310,98.6899,0.534901,-0.000870883,-0.1733,84.0502,94.0493,0.0,0.9782547354698181,1.0,0.0,4,98.64688890229796,-0.08551479835,-1.9782547354698181,-0.0,-1.0,0.0,96.96789768330702,
311,98.9752,1.59863,0.0244041,-0.173227,84.6542,94.6533,0.0,-0.5290243625640869,1.0,0.0,4,97.73814815648687,-0.085725884852,-1.507279098033905,-11.83751584440634,-1.0,0.0,94.42461116556376,
312,99.0124,2.49564,0.0482887,-0.174661,85.2595,95.2586,0.0,-0.25137826800346375,0.0,0.0,4,96.50732285874649,-0.086468023982,-0.27764609456062317,-21.217778077915952,-1.0,0.0,92.15489429470892,
313,99.0551,3.31044,0.0670785,-0.177442,85.8644,95.8636,0.0,-0.08011585474014282,0.8893693685531616,0.0,4,95.51259017940018,-0.087882675271,-0.17126241326332092,-26.889490461938166,-1.0,0.0,90.33990521085946,
314,99.4609,3.44381,0.0816472,-0.181434,86.471,96.4702,0.0,-0.2040696144104004,1.0,0.0,4,95.07372548209365,-0.090227944653,-0.12395375967025757,-30.996404091536604,-1.0,0.0,89.29685079580908,
315,99.9099,3.86077,0.093254,-0.186649,87.0799,97.079,0.0,1.0,1.0,0.0,4,94.82404118990432,-0.0932404146255,-1.2040696144104004,-34.117499223010554,-1.0,0.0,88.25195500750412,
316,100.021,3.9264,0.0927272,-0.192196,87.6909,97.6901,0.0,0.9910814762115479,0.16712486743927002,0.0,4,94.96061012505443,-0.09611818058,-0.008918523788452148,-34.34810148013871,-1.0,0.0,88.70960116531708,
317,99.8699,3.26673,0.0797525,-0.197457,88.3014,98.3005,0.0,1.0,1.0,0.0,5,95.57424224186319,-0.09860005422149999,-0.008918523788452148,-31.654042605989332,-1.0,0.0,89.72486023960674,
318,99.6357,2.30036,0.0587425,-0.201827,88.9105,98.9097,0.0,0.4649508595466614,0.8470562696456909,0.0,4,96.53910158592386,-0.1005458721195,-0.5350491404533386,-26.29282304524726,-1.0,0.0,91.33411751488127,
319,99.3949,1.20483,0.0333114,-0.204901,89.5184,99.5176,0.0,1.0,1.0,0.0,4,97.68457287148465,-0.10183057202450001,-0.5350491404533386,-17.704420750579516,-1.0,0.0,93.76656444473723,
320,99.0885,0.00353818,0.00483532,-0.20641,90.1248,100.124,0.0,1.0,1.0,0.0,4,98.84778027245851,-0.102264286425,-0.0,-3.204520107632149,-1.0,0.0,97.26483796988869,
321,98.7526,-1.30679,-0.0256058,-0.20623,90.7293,100.728,0.0,-0.35013052821159363,1.0,0.0,4,97.45604634533063,-0.10182874349,-1.3501305282115936,-0.0,-1.0,0.0,95.94917844337715,
322,98.892,-2.90851,-0.05677,-0.204404,91.3329,101.332,0.0,-1.0,1.0,0.0,4,95.92714471028536,-0.10106960184000001,-0.6498694717884064,-8.102582114433616,-1.0,0.0,93.4157269497438,
323,99.3325,-5.01297,-0.0829678,-0.201497,91.9389,101.938,0.0,-1.0,1.0,0.0,4,94.8748371576238,-0.1000760037625,-0.0,-16.742243916125304,-1.0,0.0,91.26342456644251,
324,99.4039,-6.04718,-0.0946794,-0.198243,92.5473,102.546,0.0,-1.0,1.0,0.35984599590301514,4,94.25997164591121,-0.0985306367385,-0.0,-19.89124440354793,-1.0,0.0,90.17775434864052,
325,99.3983,-5.66523,-0.0914324,-0.194711,93.1552,103.154,0.0,-0.5539543032646179,1.0,0.0,4,94.44532641539082,-0.0967697119565,-0.4460456967353821,-19.214590931386823,-1.0,0.0,90.33255435470569,
326,99.7234,-4.59208,-0.0764237,-0.191253,93.7642,103.763,0.0,-1.0,1.0,0.0,4,95.62541305402911,-0.095361997101,-0.4460456967353821,-15.679697083005664,-1.0,0.0,92.04428278545666,
327,99.3011,-3.15248,-0.0546612,-0.188377,94.3732,104.372,0.0,-1.0,0.7365608811378479,0.5914425253868103,4,96.44018133348023,-0.0935302165735,-0.0,-8.361049417212229,-1.0,0.0,94.0924937043249,
328,98.7902,-1.74915,-0.0323021,-0.186305,94.978,104.977,0.0,-0.606831431388855,1.0,0.0,4,97.14337636780368,-0.092025541055,-0.393168568611145,-0.0,-1.0,0.0,95.93340025616534,
329,98.5788,-0.5708,-0.00943351,-0.185214,95.5812,105.58,0.0,-0.668867826461792,1.0,0.17390573024749756,4,98.10944856263775,-0.091290869316,-0.06203639507293701,-0.0,-1.0,0.0,96.99954677479987,
330,98.4814,0.492001,0.0139166,-0.185308,96.1831,106.182,0.0,-0.49361684918403625,1.0,0.0,4,97.78662261461598,-0.091246956356,-0.17525097727775574,-6.739536055560748,-1.0,0.0,95.63186995674253,
331,98.425,1.38094,0.0379465,-0.186778,96.7849,106.784,0.0,-0.41773703694343567,0.0,0.0,4,96.48715161287771,-0.09191812325,-0.07587981224060059,-17.59851919079985,-1.0,0.0,92.73269166733556,
332,98.3828,2.14991,0.0620135,-0.189844,97.3857,107.385,0.0,-0.5843960642814636,1.0,0.0,4,95.14511048524234,-0.09338692141600001,-0.16665902733802795,-25.408689522379248,-1.0,0.0,90.19042242726805,
333,98.6855,3.09627,0.0864219,-0.194491,97.9875,107.987,0.0,1.0,1.0,0.0,4,94.05821287188974,-0.0959672079025,-1.5843960642814636,-31.806947384082846,-1.0,0.0,87.71588473709036,
334,98.9652,4.36022,0.105527,-0.200311,98.591,108.59,0.0,1.0,0.5677214860916138,0.0,4,93.20261131994513,-0.09911909088599999,-0.0,-36.03037657131307,-1.0,0.0,86.69893574336217,
335,99.3671,4.82248,0.109707,-0.206504,99.1964,109.196,0.0,1.0,1.0,0.0,4,93.33002072140908,-0.10259851809199999,-0.0,-37.40292970780613,-1.0,0.0,86.61698274714617,
336,99.6176,4.20913,0.100202,-0.212652,99.8045,109.804,0.0,1.0,0.44788670539855957,0.0,4,94.13532229518496,-0.105919409376,-0.0,-36.20966358822264,-1.0,0.0,87.59795334757557,
337,99.8821,3.14739,0.0816239,-0.218311,100.413,110.412,0.0,1.0,0.9817097783088684,0.0,4,95.47769607079206,-0.10902680566549999,-0.0,-32.97244150438368,-1.0,0.0,89.42280303946902,
338,100.055,1.95775,0.0584668,-0.223032,101.024,111.023,0.0,-0.4746612310409546,0.5620579123497009,0.0,4,96.96075467174332,-0.11157733380000001,-1.4746612310409546,-27.615541139514306,-1.0,0.0,91.26444779770388,
339,99.9648,0.87664,0.0337858,-0.226478,101.635,111.634,0.0,0.8206030130386353,1.0,0.0,5,98.21937738341404,-0.113199139872,-1.2952642440795898,-19.574472223581523,-1.0,0.0,93.78142813678093,
340,99.6944,-0.21056,0.00739902,-0.228409,102.245,112.244,0.0,-0.473808616399765,0.7845603227615356,0.0,4,99.32285403816994,-0.11385549104800001,-1.2944116294384003,-6.728548204838148,-1.0,0.0,96.8113928275647,
341,99.51,-1.67228,-0.0182312,-0.228898,102.854,112.853,0.0,-0.6027001142501831,1.0,0.0,4,98.5864199502641,-0.1138881999,-0.1288914978504181,-0.0,-1.0,0.0,97.43386430100897,
342,99.341,-2.38365,-0.038624,-0.228305,103.461,113.46,0.0,0.3392438292503357,0.9778327941894531,0.0,4,97.3489136682198,-0.113400235025,-0.9419439435005188,-0.3156214347049371,-1.0,0.0,95.9055870349389,
343,99.1715,-3.15064,-0.0575759,-0.226268,104.068,114.067,0.0,-1.0,1.0,0.0,4,96.15380232714482,-0.11219668481,-1.3392438292503357,-7.850396195895655,-1.0,0.0,93.46227306417536,
344,99.5319,-4.01473,-0.0651329,-0.223723,104.675,114.674,0.0,-1.0,1.0,0.0,4,96.08174350074624,-0.11133787631849999,-0.0,-10.882108122071699,-1.0,0.0,93.33808940611699,
345,99.9936,-3.83333,-0.0588531,-0.221359,105.285,115.284,0.0,-0.871261715888977,0.8163642883300781,0.0,4,96.87970836043826,-0.11067241651200001,-0.12873828411102295,-9.306463095144522,-1.0,0.0,94.33444499442128,
346,99.9141,-2.90677,-0.0431705,-0.21947,105.897,115.896,0.0,-0.7619107365608215,1.0,0.4299086332321167,4,97.6650089066228,-0.109640737635,-0.10935097932815552,-3.2429460811602837,-1.0,0.0,96.0361209630153,
347,99.793,-1.88089,-0.0244071,-0.218305,106.507,116.506,0.0,-0.7791493535041809,1.0,0.0,4,98.54556984730816,-0.10892655432500001,-0.017238616943359375,-0.0,-1.0,0.0,97.43147170790016,
348,99.8866,-0.877145,-0.00349498,-0.218144,107.117,117.116,0.0,0.051003217697143555,1.0,0.0,4,99.7114394696638,-0.108948312352,-0.8301525712013245,-0.0,-1.0,0.0,98.3534453859514,
349,100.203,0.473909,0.0165348,-0.21896,107.728,117.727,0.0,0.48948392271995544,1.0,0.0,4,99.36092204695416,-0.1097022444,-0.4384807050228119,-11.74500997083419,-1.0,0.0,96.35792409542218,
350,100.415,0.938762,0.0309745,-0.220462,108.342,118.341,0.0,-1.0,1.0,0.0,5,98.81193024231476,-0.11068845865,-1.4894839227199554,-18.598757113883565,-1.0,0.0,94.46458303976624,
351,100.271,1.26727,0.0452873,-0.223237,108.954,118.954,0.0,0.03455337882041931,0.5659507513046265,0.0,5,97.89846729485323,-0.111920986135,-1.0345533788204193,-23.82723243193726,-1.0,0.0,92.9020954302815,
352,100.142,1.27142,0.0569084,-0.227025,109.566,119.566,0.0,-0.4215102195739746,1.0,0.0,5,97.13196280312026,-0.11367368775,-0.4560635983943939,-27.448440450339746,-1.0,0.0,91.76420396830099,
353,100.249,1.39504,0.0695274,-0.232122,110.178,120.177,0.0,-0.08862709999084473,1.0,0.0,5,96.52457375000505,-0.11634999188999999,-0.3328831195831299,-31.134833579504118,-1.0,0.0,90.6381337853145,
354,100.724,2.00597,0.0762709,-0.237861,110.791,120.79,0.0,0.12406808137893677,1.0,0.0,5,96.59374165220852,-0.11979155682,-0.2126951813697815,-33.46573954078207,-1.0,0.0,90.39028060986027,
355,100.813,2.09353,0.0726685,-0.24348,111.406,121.406,0.0,0.5968621969223022,0.0,0.0,5,96.88719320832877,-0.1227297462,-0.4727941155433655,-32.96724552707812,-1.0,0.0,90.67753839840404,
356,101.005,1.77005,0.0602677,-0.248439,112.022,122.021,0.0,1.0,1.0,0.0,5,97.77979323446027,-0.125467905975,-0.40313780307769775,-30.251998650233915,-1.0,0.0,91.99558419002688,
357,101.158,1.17534,0.0426603,-0.252364,112.64,122.639,0.0,1.0,0.5594291687011719,0.0,5,98.90890427472588,-0.12764318755999998,-0.0,-25.294174628483177,-1.0,0.0,93.98713489289341,
358,101.204,0.475443,0.0225617,-0.25502,113.258,123.257,0.0,0.9018090963363647,0.6391656994819641,0.0,5,100.03667285235463,-0.12904522040000002,-0.09819090366363525,-17.670380420814993,-1.0,0.0,96.22761329773328,
359,101.31,-0.288492,0.00104363,-0.256278,113.877,123.876,0.0,0.7157546877861023,1.0,0.0,5,101.25707976037047,-0.1298176209,-0.18605440855026245,-6.040655507660816,-1.0,0.0,99.16534749075628,
360,101.472,-1.11649,-0.0212608,-0.256085,114.496,124.495,0.0,0.04114001989364624,1.0,0.0,5,100.37046040953348,-0.12992728560000003,-0.674614667892456,-0.0,-1.0,0.0,99.03814872356574,
361,101.752,-2.29481,-0.0410174,-0.254635,115.117,125.116,0.0,-0.4608595371246338,1.0,0.0,5,99.58020069555512,-0.1295481026,-0.50199955701828,-2.753090915101481,-1.0,0.0,97.88708908858442,
362,102.195,-3.20466,-0.0485942,-0.252818,115.741,125.74,0.0,-1.0,1.0,0.0,5,99.59229728736064,-0.12918367755,-0.5391404628753662,-6.471322678242245,-1.0,0.0,97.33067306921168,
363,102.643,-2.76092,-0.0442519,-0.251064,116.367,126.366,0.0,0.16054368019104004,1.0,0.0,5,100.27218432051,-0.12884981076,-1.16054368019104,-5.1908825268532155,-1.0,0.0,98.0165390266647,
364,103.093,-2.17864,-0.0363773,-0.249166,116.996,126.995,0.0,-0.9028021097183228,1.0,0.0,5,101.15008666720243,-0.12843635219000002,-1.0633457899093628,-1.3389435698016143,-1.0,0.0,99.50180504256939,
365,103.523,-1.62825,-0.0224907,-0.247896,117.627,127.626,0.0,-0.4278982877731323,1.0,0.0,5,102.33276427562389,-0.12831468803999999,-0.47490382194519043,-0.0,-1.0,0.0,101.06197844100032,
366,103.912,-0.931346,-0.00471321,-0.247627,118.261,128.26,0.0,-1.0,1.0,0.0,5,103.66596720132462,-0.12865708412000001,-0.5721017122268677,-4.435184610684303,-1.0,0.0,101.70040191193392,
367,104.2,-0.144222,0.0155357,-0.248606,118.897,128.896,0.0,-0.6450358033180237,1.0,0.0,5,103.37804809164396,-0.129523726,-0.3549641966819763,-16.9319439886507,-1.0,0.0,99.60224350834176,
368,104.287,0.664818,0.0365004,-0.250974,119.534,129.534,0.0,0.7933997511863708,0.5799528360366821,0.0,5,102.31470198836193,-0.13086662769000001,-1.4384355545043945,-26.19253412693061,-1.0,0.0,96.82342457528102,
369,104.569,1.88817,0.0531832,-0.254434,120.172,130.171,0.0,0.5827843546867371,1.0,0.0,5,101.64180423563536,-0.13302954473,-0.2106153964996338,-32.108472814504026,-1.0,0.0,95.62931914977987,
370,104.682,2.56432,0.056956,-0.258018,120.812,130.811,0.0,1.0,0.0,0.0,5,101.53272996317716,-0.13504920138,-0.41721564531326294,-33.474056622873874,-1.0,0.0,95.2514075747721,
371,104.827,2.38944,0.0484101,-0.261203,121.452,131.451,0.0,0.8967609405517578,1.0,0.0,5,102.16783913654443,-0.136905634405,-0.10323905944824219,-31.26151896439471,-1.0,0.0,96.31073393964576,
372,105.178,1.71058,0.0320622,-0.263547,122.093,132.092,0.0,-0.5371523499488831,1.0,0.0,5,103.43811377865975,-0.13859673183,-1.4339132905006409,-26.079064482510248,-1.0,0.0,97.95748338730301,
373,105.519,0.563312,0.013086,-0.264884,122.737,132.736,0.0,-0.19715338945388794,1.0,0.0,5,104.81957430052273,-0.13975147398,-0.3399989604949951,-17.938317198368452,-1.0,0.0,100.88707555863897,
374,106.007,-0.835089,0.00201897,-0.2659,123.384,133.383,0.0,-0.39504000544548035,1.0,0.0,5,105.89977154140034,-0.14093630650000002,-0.1978866159915924,-12.019111418544995,-1.0,0.0,102.89660253732112,
375,106.49,-1.37811,0.00286588,-0.267286,124.033,134.032,0.0,-0.6283526420593262,1.0,0.0,5,106.33696911311755,-0.1423164307,-0.23331263661384583,-13.129074554715345,-1.0,0.0,103.15529770822609,
376,106.571,-1.23837,0.012055,-0.269372,124.684,134.683,0.0,0.6080029010772705,0.19287633895874023,0.0,5,105.92091533931811,-0.14353621706,-1.2363555431365967,-18.711248122362647,-1.0,0.0,101.59978524096273,
377,106.857,-0.486213,0.0224105,-0.272077,125.336,135.335,0.0,-0.09176500141620636,1.0,0.0,5,105.63290852351484,-0.145366659945,-0.6997679024934769,-24.217764766365363,-1.0,0.0,100.644946777867,
378,107.387,0.219768,0.0283108,-0.274933,125.99,135.99,0.0,0.012352526187896729,1.0,0.0,5,105.8240645723296,-0.147621150355,-0.10411752760410309,-27.42070710105415,-1.0,0.0,100.53210209853526,
379,107.901,0.723526,0.0277712,-0.277566,126.648,136.647,0.0,0.5348736047744751,1.0,0.0,5,106.3613163693156,-0.14974824483,-0.5225210785865784,-27.860370317319465,-1.0,0.0,100.8757562533117,
380,108.381,0.520544,0.0207298,-0.279563,127.309,137.308,0.0,-0.5008732080459595,1.0,0.0,5,107.23443606968245,-0.151496587515,-1.0357468128204346,-25.41039315637134,-1.0,0.0,101.96065646486561,
381,108.887,0.361076,0.0131003,-0.281126,127.973,137.972,0.0,0.5181543827056885,1.0,0.0,5,108.16445087382588,-0.15305483380999998,-1.019027590751648,-22.28673210203101,-1.0,0.0,103.36267794748574,
382,109.339,0.166588,0.0013335,-0.281737,128.64,138.639,0.0,0.35832494497299194,1.0,0.0,5,109.26600102884903,-0.154024209215,-0.15982943773269653,-16.82024514456542,-1.0,0.0,105.54099121662941,
383,109.779,-0.254154,-0.0132934,-0.281214,129.31,139.309,0.0,0.34556400775909424,1.0,0.0,5,109.03965378419103,-0.15435695853,-0.012760937213897705,-12.703301702228288,-1.0,0.0,105.97597328916261,
384,110.26,-1.11498,-0.02796,-0.279603,129.982,139.981,0.0,-1.0,1.0,0.0,5,108.6756703218883,-0.1541451339,-1.3455640077590942,-9.822652364770207,-1.0,0.0,105.64445813094504,
385,110.807,-1.97863,-0.0329144,-0.277771,130.658,140.657,0.0,-0.8994687795639038,1.0,0.0,5,108.92373989412211,-0.15389485598500002,-0.10053122043609619,-9.629207970325822,-1.0,0.0,106.2953044764574,
386,111.285,-1.96952,-0.0264442,-0.276357,131.336,141.335,0.0,-1.0,1.0,0.0,5,109.77484179431671,-0.153771943725,-0.10053122043609619,-11.914203485128482,-1.0,0.0,106.8037799616916,
387,111.6,-1.42315,-0.0123077,-0.275765,132.018,142.017,0.0,-0.8252994418144226,1.0,0.0,5,110.90479523020788,-0.15387686999999997,-0.1747005581855774,-16.025819386196147,-1.0,0.0,107.29463528482277,
388,111.82,-0.615415,0.00597078,-0.276303,132.7,142.699,0.0,0.004237383604049683,1.0,0.0,5,111.48418247616048,-0.1544810073,-0.8295368254184723,-22.081901067606736,-1.0,0.0,106.76855526109392,
389,112.089,0.533903,0.025016,-0.278035,133.384,143.383,0.0,-0.09634503722190857,1.0,0.0,5,110.65206617959973,-0.15582332557499998,-0.10058242082595825,-30.923835058382338,-1.0,0.0,104.82749286901958,
390,112.525,1.23415,0.0411465,-0.280754,134.071,144.07,0.0,-0.24913689494132996,1.0,0.0,5,110.1154073058679,-0.15795921925,-0.1527918577194214,-37.61173815671887,-1.0,0.0,103.26984980579425,
391,112.728,2.12061,0.0546395,-0.284553,134.759,144.758,0.0,0.4066922664642334,0.3469882011413574,0.0,5,109.48159993801701,-0.16038545292,-0.6558291614055634,-42.16055141355895,-1.0,0.0,101.8003830246415,
392,112.787,2.58772,0.055626,-0.288507,135.448,145.447,0.0,0.39983421564102173,0.6717208623886108,0.0,5,109.47722196496265,-0.16269919504500002,-0.00685805082321167,-42.690666287030396,-1.0,0.0,101.90886541161613,
393,112.787,1.84581,0.0468563,-0.292121,136.137,146.136,0.0,-0.10390442609786987,0.04875314235687256,0.0,5,110.02178603743182,-0.16473725613500004,-0.5037386417388916,-40.30153662974901,-1.0,0.0,102.66069669431282,
394,113.132,1.24954,0.0371567,-0.295575,136.827,146.826,0.0,0.3128267228603363,1.0,0.0,5,110.95259052077033,-0.1671949545,-0.4167311489582062,-37.63006360099101,-1.0,0.0,104.01586668143422,
395,113.582,0.711696,0.022341,-0.298138,137.52,147.519,0.0,0.6218502521514893,1.0,0.0,5,112.28499345007205,-0.16931555158000003,-0.30902352929115295,-32.40503775084953,-1.0,0.0,106.16221517707729,
396,113.857,-0.0899687,0.00409894,-0.299474,138.215,148.214,0.0,-0.8258419036865234,0.7833820581436157,0.0,5,113.6226976756433,-0.17048605609000003,-1.4476921558380127,-26.396919963448454,-1.0,0.0,108.05836597828463,
397,114.189,-1.36938,-0.0105318,-0.299853,138.911,148.91,0.0,-0.20066672563552856,0.8344066143035889,0.0,5,113.58137046536459,-0.17119957108499997,-0.6251751780509949,-23.31730143548542,-1.0,0.0,108.72502312554147,
398,114.675,-2.07018,-0.01275,-0.300258,139.611,149.61,0.0,-1.0,1.0,0.0,5,113.9346458807346,-0.17216043075,-0.7993332743644714,-23.691335532140712,-1.0,0.0,108.96898513785416,
399,115.163,-1.85554,-0.00426921,-0.301184,140.313,150.312,0.0,-0.45625677704811096,1.0,0.0,5,114.91612374343875,-0.17342626496,-0.543743222951889,-26.566340920777378,-1.0,0.0,109.59462337347657,
400,114.924,-0.963633,0.00947069,-0.302877,141.017,151.016,0.0,0.909127950668335,0.0,0.1523345708847046,5,114.37464939017046,-0.17403918174000002,-1.365384727716446,-30.25364627450763,-1.0,0.0,108.25294784893939,
401,114.911,0.370261,0.0171995,-0.304706,141.719,151.718,0.0,0.659267008304596,1.0,0.0,5,113.90584662142983,-0.17507035583,-0.249860942363739,-32.803110001535174,-1.0,0.0,107.73535148266043,
402,115.41,0.69901,0.0153373,-0.306028,142.422,152.421,0.0,0.1105998083949089,1.0,0.0,5,114.51142196047081,-0.1765934574,-0.548667199909687,-33.03867489229033,-1.0,0.0,108.21442710925436,
403,115.81,0.662305,0.00823431,-0.306792,143.129,153.128,0.0,0.23039615154266357,0.6647120714187622,0.0,5,115.32927150726856,-0.17764790760000002,-0.11979634314775467,-31.845836215680677,-1.0,0.0,109.33880926437213,
404,115.742,0.441475,-0.00372773,-0.306605,143.837,153.836,0.0,1.0,0.0,0.0,5,115.52546886398963,-0.17743537955000002,-0.7696038484573364,-29.297927907114413,-1.0,0.0,109.72246314383526,
405,115.726,-0.0473823,-0.0200257,-0.30512,144.544,154.543,0.0,0.6694133281707764,0.45127373933792114,0.0,5,114.54412642189946,-0.1765515856,-0.33058667182922363,-26.272056543045565,-1.0,0.0,109.32759035329386,
406,115.936,-0.806307,-0.0388173,-0.302204,145.252,155.251,0.0,0.10749712586402893,1.0,0.0,5,113.59906957788226,-0.17518161472000002,-0.5619162023067474,-23.403782907789363,-1.0,0.0,108.74474566630184,
407,116.22,-2.0781,-0.0557652,-0.298106,145.961,155.96,0.0,-1.0,0.6664111018180847,0.0,5,112.80050231811802,-0.1732293966,-1.107497125864029,-21.247220741941007,-1.0,0.0,108.10794067246768,
408,116.514,-2.82046,-0.059692,-0.293767,146.671,156.67,0.0,-0.8084007501602173,0.759934663772583,0.0,5,112.83107198842079,-0.17113984119,-0.19159924983978271,-21.35710219432329,-1.0,0.0,108.39888704313037,
409,116.914,-2.51722,-0.0509206,-0.289813,147.384,157.384,0.0,-1.0,1.0,0.0,5,113.78707984330951,-0.16941598541,-0.19159924983978271,-23.62490095836492,-1.0,0.0,109.01644893919286,
410,117.234,-1.63531,-0.0342131,-0.286694,148.1,158.099,0.0,-1.0,1.0,0.0,5,115.16031531162605,-0.16805142198,-0.0,-27.180495903823925,-1.0,0.0,109.91518950407246,
411,117.435,-0.524985,-0.0135151,-0.284764,148.817,158.816,0.0,-1.0,0.9804380536079407,0.0,5,116.63072622062406,-0.1672063017,-0.0,-31.476628679924374,-1.0,0.0,110.7420256169354,
412,117.366,0.594336,0.00899567,-0.284262,149.535,159.534,0.0,-0.31822681427001953,0.347453236579895,0.0,5,116.83336549873562,-0.16681346946,-0.6817731857299805,-36.11997363562942,-1.0,0.0,110.04402402821222,
413,117.259,1.7385,0.0319889,-0.285351,150.251,160.25,0.0,-0.38151291012763977,1.0,0.0,5,115.32383678425768,-0.167299864545,-0.06328609585762024,-41.22548107577816,-1.0,0.0,107.95372892958868,
414,117.538,3.16116,0.0537733,-0.287898,150.969,160.968,0.0,0.2324965000152588,0.9768883585929871,0.0,5,114.20942609889705,-0.16919477562000002,-0.6140094101428986,-46.96626628174705,-1.0,0.0,105.81108855797213,
415,117.785,4.36535,0.0641149,-0.29107,151.688,161.687,0.0,1.0,0.37187445163726807,0.0,5,113.76969197380197,-0.17141839975,-0.7675034999847412,-50.05640042788423,-1.0,0.0,104.85956245987393,
416,118.108,4.12862,0.0584427,-0.294191,152.409,162.408,0.0,1.0,1.0,0.0,5,114.45704468761572,-0.17373155314,-0.0,-49.1219840257462,-1.0,0.0,105.91501553061379,
417,118.328,3.00806,0.0416394,-0.296764,153.132,163.131,0.0,1.0,0.6691428422927856,0.0,5,115.76259231049303,-0.17557745296,-0.0,-45.82267329912925,-1.0,0.0,107.71361386266365,
418,118.538,1.57144,0.0191696,-0.298308,153.856,163.855,0.0,0.9771555662155151,1.0,0.0,5,117.38012743757643,-0.17680416852000003,-0.022844433784484863,-41.95223630987283,-1.0,0.0,109.90363449244018,
419,118.795,-9.2278e-06,-0.00617944,-0.298515,154.581,164.58,0.0,0.8951578140258789,1.0,0.0,5,118.42569093379502,-0.177310447125,-0.08199775218963623,-38.14544699441912,-1.0,0.0,111.50196411185027,
420,118.962,-1.41854,-0.0300311,-0.29738,155.241,165.24,0.0,-0.1501014232635498,1.0,0.0,5,117.12234870903698,-0.17688459780000002,-1.0452592372894287,-34.85912014443262,-1.0,0.0,110.40301831838526,
421,119.128,-2.79257,-0.0535825,-0.294912,155.903,165.902,0.0,0.3853418231010437,1.0,0.0,5,115.76696661708584,-0.17566138368000003,-0.5354432463645935,-31.89369482136057,-1.0,0.0,109.6466180362924,
422,119.352,-4.19743,-0.0755397,-0.291152,156.565,166.564,0.0,-0.8768022060394287,1.0,0.0,5,114.50801478800348,-0.17374786752000004,-1.2621440291404724,-29.4270713094528,-1.0,0.0,108.5415630153234,
423,119.649,-5.02924,-0.0935679,-0.286257,157.229,167.228,0.0,0.31494855880737305,1.0,0.0,5,113.53613284815147,-0.171251818965,-1.1917507648468018,-27.72328216217184,-1.0,0.0,107.84886347540665,
424,119.004,-5.67638,-0.109115,-0.280053,157.892,167.891,0.0,-1.0,0.3612173795700073,0.7382745742797852,5,111.8165819456214,-0.16663713606,-1.314948558807373,-25.49450529491672,-1.0,0.0,106.43128444768168,
425,117.799,-6.04309,-0.117052,-0.273117,158.549,168.548,0.0,-1.0,1.0,0.6502166390419006,5,110.11435715449629,-0.160864547415,-0.0,-23.739971725198018,-1.0,0.0,105.39249684830159,
426,116.926,-5.72234,-0.11551,-0.26586,159.2,169.199,0.0,-1.0,0.5545451641082764,0.0,5,109.40876688300546,-0.1554297318,-0.0,-23.537392557764306,-1.0,0.0,104.72272826754082,
427,116.635,-4.79947,-0.104051,-0.258721,159.848,169.847,0.0,-0.6918585300445557,1.0,0.0,5,109.94713775718016,-0.15087961917499998,-0.30814146995544434,-25.185158009977954,-1.0,0.0,104.92604199552183,
428,116.671,-3.32694,-0.0851448,-0.252082,160.495,170.494,0.0,0.020058393478393555,1.0,0.0,5,111.28737902980751,-0.14705329511,-0.7119169235229492,-28.142631665324373,-1.0,0.0,105.70535590784196,
429,116.858,-1.78221,-0.0626853,-0.246226,161.143,171.142,0.0,-0.8412347435951233,1.0,0.05882847309112549,5,112.96824034850114,-0.14386738954000003,-0.8612931370735168,-31.758707405995438,-1.0,0.0,106.80217890693977,
430,116.833,-0.245337,-0.0380918,-0.241501,161.791,171.79,0.0,-1.0,1.0,0.22854715585708618,5,114.52359721575746,-0.141076431665,-0.1587652564048767,-35.49317949368219,-1.0,0.0,108.01091428311867,
431,116.748,1.20974,-0.0135814,-0.238056,162.44,172.439,0.0,-1.0,1.0,0.0,5,115.94445655161815,-0.13896280944,-0.0,-39.18547296535523,-1.0,0.0,108.92767279737485,
432,116.777,2.56238,0.0104694,-0.235948,163.088,173.087,0.0,-0.15547892451286316,1.0,0.0,5,116.15931879727438,-0.13776649797999999,-0.8445210754871368,-42.929113097259176,-1.0,0.0,108.32882901205937,
433,116.64,3.73437,0.0334877,-0.235223,163.737,173.736,0.0,0.034190475940704346,0.23986434936523438,0.0,5,114.6219668845895,-0.1371820536,-0.1896694004535675,-46.3325949845964,-1.0,0.0,106.47799476316398,
434,116.329,4.90912,0.0537695,-0.235841,164.385,174.384,0.0,0.234390527009964,0.0,0.0,5,113.0349083909088,-0.137175738445,-0.20020005106925964,-49.12996429263288,-1.0,0.0,104.4681779932481,
435,116.051,5.91507,0.0639099,-0.237101,165.031,175.03,0.0,0.2651784420013428,0.28052520751953125,0.0,5,112.10819699884973,-0.13757904075500002,-0.030787914991378784,-50.552761855756756,-1.0,0.0,103.3784673052338,
436,116.227,5.69421,0.0602787,-0.238472,165.676,175.675,0.0,1.0,1.0,0.0,5,112.51502202435663,-0.13858442572000002,-0.7348215579986572,-50.63813509138919,-1.0,0.0,103.56027086752866,
437,116.662,4.57052,0.0454753,-0.239584,166.324,176.323,0.0,1.0,1.0,0.0,5,113.88968656124375,-0.13975174304,-0.0,-49.59842419315834,-1.0,0.0,105.31017118923,
438,117.017,2.96863,0.0236747,-0.240048,166.974,176.973,0.0,-0.8966929912567139,1.0,0.0,5,115.59916622694375,-0.14044848408,-1.8966929912567139,-47.64444058346989,-1.0,0.0,106.74304375796625,
439,117.221,1.19911,-0.000391841,-0.239577,167.624,177.623,0.0,0.14552566409111023,0.7801240086555481,0.0,5,117.19802500463811,-0.140417277585,-1.042218655347824,-45.303547319861224,-1.0,0.0,108.94941003246959,
440,117.541,-0.369542,-0.0228676,-0.238142,168.276,178.275,0.0,0.2967236638069153,1.0,0.0,5,116.1664454919537,-0.13995724411,-0.15119799971580505,-43.32655396689941,-1.0,0.0,108.48214575289404,
441,117.953,-2.01849,-0.0421458,-0.235793,168.931,178.93,0.0,-0.5429638624191284,1.0,0.0,5,115.3633814221796,-0.139062458645,-0.8396875262260437,-41.88199106755583,-1.0,0.0,107.6901140455334,
442,118.417,-3.1608,-0.0504905,-0.233193,169.587,179.586,0.0,-1.0,1.0,0.0,5,115.27789562989526,-0.138070077405,-0.4570361375808716,-41.86076184790687,-1.0,0.0,107.72360043402996,
443,118.85,-3.18217,-0.0470312,-0.230734,170.247,180.246,0.0,-0.9637982845306396,1.0,0.0,5,115.92478121806232,-0.13711367949999997,-0.03620171546936035,-43.246761974105894,-1.0,0.0,108.28979272780562,
444,119.016,-2.46937,-0.0350789,-0.228711,170.908,180.907,0.0,0.06042623519897461,0.4570659399032593,0.0,5,116.8557340844833,-0.13610134188,-1.0242245197296143,-45.370209896288046,-1.0,0.0,108.6068339022412,
445,119.138,-1.17542,-0.0205217,-0.227275,171.569,181.568,0.0,1.0,1.0,0.10856318473815918,5,117.8905426367682,-0.13538544475000003,-0.9395737648010254,-47.72862246455303,-1.0,0.0,109.31399169289494,
446,119.143,0.214942,-0.0125999,-0.225814,172.231,182.23,0.0,0.4597161114215851,0.0,0.0,5,118.38296762131792,-0.13452078701,-0.5402838885784149,-49.167564310038046,-1.0,0.0,109.7112270212287,
447,119.277,0.779339,-0.0135473,-0.2239,172.893,182.892,0.0,0.23119932413101196,1.0,0.0,5,118.45813881520931,-0.1335306015,-0.22851678729057312,-49.71311281706578,-1.0,0.0,109.79908625496226,
448,119.535,0.296809,-0.0184093,-0.221571,173.557,183.556,0.0,-0.6094422340393066,0.4031710624694824,0.0,5,118.41452953622708,-0.13242744742499998,-0.8406415581703186,-49.95020855819138,-1.0,0.0,109.53737833762227,
449,119.438,-0.358716,-0.0172765,-0.219623,174.221,184.22,0.0,-0.4890214502811432,0.0,0.0,5,118.38849168907063,-0.13115665937,-0.12042078375816345,-50.514111543239224,-1.0,0.0,109.64409206308729,
450,119.597,-0.338079,-0.00987825,-0.218434,174.884,184.883,0.0,0.5181184411048889,1.0,0.0,5,119.00046999453508,-0.13062025549,-1.007139891386032,-52.02272086954979,-1.0,0.0,109.7642996411968,
451,119.887,0.321208,-0.00323349,-0.217653,175.55,185.549,0.0,-0.02292589843273163,0.41563332080841064,0.0,5,119.69254689376727,-0.13046882605500001,-0.5410443395376205,-53.57041383937198,-1.0,0.0,110.36420268994519,
452,120.217,0.224633,0.00265419,-0.21728,176.217,186.216,0.0,-0.6333715319633484,1.0,0.0,5,120.05703736012605,-0.1306037488,-0.6104456335306168,-55.07037153773804,-1.0,0.0,110.48274419060616,
453,120.68,0.534713,0.0117644,-0.217735,176.886,186.885,0.0,0.16699481010437012,1.0,0.0,5,119.96180145171007,-0.131381299,-0.8003663420677185,-57.02749337221669,-1.0,0.0,110.03618624425725,
454,121.214,1.34915,0.0159243,-0.218402,177.558,187.557,0.0,1.0,1.0,0.0,5,120.23354813913949,-0.13236690014,-0.8330051898956299,-58.54917733209484,-1.0,0.0,110.06890308221656,
455,121.284,1.47733,0.0112543,-0.218663,178.232,188.231,0.0,1.0,0.0,0.0,5,120.5938503561582,-0.13260161646000002,-0.0,-58.74546148173912,-1.0,0.0,110.64942951743734,
456,121.045,1.1099,-0.000191003,-0.21819,178.905,188.904,0.0,0.9907386302947998,0.13780242204666138,0.0,5,121.03343781301211,-0.13205404275,-0.009261369705200195,-57.98126081495008,-1.0,0.0,111.20141623710805,
457,120.506,0.35158,-0.0155567,-0.216737,179.576,189.575,0.0,1.0,1.0,0.8498798608779907,5,119.55411837253143,-0.13059054461,-0.009261369705200195,-56.53204279865126,-1.0,0.0,109.94094299721219,
458,119.639,-0.484405,-0.0313658,-0.214343,180.243,190.242,0.0,1.0,0.0,0.0,5,117.70417476286809,-0.128218910885,-0.0,-54.70181188717824,-1.0,0.0,108.37068406890636,
459,119.196,-1.27392,-0.0483724,-0.210894,180.906,190.905,0.0,0.8972705602645874,0.8177746534347534,0.0,5,116.17480033068779,-0.12568860612,-0.1027294397354126,-53.1643712150003,-1.0,0.0,107.04363721039712,
460,118.694,-2.14465,-0.066291,-0.206285,181.566,191.565,0.0,-0.7420207262039185,1.0,0.4315555691719055,5,114.50200413950517,-0.12242395895000001,-1.6392912864685059,-51.46261447210834,-1.0,0.0,105.16840062379838,
461,118.127,-2.98129,-0.0825749,-0.200623,182.223,192.222,0.0,-1.0,1.0,0.0,5,112.85287565871704,-0.118494965605,-0.25797927379608154,-49.84858174064077,-1.0,0.0,104.17969964987711,
462,117.941,-3.91346,-0.0955027,-0.194113,182.877,192.876,0.0,-0.6258442997932434,0.8486777544021606,0.0,5,111.78026781137673,-0.11446940666500001,-0.3741557002067566,-48.95331414230509,-1.0,0.0,103.21055457330395,
463,117.405,-4.24811,-0.0979183,-0.187381,183.531,193.53,0.0,-0.806290864944458,0.5891045331954956,0.6815763115882874,5,111.10374234539148,-0.109997331525,-0.1804465651512146,-48.78692657907102,-1.0,0.0,102.62157205746047,
464,116.599,-3.41692,-0.0893335,-0.18066,184.177,194.176,0.0,0.31639808416366577,1.0,0.192363440990448,5,110.93287771115811,-0.1053238767,-1.1226889491081238,-49.23569841820401,-1.0,0.0,102.10539238699508,
465,116.408,-2.61234,-0.071867,-0.174586,184.815,194.814,0.0,-0.36918750405311584,1.0,0.0,5,111.92816645057873,-0.10161603544,-0.6855855882167816,-50.63595730707462,-1.0,0.0,103.0254811426125,
466,116.131,-1.39321,-0.0512827,-0.169767,185.453,195.452,0.0,1.0,1.0,0.38535672426223755,5,113.0018755354273,-0.09857605738500001,-1.3691875040531158,-52.21717051060075,-1.0,0.0,103.65996765023625,
467,115.728,-0.0847169,-0.037037,-0.165658,186.089,196.088,0.0,1.0,0.0,0.0,5,113.50601570903122,-0.09585634511999999,-0.0,-53.04364788561662,-1.0,0.0,104.45361218106872,
468,115.348,0.585672,-0.0317177,-0.161755,186.723,196.723,0.0,1.0,0.5099258422851562,0.21306082606315613,5,113.46100416840639,-0.09329057870000002,-0.0,-53.065456699328664,-1.0,0.0,104.40789508480708,
469,115.202,0.641835,-0.0335776,-0.157767,187.356,197.355,0.0,1.0,0.916459321975708,0.0,5,113.20332363092393,-0.09087536967,-0.0,-52.67140588799751,-1.0,0.0,104.21173737805431,
470,114.71,0.22799,-0.0398149,-0.153538,187.988,197.987,0.0,1.0,1.0,0.6430149078369141,5,112.33611105338535,-0.0880617199,-0.0,-51.53014245030304,-1.0,0.0,103.5185279659399,
471,113.595,-0.443032,-0.0469202,-0.149155,188.615,198.614,0.0,1.0,0.36242106556892395,0.5178316831588745,5,110.80601059797718,-0.08471631112500001,-0.0,-49.67869222178114,-1.0,0.0,102.26949045358501,
472,112.517,-1.09038,-0.0541036,-0.144704,189.236,199.235,0.0,0.21862518787384033,0.0,0.0,5,109.3100576762977,-0.08140829984,-0.7813748121261597,-47.850359450177095,-1.0,0.0,100.81668301529328,
473,111.905,-1.54284,-0.060708,-0.140053,189.852,199.851,0.0,-0.28254082798957825,0.6368938088417053,0.0,5,108.30417423880753,-0.07836315482500002,-0.5011660158634186,-46.533189561554906,-1.0,0.0,100.09548284499027,
474,111.585,-1.70312,-0.0672199,-0.13505,190.466,200.465,0.0,0.5008932948112488,0.6412495374679565,0.0,5,107.58545310511138,-0.07534777125,-0.783434122800827,-45.50639226648309,-1.0,0.0,99.44911625704869,
475,111.561,-1.94982,-0.0757065,-0.129453,191.079,201.078,0.0,0.5084741115570068,1.0,0.0,5,107.02253454786295,-0.07220953066500001,-0.007580816745758057,-44.57326380896278,-1.0,0.0,99.26206120082979,
476,111.708,-2.47078,-0.0856494,-0.123248,191.693,201.692,0.0,-0.18202364444732666,1.0,0.0,5,106.52050073433358,-0.06883893792,-0.6904977560043335,-43.64525247978892,-1.0,0.0,98.69772459764394,
477,111.961,-2.95566,-0.0951523,-0.116524,192.308,202.307,0.0,0.3514949083328247,1.0,0.0,5,106.1358980255345,-0.06523071782,-0.5335185527801514,-42.760630058792316,-1.0,0.0,98.49651723306161,
478,112.093,-3.30551,-0.104394,-0.10918,192.925,202.924,0.0,1.0,0.6224122047424316,0.0,5,105.64245695784649,-0.0611915687,-0.6485050916671753,-41.64676518223277,-1.0,0.0,98.13969908431143,
479,112.272,-3.54571,-0.112657,-0.101163,193.542,203.541,0.0,-1.0,1.0,0.0,5,105.24955290767866,-0.05678886168000001,-2.0,-40.54662373748047,-1.0,0.0,97.5107704853766,
480,112.565,-3.87924,-0.119322,-0.09257,194.16,204.159,0.0,-0.5918865203857422,1.0,0.0,5,105.06479908726479,-0.05210071025,-0.4081134796142578,-39.61783007545803,-1.0,0.0,97.9475898218118,
481,112.974,-4.40007,-0.118525,-0.0839742,194.781,204.78,0.0,-0.8929004669189453,1.0,0.0,5,105.50193227562782,-0.047434506354,-0.3010139465332031,-39.71264866111191,-1.0,0.0,98.40729628614709,
482,113.392,-4.12384,-0.106197,-0.0760752,195.405,205.405,0.0,-1.0,1.0,0.0,5,106.7435600709586,-0.043131595392,-0.10709953308105469,-41.36190628910718,-1.0,0.0,99.46401267227621,
483,113.741,-3.20352,-0.084819,-0.0692774,196.032,206.031,0.0,-1.0,1.0,0.0,5,108.5141867166292,-0.039398403767000004,-0.0,-44.038144965216816,-1.0,0.0,100.86906656807967,
484,113.455,-1.94489,-0.0588114,-0.0639623,196.661,206.66,0.0,-0.06745454668998718,1.0,0.6338412165641785,5,109.9245477457081,-0.0362842137325,-0.9325454533100128,-46.44577078491352,-1.0,0.0,101.64163427824556,
485,112.663,-0.723331,-0.0332719,-0.0602099,197.285,207.284,0.0,-1.0,1.0,0.4532943367958069,5,110.72673544552404,-0.033917139818499996,-0.9325454533100128,-48.09329812675297,-1.0,0.0,102.19905995069959,
486,112.121,0.285037,-0.00867206,-0.0580902,197.907,207.906,0.0,-0.016412675380706787,1.0,0.0,5,111.63063009148944,-0.032565656571,-0.9835873246192932,-49.739002596903006,-1.0,0.0,102.84213784799721,
487,111.828,1.20488,0.0157405,-0.0576324,198.526,208.525,0.0,0.5278704166412354,1.0,0.0,5,110.93406887251571,-0.032224580136000006,-0.5442830920219421,-51.48816241321162,-1.0,0.0,102.01533500279137,
488,111.712,2.25621,0.038599,-0.0587858,199.145,209.144,0.0,0.9981591105461121,0.7119781374931335,0.0,5,109.47334101508747,-0.032835396448,-0.4702886939048767,-53.186436354700525,-1.0,0.0,100.32145355726294,
489,111.927,2.52963,0.056736,-0.0613556,199.763,209.762,0.0,-0.19919919967651367,0.8829033374786377,0.0427975058555603,5,108.57346132518812,-0.034336741206,-1.1973583102226257,-54.80725210139667,-1.0,0.0,98.95882927570582,
490,111.968,2.87101,0.0729432,-0.0656217,200.382,210.381,0.0,1.0,0.0,0.0,5,107.59022564911977,-0.036737652528,-1.1991991996765137,-56.10017025872582,-1.0,0.0,97.77870269787994,
491,112.017,3.07058,0.0793372,-0.070811,201.001,211.0,0.0,0.5836715698242188,0.7963656187057495,0.0,5,107.22574801289682,-0.039660178935,-0.41632843017578125,-56.70376830992424,-1.0,0.0,97.55562405842045,
492,111.984,2.58392,0.0761973,-0.0763652,201.62,211.619,0.0,1.0,0.0,0.0,5,107.39675420232726,-0.042758402784,-0.41632843017578125,-56.565952398158224,-1.0,0.0,97.7442044107668,
493,112.017,1.72219,0.0673388,-0.0819473,202.237,212.237,0.0,1.0,0.8024964332580566,0.08068576455116272,5,107.9944291567348,-0.045897453520499995,-0.0,-56.07125485347433,-1.0,0.0,98.53784347519316,
494,112.131,0.72301,0.0558842,-0.0873578,202.856,212.855,0.0,0.6407088041305542,1.0,0.0,5,108.82440552270782,-0.048977587359,-0.3592911958694458,-55.386097145206065,-1.0,0.0,99.35972600480707,
495,111.702,-0.318666,0.0437416,-0.0924721,203.473,213.472,0.0,0.14294427633285522,0.0,0.30404365062713623,5,109.15292265009563,-0.051646592570999995,-0.497764527797699,-53.99098198783875,-1.0,0.0,99.85329940100951,
496,111.361,-1.56886,0.0345276,-0.0974503,204.088,214.087,0.0,-0.029415011405944824,1.0,0.0,5,109.37249473344045,-0.0542608142915,-0.17235928773880005,-52.8255953289806,-1.0,0.0,100.34268683348022,
497,111.628,-2.01214,0.0302651,-0.102627,204.702,214.701,0.0,1.0,1.0,0.0,5,109.8879211794187,-0.057280233779999995,-1.0294150114059448,-52.65486713426189,-1.0,0.0,100.62358637207763,
498,111.978,-2.26713,0.0246258,-0.107516,205.318,215.317,0.0,0.2419697344303131,0.9762332439422607,0.0,5,110.5654137396819,-0.06019713324,-0.7580302655696869,-52.36710166756417,-1.0,0.0,101.42274227663637,
499,112.332,-2.56703,0.0182164,-0.112077,205.936,215.935,0.0,0.49601268768310547,1.0,0.0,5,111.2902768083702,-0.06294916781999998,-0.25404295325279236,-51.91548570134155,-1.0,0.0,102.36379189937313,
500,112.605,-2.82223,0.0115151,-0.116208,206.556,216.555,0.0,0.8275730609893799,1.0,0.0,5,111.94921992012888,-0.0654280092,-0.3315603733062744,-51.24028049440787,-1.0,0.0,103.09828172477582,
501,112.842,-3.02336,0.00494638,-0.119858,207.177,217.176,0.0,0.697728157043457,1.0,0.0,5,112.56154100058251,-0.06762508218,-0.12984490394592285,-50.41535184394408,-1.0,0.0,103.89265967062713,
502,113.061,-3.17065,-0.0013817,-0.12299,207.799,217.798,0.0,-1.0,1.0,0.0,5,112.98278391093116,-0.06952686195,-1.697728157043457,-49.45737746165712,-1.0,0.0,103.98533198261957,
503,113.244,-3.50835,-0.00715351,-0.125671,208.423,218.422,0.0,0.06071633845567703,1.0,0.0,5,112.83605992275689,-0.07115743362000002,-1.060716338455677,-48.3825846592907,-1.0,0.0,104.18929988870657,
504,113.576,-4.20204,-0.0079338,-0.128455,209.048,219.047,0.0,-1.0,1.0,0.0,5,113.121885579917,-0.0729470254,-1.060716338455677,-48.0866665173633,-1.0,0.0,104.5177236753758,
505,114.058,-3.78104,-0.000537574,-0.131769,209.674,219.673,0.0,0.8677921295166016,1.0,0.0,5,114.02732621325949,-0.07514654301000001,-1.8677921295166016,-49.177605426600564,-1.0,0.0,105.01520121740442,
506,114.544,-3.21537,0.00893462,-0.135317,210.304,220.303,0.0,-0.40521910786628723,1.0,0.0,5,114.02773140491198,-0.07749875224,-1.2730112373828888,-50.57060553011118,-1.0,0.0,104.98273845194043,
507,115.028,-2.41066,0.0231102,-0.139576,210.935,220.934,0.0,-0.1261393427848816,1.0,0.0,5,113.66824247998042,-0.08027574064000002,-0.27907976508140564,-52.6260384923679,-1.0,0.0,104.61033703596081,
508,115.531,-1.8157,0.0400274,-0.144765,211.569,221.568,0.0,-0.346662312746048,1.0,0.0,5,113.12687549936354,-0.083624226075,-0.22052296996116638,-55.006373607101054,-1.0,0.0,103.72613834123503,
509,115.958,-0.834735,0.0597886,-0.151277,212.204,222.203,0.0,-0.12705492973327637,1.0,0.0,5,112.28638720329457,-0.08770889183,-0.2196073830127716,-57.569891621666656,-1.0,0.0,102.49731235331073,
510,116.478,0.40857,0.0759716,-0.158717,212.842,222.841,0.0,1.0,1.0,0.0,5,111.72176944226193,-0.09243519363,-1.1270549297332764,-59.692508895317275,-1.0,0.0,101.33734143541436,
511,116.965,1.00791,0.0846915,-0.16671,213.481,223.48,0.0,0.8831787705421448,1.0,0.0,5,111.59872437080813,-0.09749617575000001,-0.11682122945785522,-60.90431859136923,-1.0,0.0,101.33053403751539,
512,117.394,1.01765,0.0871108,-0.175126,214.123,224.122,0.0,0.46235549449920654,1.0,0.0,5,111.84219323106703,-0.10279370822,-0.42082327604293823,-61.35438544029769,-1.0,0.0,101.40999472398948,
513,117.765,0.720041,0.0850164,-0.183776,214.766,224.765,0.0,1.0,1.0,0.0,5,112.3397160416352,-0.1082119032,-0.5376445055007935,-61.20221364713368,-1.0,0.0,101.8898787397149,
514,117.944,0.279784,0.0796035,-0.192397,215.411,225.41,0.0,1.0,0.6061235666275024,0.0,5,112.88108705226264,-0.11346035884000001,-0.0,-60.37138150822042,-1.0,0.0,102.71191946718957,
515,118.046,-0.448087,0.0711389,-0.200816,216.055,226.055,0.0,-0.8429520726203918,1.0,0.0,5,113.552135053273,-0.11852762768,-1.8429520726203918,-58.89573710962901,-1.0,0.0,103.04636123736255,
516,118.254,-1.5723,0.0591989,-0.209023,216.701,226.7,0.0,0.6516608595848083,0.8868367671966553,0.0,5,114.54864008557364,-0.12358902921,-1.4946129322052002,-56.71470523641013,-1.0,0.0,104.46946139124056,
517,118.482,-2.7739,0.0467504,-0.217013,217.347,227.346,0.0,0.8827695250511169,1.0,0.0,5,115.58401475127471,-0.12856067133000001,-0.2311086654663086,-53.97711646394515,-1.0,0.0,106.28955401071303,
518,118.604,-3.75992,0.0351542,-0.224693,217.995,227.994,0.0,0.7185991406440735,0.5836493968963623,0.0,5,116.44643607414741,-0.13324744286,-0.16417038440704346,-50.65601989757164,-1.0,0.0,107.66553453132957,
519,118.565,-4.40642,0.0252159,-0.231925,218.642,228.642,0.0,-1.0,0.5859453082084656,0.0,5,117.03260453592688,-0.13749093812500002,-1.7185991406440735,-46.792158339661654,-1.0,0.0,108.3607101046594,
520,118.525,-4.76045,0.0166712,-0.238579,219.29,229.289,0.0,0.8091847896575928,0.49633073806762695,0.0,5,117.52059839340112,-0.141387879875,-1.8091847896575928,-42.43033264413333,-1.0,0.0,109.47190518000883,
521,118.51,-5.42162,0.00713259,-0.24471,219.937,229.936,0.0,-0.43435272574424744,1.0,0.0,5,118.08434744649234,-0.1450029105,-1.2435375154018402,-36.55448035672033,-1.0,0.0,111.08311122786374,
522,118.673,-6.41544,-0.00504053,-0.250449,220.584,230.583,0.0,1.0,1.0,0.0,5,118.37240630227365,-0.148607670885,-1.4343527257442474,-27.463368929591667,-1.0,0.0,112.67398747422662,
523,118.864,-7.47268,-0.0180329,-0.255769,221.233,231.232,0.0,0.7000346183776855,1.0,0.0,5,117.77300087162601,-0.15200863208000004,-0.29996538162231445,-13.128949992918635,-1.0,0.0,114.56166012612152,
524,118.892,-8.34124,-0.0322832,-0.260553,221.886,231.885,0.0,0.17467531561851501,0.0,0.0,5,116.91127668799436,-0.15488833638,-0.5253593027591705,-15.518425040051937,-1.0,0.0,113.27101680477881,
525,118.925,-8.98547,-0.0503505,-0.264131,222.547,232.547,0.0,-1.0,1.0,0.0,5,115.78158239987488,-0.157058895875,-1.174675315618515,-23.47210900135083,-1.0,0.0,110.7513045591117,
526,119.205,-9.81306,-0.0627121,-0.266592,223.211,233.21,0.0,-0.45489948987960815,1.0,0.0,5,115.23532323889633,-0.1588954968,-0.5451005101203918,-28.20068361885245,-1.0,0.0,109.68279504623234,
527,119.48,-9.80232,-0.0624513,-0.268739,223.876,233.875,0.0,-0.4717717170715332,0.6425799131393433,0.0,5,115.5186638816418,-0.16054467860000002,-0.01687222719192505,-28.309373151217173,-1.0,0.0,110.10665156220163,
528,119.178,-8.22293,-0.0496839,-0.270744,224.541,234.54,0.0,-0.5836673974990845,0.28198838233947754,0.4861918091773987,5,116.07153938373413,-0.16133364216,-0.11189568042755127,-23.210480494700704,-1.0,0.0,111.39506496324076,
529,118.747,-5.72271,-0.0298292,-0.272611,225.203,235.202,0.0,-0.2266426682472229,1.0,0.0,5,116.92337311999907,-0.161858692085,-0.3570247292518616,-13.61323377810534,-1.0,0.0,113.61242194242271,
530,119.059,-3.67325,-0.00850892,-0.27456,225.864,235.863,0.0,-0.400715708732605,1.0,0.0,5,118.54816434697238,-0.16344419520000003,-0.17407304048538208,-17.913093508437015,-1.0,0.0,114.64553421336122,
531,119.558,-1.38226,0.0133686,-0.277033,226.526,236.525,0.0,0.5555461645126343,1.0,0.0,5,118.74817875283297,-0.16560755707,-0.9562618732452393,-32.85129437696298,-1.0,0.0,112.36799847724495,
532,120.106,-0.0429138,0.0304567,-0.279854,227.192,237.191,0.0,-1.0,1.0,0.0,5,118.22156505903448,-0.16806072262,-1.5555461645126343,-41.26618264861338,-1.0,0.0,110.39691308976867,
533,120.496,0.84418,0.0488439,-0.283758,227.86,237.859,0.0,-0.9923644661903381,1.0,0.0,5,117.41071599121935,-0.17095851984000002,-0.007635533809661865,-48.19413280419377,-1.0,0.0,109.00834689060738,
534,120.744,1.71897,0.0680147,-0.288941,228.53,238.529,0.0,-1.0,1.0,0.0,5,116.3618084758708,-0.17443946052,-0.007635533809661865,-53.87438358118091,-1.0,0.0,107.10392081803076,
535,120.915,2.54741,0.0871448,-0.295497,229.2,239.199,0.0,0.8548433184623718,0.8847581744194031,0.0,5,115.19427231073806,-0.17865009877500004,-1.8548433184623718,-58.51292311148611,-1.0,0.0,104.68223074970145,
536,120.82,3.24793,0.105624,-0.303465,229.87,239.87,0.0,1.0,0.0,0.0,5,113.7777783841971,-0.18332320649999997,-0.14515668153762817,-62.10050408935717,-1.0,0.0,103.23583255983223,
537,120.541,4.08394,0.122365,-0.312738,230.539,240.538,0.0,0.9998577833175659,0.0,0.0,5,112.28307467521644,-0.18848875629000003,-0.00014221668243408203,-64.78333864301696,-1.0,0.0,101.37704245746917,
538,120.571,4.64421,0.131367,-0.32275,231.206,241.205,0.0,0.060393571853637695,1.0,0.0,5,111.63536434860339,-0.19457145125,-0.9394642114639282,-66.45751923965712,-1.0,0.0,100.19032574796564,
539,121.023,4.69441,0.131588,-0.333189,231.875,241.874,0.0,1.0,0.9441898465156555,0.0,5,112.03710217501217,-0.20161766173499998,-0.9396064281463623,-67.3572343760941,-1.0,0.0,100.45001742841914,
540,121.316,3.95511,0.121095,-0.343479,232.546,242.545,0.0,1.0,0.3939772844314575,0.0,5,113.10015601216504,-0.20834749181999998,-0.0,-66.64088683139283,-1.0,0.0,101.89567549563611,
541,121.567,2.68359,0.103102,-0.353185,233.218,243.217,0.0,0.7792366743087769,1.0,0.0,5,114.66563876037708,-0.21467820447500002,-0.22076332569122314,-64.57508478389236,-1.0,0.0,103.69846884061084,
542,121.889,1.16695,0.0811543,-0.361983,233.892,243.891,0.0,0.5389472842216492,1.0,0.0,5,116.54735747480288,-0.220608729435,-0.24028939008712769,-61.347007961415734,-1.0,0.0,106.05261073412939,
543,121.884,-0.272237,0.0577937,-0.369634,234.568,244.567,0.0,1.0,0.0,0.0,5,118.1604002485652,-0.22526235228,-0.46105271577835083,-56.46473678189275,-1.0,0.0,108.32711156426778,
544,121.992,-1.73246,0.0335994,-0.375912,235.244,245.244,0.0,0.9896574020385742,1.0,0.0,5,119.87410347563504,-0.22929128352000003,-0.010342597961425781,-49.718320143499,-1.0,0.0,111.18396139120176,
545,122.204,-3.25804,0.00871986,-0.380826,235.922,245.921,0.0,-0.12174862623214722,1.0,0.0,5,121.6665599465655,-0.23269230252,-1.1114060282707214,-39.62673436350656,-1.0,0.0,114.1564356810383,
546,122.36,-4.74571,-0.0159473,-0.384322,236.602,246.601,0.0,-0.46545153856277466,1.0,0.0,5,121.36882679346142,-0.2351281996,-0.34370291233062744,-22.961022138052144,-1.0,0.0,116.5864343994544,
547,122.556,-6.33388,-0.0383679,-0.386498,237.283,247.282,0.0,-0.05928748846054077,1.0,0.0,5,120.11527260625432,-0.23683824444,-0.4061640501022339,-17.222996624989378,-1.0,0.0,116.17313565303526,
548,122.89,-7.6818,-0.0507833,-0.388001,237.966,247.965,0.0,-0.9814680814743042,1.0,0.0,5,119.61253203822324,-0.23840721445000002,-0.9221805930137634,-23.048485588408667,-1.0,0.0,114.64019780760779,
549,123.353,-7.25619,-0.0508829,-0.389175,238.651,248.65,0.0,-0.15978047251701355,1.0,0.0,5,120.05642455083313,-0.240029518875,-0.8216876089572906,-23.510331766423633,-1.0,0.0,115.04333898430738,
550,123.829,-6.21191,-0.0431831,-0.389849,239.339,249.338,0.0,-0.7173078060150146,0.7361211776733398,0.0,5,121.04073185387412,-0.24137305910499998,-0.5575273334980011,-20.631093044480792,-1.0,0.0,116.5374366380476,
551,124.068,-4.60787,-0.0258722,-0.390686,240.028,250.027,0.0,-1.0,0.4038800001144409,0.0,5,122.42170156311482,-0.24235815323999998,-0.28269219398498535,-14.593531743698335,-1.0,0.0,118.90550599012457,
552,123.98,-2.75659,-0.00273746,-0.3922,240.718,250.717,0.0,0.5682035088539124,0.03685760498046875,0.0,5,123.80984053315767,-0.24312477999999998,-1.5682035088539124,-35.46488942559016,-1.0,0.0,116.77652128666297,
553,123.907,-0.871525,0.023104,-0.394796,241.406,251.405,0.0,-0.6566117405891418,1.0,0.0,5,122.44268468981886,-0.24458993985999997,-1.2248152494430542,-48.83599361271358,-1.0,0.0,113.5052511332189,
554,124.172,1.06715,0.0504861,-0.398696,242.095,252.094,0.0,-1.0,1.0,0.0,5,120.88063731560439,-0.24753439855999998,-0.34338825941085815,-58.37642568074962,-1.0,0.0,110.77362258710868,
555,124.198,2.97181,0.0788288,-0.403998,242.784,252.783,0.0,-0.5948729515075684,0.0,0.0,5,118.92219639656555,-0.25087871802,-0.40512704849243164,-65.23084982297345,-1.0,0.0,107.7651520905518,
556,124.0,4.73609,0.106321,-0.41084,243.473,253.472,0.0,1.0,1.0,0.0,5,116.72031265176166,-0.25472079999999997,-1.5948729515075684,-70.10169575951392,-1.0,0.0,104.4718756023823,
557,123.946,6.40926,0.131497,-0.419114,244.16,254.16,0.0,-0.141768217086792,0.0019292235374450684,0.0,5,114.75014109802349,-0.25973751922,-1.141768217086792,-73.8458922156848,-1.0,0.0,102.07098928132474,
558,123.685,7.92199,0.150456,-0.428567,244.847,254.846,0.0,1.0,0.24059396982192993,0.0,5,113.01819942738098,-0.265036546975,-1.141768217086792,-76.14909357128025,-1.0,0.0,99.98826837958791,
559,123.68,8.44869,0.155072,-0.438484,245.533,255.532,0.0,0.6154183745384216,0.6312054991722107,0.0,5,112.6446266438193,-0.27115850560000004,-0.38458162546157837,-77.03641523210294,-1.0,0.0,99.70263136576537,
560,123.687,7.36161,0.144591,-0.448469,246.219,256.218,0.0,0.7464016675949097,0.0,0.0,5,113.48542804721069,-0.277348926015,-0.13098329305648804,-76.36194532491272,-1.0,0.0,100.71449233454184,
561,123.5,5.2439,0.1223,-0.458183,246.904,256.903,0.0,0.6902819871902466,0.0,0.0,5,115.04432522736529,-0.28292800250000005,-0.056119680404663086,-73.98432975309736,-1.0,0.0,102.6469118577793,
562,123.803,2.74475,0.0940928,-0.46713,247.589,257.588,0.0,0.15712136030197144,1.0,0.0,5,117.43946728121105,-0.28916047694999997,-0.5331606268882751,-70.68486750270675,-1.0,0.0,105.38762849078856,
563,123.977,0.461156,0.0650893,-0.475095,248.276,258.275,0.0,0.5623709559440613,0.0,0.0,5,119.68253147327026,-0.294504264075,-0.40524959564208984,-65.90778612552087,-1.0,0.0,108.3802844116745,
564,124.146,-1.67421,0.0355923,-0.481699,248.964,258.963,0.0,1.0,1.0,0.0,5,121.85851908906261,-0.29900502027,-0.4376290440559387,-58.90527652148545,-1.0,0.0,111.59243387735302,
565,124.168,-3.69979,0.0060479,-0.486871,249.654,259.653,0.0,0.855060875415802,0.0,0.0,5,123.79025361996953,-0.30226899164000004,-0.144939124584198,-47.684307620512996,-1.0,0.0,115.29185674787732,
566,124.186,-5.58462,-0.0224802,-0.49047,250.343,260.343,0.0,0.2736263871192932,1.0,0.0,5,122.75887654791276,-0.30454753710000004,-0.5814344882965088,-27.727420288291626,-1.0,0.0,117.12078562108006,
567,124.331,-7.44296,-0.049886,-0.492574,251.035,261.034,0.0,-0.6221556663513184,1.0,0.0,5,121.07642419286174,-0.30621108997,-0.8957820534706116,-20.411277136628215,-1.0,0.0,116.43978691635631,
568,124.527,-9.39844,-0.0729393,-0.493417,251.728,261.727,0.0,-1.0,1.0,0.0,5,119.65846589123957,-0.307218693795,-0.37784433364868164,-29.292653254721174,-1.0,0.0,113.8439959091418,
569,124.861,-10.1534,-0.0873108,-0.493377,252.423,262.422,0.0,-0.05156600475311279,1.0,0.0,5,118.94144951569652,-0.308017727985,-0.9484339952468872,-34.05500900821576,-1.0,0.0,112.24065023790509,
570,124.572,-10.2659,-0.0946861,-0.492289,253.118,263.117,0.0,-1.0,0.8331618309020996,0.6227215528488159,5,118.12518469728772,-0.30662712654,-0.9484339952468872,-35.83972853127223,-1.0,0.0,111.15806809248284,
571,124.186,-9.48166,-0.0901611,-0.490649,253.811,263.81,0.0,-1.0,1.0,0.0,5,118.09079497418058,-0.30465868357000003,-0.0,-34.26803738962943,-1.0,0.0,111.64593068216617,
572,124.348,-7.6101,-0.0738931,-0.488923,254.503,264.502,0.0,0.3622121810913086,1.0,0.0,5,119.41862272822607,-0.30398298601999996,-1.3622121810913086,-29.57101545206241,-1.0,0.0,113.27032377006931,
573,124.847,-4.66268,-0.0540071,-0.487055,255.196,265.195,0.0,0.48506587743759155,1.0,0.0,5,121.29529589878986,-0.304036777925,-0.12285369634628296,-22.851800112946478,-1.0,0.0,116.52663299501899,
574,125.325,-2.76487,-0.0377541,-0.484845,255.891,265.89,0.0,-0.6055316925048828,0.7610700130462646,0.0,5,122.87048891646262,-0.303815998125,-1.0905975699424744,-16.01086184760912,-1.0,0.0,118.83786437021351,
575,125.746,-1.39627,-0.0184372,-0.483316,256.588,266.588,0.0,-0.46281400322914124,1.0,0.0,5,124.5654917628571,-0.30387526868000003,-0.14271768927574158,-32.50970663738288,-1.0,0.0,118.34234519178695,
576,126.117,0.0468166,0.00329691,-0.482841,257.288,267.287,0.0,-0.7038169503211975,1.0,0.0,5,125.90841675636254,-0.30447229198500003,-0.24100294709205627,-47.904980463358456,-1.0,0.0,117.34589651074617,
577,126.253,1.43937,0.0255873,-0.483641,257.989,267.988,0.0,-0.23364543914794922,0.5758838653564453,0.0,5,124.5966122617049,-0.305305635865,-0.4701715111732483,-57.81658863879551,-1.0,0.0,114.47776687666861,
578,126.47,2.91316,0.0455732,-0.485678,258.691,268.69,0.0,0.6152533888816833,1.0,0.0,5,123.45786505545829,-0.30711848329999997,-0.8488988280296326,-64.34313624526021,-1.0,0.0,112.24460648696036,
579,126.62,3.60269,0.0607736,-0.4887,259.395,269.394,0.0,-0.4197293817996979,0.0,0.0,5,122.54103228490796,-0.30939597,-1.0349827706813812,-68.37449201869728,-1.0,0.0,110.66496768089895,
580,126.668,4.02212,0.0745733,-0.493066,260.098,270.097,0.0,0.08453023433685303,1.0,0.0,5,121.5973026044053,-0.31227842044,-0.5042596161365509,-71.4952676043682,-1.0,0.0,109.40945615846911,
581,126.787,4.68234,0.0812763,-0.498185,260.802,270.801,0.0,0.9307989478111267,0.0,0.0,5,121.2217449937141,-0.315816907975,-0.8462687134742737,-73.11613639599229,-1.0,0.0,108.68462701229797,
582,126.732,4.33699,0.0754182,-0.503292,261.506,271.505,0.0,1.0,0.47894448041915894,0.0,5,121.59733044147946,-0.31891600872,-0.06920105218887329,-72.27658704591434,-1.0,0.0,109.41616606021566,
583,127.035,3.12898,0.0600594,-0.507948,262.21,272.209,0.0,-0.5334910750389099,1.0,0.0,5,122.99342296073975,-0.3226358709,-1.53349107503891,-69.74030914648374,-1.0,0.0,110.74969339535552,
584,127.212,1.18801,0.0431415,-0.512144,262.917,272.916,0.0,0.061670780181884766,0.0,0.0,5,124.35042844461333,-0.32575431264000004,-0.5951618552207947,-66.0597833598814,-1.0,0.0,112.93715807142488,
585,127.454,0.242163,0.0293866,-0.51597,263.624,273.623,0.0,1.0,0.7150087952613831,0.0,5,125.52652075922116,-0.32881220190000005,-0.9383292198181152,-62.47192247088432,-1.0,0.0,114.54542142074307,
586,127.807,-0.534938,0.0131328,-0.518753,264.332,274.331,0.0,0.5913774371147156,1.0,0.0,5,126.95677093268223,-0.33150132335500004,-0.4086225628852844,-56.96470754697445,-1.0,0.0,116.95797670841547,
587,128.167,-1.53902,-0.00513691,-0.520335,265.044,275.043,0.0,-1.0,1.0,0.0,5,127.83611925408258,-0.33344887972500004,-1.5913774371147156,-48.09057650344266,-1.0,0.0,118.81167066770676,
588,128.202,-2.40052,-0.0232592,-0.520641,265.756,275.755,0.0,0.49556124210357666,0.16255760192871094,0.0,5,126.6765199863814,-0.33373608741,-1.4955612421035767,-33.863833810487904,-1.0,0.0,119.81454045476713,
589,127.934,-3.17486,-0.0409931,-0.519534,266.468,276.467,0.0,-1.0,0.0,0.0,5,125.20505143241024,-0.33233031378,-1.4955612421035767,-18.972149795444466,-1.0,0.0,120.57823027668249,
590,128.107,-4.35901,-0.0542792,-0.517399,267.179,277.178,0.0,-1.0,1.0,0.04148268699645996,5,124.44326412713399,-0.331412168465,-0.0,-25.18889663620884,-1.0,0.0,119.33351746323767,
591,128.53,-4.78165,-0.0555818,-0.515112,267.892,277.891,0.0,-1.0,1.0,0.0,5,124.76138940280364,-0.3310367268,-0.0,-26.222275951421935,-1.0,0.0,119.49701128329036,
592,128.984,-4.03319,-0.0452808,-0.513049,268.608,278.607,0.0,-1.0,1.0,0.0,5,125.93253983161661,-0.33087556108,-0.0,-22.290772473600754,-1.0,0.0,121.25804839949649,
593,129.398,-2.59175,-0.0271742,-0.511587,269.326,279.325,0.0,0.47679221630096436,1.0,0.0,5,127.59229960097893,-0.33099167313,-1.4767922163009644,-29.900269372613337,-1.0,0.0,121.33322985706664,
594,129.696,-0.93919,-0.00528073,-0.511048,270.046,280.045,0.0,-0.9629833698272705,1.0,0.0,5,129.35174845831753,-0.33140440704,-1.4397755861282349,-48.75815718219319,-1.0,0.0,120.27468779811008,
595,129.742,0.678387,0.0182664,-0.511708,270.767,280.766,0.0,0.5944341421127319,0.37772202491760254,0.0,5,128.535461915544,-0.33195009668000003,-1.5574175119400024,-60.48879502001368,-1.0,0.0,117.66296731227995,
596,129.708,2.22493,0.0416436,-0.513759,271.487,281.486,0.0,-0.36804500222206116,1.0,0.0,5,126.8955736330131,-0.33319326186,-0.9624791443347931,-68.24983862170947,-1.0,0.0,115.03616083459623,
597,129.739,3.83211,0.0632709,-0.517119,272.208,282.207,0.0,0.6898230314254761,0.5515596866607666,0.08261299133300781,5,125.37778682962715,-0.335452509705,-1.0578680336475372,-73.66573364249234,-1.0,0.0,112.67511386345404,
598,129.813,5.18725,0.0748786,-0.521166,272.929,282.928,0.0,0.2587980329990387,0.6436269879341125,0.0,5,124.59368441999186,-0.33827060979,-0.4310249984264374,-76.24741403288861,-1.0,0.0,111.68899420574064,
599,130.213,5.16326,0.0727417,-0.525307,273.651,283.65,0.0,0.4943932890892029,1.0,0.0,5,125.13686829029042,-0.342009001955,-0.23559525609016418,-76.48408041287261,-1.0,0.0,112.25156864957748,
600,130.383,3.92773,0.0603299,-0.529273,274.376,284.375,0.0,0.3144674003124237,0.04140663146972656,0.0,5,126.21518337249636,-0.345041007795,-0.17992588877677917,-74.40148876637932,-1.0,0.0,113.65594128311142,
601,130.768,1.90712,0.0452393,-0.533043,275.101,285.1,0.0,-0.11345946788787842,1.0,0.0,5,127.67729075248045,-0.34852483512000004,-0.4279268682003021,-71.48544944758196,-1.0,0.0,115.47757043976306,
602,131.133,0.705481,0.0348577,-0.536899,275.828,285.827,0.0,0.12584781646728516,0.4135863780975342,0.0,5,128.76830630472236,-0.352025882835,-0.23930728435516357,-69.24894066320472,-1.0,0.0,116.95714713710011,
603,131.425,-0.109286,0.0263264,-0.54045,276.557,286.556,0.0,0.07113515585660934,0.7468944787979126,0.0,5,129.64968492237134,-0.35514320625,-0.05471266061067581,-67.11082115893885,-1.0,0.0,118.2115047440973,
604,131.844,-0.937109,0.0221996,-0.543883,277.288,287.288,0.0,-1.0,0.8182606101036072,0.0,5,130.34819167512407,-0.35853855126,-1.0711351558566093,-66.35356711091305,-1.0,0.0,118.71527751047013,
605,132.356,-0.792966,0.0246198,-0.547633,278.022,288.021,0.0,0.8824028968811035,1.0,0.0,5,130.6867647190696,-0.36241256674000005,-1.8824028968811035,-67.97412677468913,-1.0,0.0,118.5635122670619,
606,132.948,-0.697945,0.0273415,-0.551389,278.759,288.758,0.0,-0.5984234809875488,1.0,0.0,5,131.0810375183073,-0.36653032386,-1.4808263778686523,-69.73567208842884,-1.0,0.0,118.80990846782241,
607,133.501,-0.541887,0.0354815,-0.555764,279.499,289.498,0.0,-0.4203419089317322,1.0,0.0,5,131.0490632010923,-0.37097524882000005,-0.17808157205581665,-73.06971009154282,-1.0,0.0,118.66420696692413,
608,133.954,0.176202,0.0473737,-0.561006,280.241,290.24,0.0,1.0,1.0,0.0,5,130.63195219494034,-0.37574498862000005,-1.4203419089317322,-76.99734279471802,-1.0,0.0,117.28050321443311,
609,134.433,0.761371,0.0590695,-0.567021,280.986,290.985,0.0,-0.5839691162109375,1.0,0.0,5,130.2303994831054,-0.381131670465,-1.5839691162109375,-80.48262280020649,-1.0,0.0,116.30168365774614,
610,134.945,1.49322,0.0724407,-0.574095,281.733,291.732,0.0,1.0,1.0,0.0,5,129.70760103049489,-0.38735624887500003,-1.5839691162109375,-83.99853397928369,-1.0,0.0,115.24527394986406,
611,135.466,2.60233,0.0806868,-0.581746,282.483,292.482,0.0,1.0,1.0,0.0,5,129.56604206303808,-0.39403401818000006,-0.0,-86.3719188903591,-1.0,0.0,115.2162202113042,
612,135.528,2.70402,0.0777881,-0.589276,283.235,293.234,0.0,0.4508706033229828,0.0,0.0,5,129.85224914699955,-0.39931698864000004,-0.5491293966770172,-86.40606192748498,-1.0,0.0,115.32728405023369,
613,135.675,1.81279,0.0669149,-0.596329,283.987,293.986,0.0,-0.2154807448387146,0.7716412544250488,0.0,5,130.8354111452038,-0.40453468537500004,-0.6663513481616974,-85.090338293115,-1.0,0.0,116.46742031141304,
614,136.134,0.858568,0.0538768,-0.602895,284.741,294.74,0.0,0.8882275223731995,1.0,0.0,5,132.27101080389178,-0.410380920675,-1.103708267211914,-83.39935863400603,-1.0,0.0,118.0196136079523,
615,136.619,-0.220465,0.0368415,-0.608496,285.498,295.497,0.0,0.4974980354309082,1.0,0.0,5,134.01023908489213,-0.41573275713600005,-0.39072948694229126,-80.24913571064766,-1.0,0.0,120.43991712507629,
616,136.995,-1.48669,0.0171896,-0.612901,286.258,296.257,0.0,1.0,1.0,0.0,5,135.7973740550545,-0.41998829827600004,-0.5025019645690918,-74.95453578510232,-1.0,0.0,122.98345479964243,
617,137.256,-2.79265,-0.00356561,-0.615944,287.02,297.019,0.0,-0.39095062017440796,1.0,0.0,5,137.01042732914487,-0.422964259456,-1.390950620174408,-66.45681356399638,-1.0,0.0,125.20165584903711,
618,137.49,-4.09567,-0.0241151,-0.617557,287.783,297.782,0.0,0.24663832783699036,1.0,0.0,5,135.7923922283065,-0.424847807899,-0.6375889480113983,-52.44148678548227,-1.0,0.0,126.31004471818176,
619,137.776,-5.24011,-0.0430152,-0.617776,288.548,298.547,0.0,0.17915916442871094,1.0,0.0,5,134.68623830705567,-0.42588951705600003,-0.06747916340827942,-26.75855272255626,-1.0,0.0,129.22632213259376,
620,138.121,-6.41656,-0.0579958,-0.616741,289.315,299.314,0.0,-0.564452052116394,1.0,0.0,5,133.8858051678764,-0.426204679386,-0.743611216545105,-33.4351843419081,-1.0,0.0,127.22123947224065,
621,138.553,-6.81439,-0.0607354,-0.615269,290.085,300.084,0.0,-0.33236363530158997,1.0,0.0,5,134.0925825369317,-0.42646997114599994,-0.23208841681480408,-35.01246880568944,-1.0,0.0,127.34461571988786,
622,139.102,-5.7569,-0.050637,-0.613783,290.857,300.856,0.0,-1.0,1.0,0.0,5,135.4033528702015,-0.427082185419,-0.66763636469841,-31.38082659383997,-1.0,0.0,129.06885578629698,
623,139.586,-3.81837,-0.030997,-0.612696,291.632,301.631,0.0,-0.9167879223823547,1.0,0.0,5,137.3559200725319,-0.42778010769600006,-0.08321207761764526,-46.72553693847959,-1.0,0.0,128.89434580077864,
624,139.884,-1.59537,-0.00648725,-0.612492,292.408,302.407,0.0,-1.0,1.0,0.0,5,139.42732848533478,-0.428545204704,-0.08321207761764526,-67.1476652009465,-1.0,0.0,127.90166987720352,
625,140.104,0.639851,0.0197998,-0.613508,293.186,303.185,0.0,-0.012574248015880585,1.0,0.0,5,138.68961330029475,-0.4299570902240001,-0.9874257519841194,-79.01928505427894,-1.0,0.0,125.11053572633368,
626,140.281,2.78656,0.0463959,-0.615941,293.965,303.964,0.0,-0.6522616147994995,1.0,0.0,5,136.87697982576577,-0.432278212586,-0.6396873667836189,-86.7845477811846,-1.0,0.0,122.23511323596699,
627,140.434,4.82684,0.0726523,-0.619878,294.745,304.744,0.0,0.332122266292572,1.0,0.0,5,134.96659275064113,-0.435654870144,-0.9843838810920715,-92.33914372617379,-1.0,0.0,119.38475115724343,
628,140.587,6.67136,0.0979552,-0.625398,295.525,305.524,0.0,-0.5714594721794128,1.0,0.0,5,133.03844982748876,-0.44025920153399994,-0.9035817384719849,-96.56122573082898,-1.0,0.0,116.84293224478881,
629,140.612,8.28477,0.122209,-0.632569,296.306,306.305,0.0,-0.461625337600708,0.5842667818069458,0.0,5,130.99262841653106,-0.44579470090100004,-0.10983413457870483,-99.82647315529687,-1.0,0.0,114.53991250196192,
630,140.595,9.65588,0.144641,-0.641474,297.087,307.086,0.0,0.4105108380317688,1.0,0.0,5,128.99438296641853,-0.452660277826,-0.8721361756324768,-102.44311407020618,-1.0,0.0,111.91361472537187,
631,140.536,11.0435,0.162531,-0.651834,297.868,307.867,0.0,1.0,0.0,0.0,5,127.31334782600857,-0.460717478676,-0.5894891619682312,-104.39158964376372,-1.0,0.0,110.01704515217754,
632,140.347,10.8835,0.171417,-0.663278,298.648,308.647,0.0,-0.11263388395309448,0.0,0.0,5,126.319972762992,-0.4694494926140001,-1.1126338839530945,-105.45014168868494,-1.0,0.0,108.69921185188932,
633,140.196,10.3036,0.177274,-0.676231,299.425,309.424,0.0,0.5735992193222046,0.46125680208206177,0.0,5,125.63728952623275,-0.47983557174100006,-0.6862331032752991,-106.37679362255821,-1.0,0.0,107.99506498012542,
634,139.75,9.42177,0.172177,-0.689887,300.201,310.2,0.0,0.728407084941864,0.0,0.31113559007644653,5,125.71215994093222,-0.49013821401900004,-0.15480786561965942,-106.31191871533296,-1.0,0.0,108.22879155992739,
635,139.621,7.21878,0.153594,-0.703514,300.973,310.972,0.0,0.6880830526351929,1.0,0.0,5,127.29696304345902,-0.501841789166,-0.04032403230667114,-105.61777662338467,-1.0,0.0,109.94035755109331,
636,139.984,4.22497,0.126485,-0.716644,301.746,311.746,0.0,0.287678062915802,1.0,0.0,5,130.03637676060887,-0.515199291216,-0.40040498971939087,-104.55478493672207,-1.0,0.0,112.71783823196874,
637,140.063,1.38951,0.0970175,-0.728913,302.521,312.521,0.0,1.0,0.0,0.0,5,132.62072504572274,-0.527087269164,-0.712321937084198,-102.50679571894943,-1.0,0.0,115.50392183759107,
638,140.233,-1.38662,0.0664018,-0.739818,303.297,313.296,0.0,-0.0045909881591796875,0.859630823135376,0.0,5,135.27151484637065,-0.538283561094,-1.0045909881591797,-99.54609793066078,-1.0,0.0,118.49993929922978,
639,140.264,-3.89818,0.0370421,-0.749318,304.075,314.074,0.0,0.3557582199573517,0.0,0.0,5,137.5705391725219,-0.5478075648840002,-0.36034920811653137,-95.1995661302619,-1.0,0.0,121.63469192566366,
640,139.971,-6.1498,0.010609,-0.757281,304.852,314.851,0.0,-1.0,0.02415597438812256,0.0,5,139.22066090234324,-0.554724207216,-1.3557582199573517,-88.878754012962,-1.0,0.0,123.92739612719572,
641,140.12,-8.15355,-0.00552565,-0.764352,305.63,315.629,0.0,-1.0,1.0,0.0,5,139.73073580792934,-0.5625165911040001,-0.0,-83.82426659150802,-1.0,0.0,125.59457922809912,
642,140.549,-8.47439,-0.00652289,-0.771273,306.41,316.409,0.0,-0.755533754825592,1.0,0.0,5,140.08762038188493,-0.5713426849140001,-0.24446624517440796,-84.65166553761263,-1.0,0.0,125.74518799277672,
643,139.818,-6.71286,0.00557637,-0.778126,307.19,317.189,0.0,-0.008898645639419556,0.1677074432373047,1.0,5,139.42598969225725,-0.5757089772160001,-0.7466351091861725,-89.36802477701303,-1.0,0.0,124.22108646573342,
644,138.723,-4.08979,0.0214026,-0.784664,307.962,317.961,0.0,-0.01070299744606018,1.0,0.0,5,137.2068255944947,-0.5783555132560001,-0.001804351806640625,-93.52885878678522,-1.0,0.0,121.5985999576789,
645,138.541,-2.15042,0.0341862,-0.790904,308.731,318.73,0.0,-0.13034284114837646,0.9935864210128784,0.0,5,136.09241777906817,-0.5843074925360001,-0.11963984370231628,-96.82464349562632,-1.0,0.0,119.94852180907752,
646,138.901,-1.13627,0.0480569,-0.79749,309.501,319.5,0.0,-0.5435900092124939,1.0,0.0,5,135.4043461105984,-0.5928630925500001,-0.41324716806411743,-100.32813907421438,-1.0,0.0,118.638288006497,
647,138.884,0.257375,0.0653963,-0.805073,310.272,320.271,0.0,0.924911618232727,1.0,0.3719829320907593,5,134.04911123973307,-0.601113727989,-1.468501627445221,-103.53712460768278,-1.0,0.0,116.4768783323581,
648,138.878,1.8685,0.0771649,-0.813175,311.041,321.041,0.0,1.0,1.0,0.0,5,133.11179850478686,-0.610104168875,-0.07508838176727295,-105.67859518605792,-1.0,0.0,115.62737854347299,
649,139.026,2.0902,0.0795791,-0.821334,311.812,321.811,0.0,0.03185379505157471,0.45341360569000244,0.0,5,133.06007285195153,-0.6199226429760001,-0.9681462049484253,-106.82109850969888,-1.0,0.0,115.12654157103616,
650,139.361,2.01563,0.0764367,-0.829585,312.584,322.583,0.0,0.7163206338882446,1.0,0.0,5,133.63312244851656,-0.63076824815,-0.6844668388366699,-107.5748822754335,-1.0,0.0,115.66078180740054,
651,139.658,1.1912,0.0671858,-0.837406,313.358,323.357,0.0,-1.0,0.39824068546295166,0.0,5,134.65492671785537,-0.6411138445760001,-1.7163206338882446,-107.58565677409895,-1.0,0.0,116.36106816699805,
652,139.582,-0.0842557,0.0621275,-0.845302,314.132,324.131,0.0,-0.45975881814956665,0.0,0.0,5,134.97955394027014,-0.650117790024,-0.5402411818504333,-107.70768683092919,-1.0,0.0,117.01121077105161,
653,139.858,-0.275122,0.0641044,-0.853714,314.907,324.906,0.0,1.0,1.0,0.0,5,135.09104697471622,-0.661364456856,-1.4597588181495667,-109.09078628149764,-1.0,0.0,116.6281369301907,
654,139.984,-0.292896,0.0678676,-0.8624,315.683,325.682,0.0,-0.2574652433395386,0.0,0.0,5,134.91519646370406,-0.6724647680000002,-1.2574652433395386,-110.55232726466267,-1.0,0.0,116.2826430330028,
655,139.474,0.173755,0.0747545,-0.871684,316.457,326.456,0.0,-0.05155414342880249,1.0,0.5279526710510254,5,133.87617415031048,-0.681698466936,-0.20591109991073608,-111.73322856155582,-1.0,0.0,115.37271806916787,
656,139.276,0.899238,0.0775943,-0.881022,317.229,327.228,0.0,0.20221883058547974,1.0,0.0,5,133.45883742386738,-0.6924994648440002,-0.2537729740142822,-112.82036770742383,-1.0,0.0,114.76715091070554,
657,139.157,0.725109,0.0748478,-0.890072,318.001,328.0,0.0,0.05637407302856445,1.0,0.3207477927207947,5,133.56445324374656,-0.703440511704,-0.14584475755691528,-113.48894670412267,-1.0,0.0,114.79391729915709,
658,139.163,0.652198,0.069463,-0.898817,318.772,328.771,0.0,1.0,1.0,0.0,5,133.99794292398263,-0.7147019503440001,-0.9436259269714355,-114.06873611360558,-1.0,0.0,114.88984277850636,
659,139.543,0.00961311,0.0592833,-0.906845,319.544,329.543,0.0,-0.2981467843055725,1.0,0.0,5,135.16399684155465,-0.7268732132000001,-1.2981467843055725,-114.53913469881107,-1.0,0.0,115.86680938824132,
660,139.691,-0.545959,0.0485249,-0.91424,320.319,330.318,0.0,0.8634563684463501,0.0,0.0,5,136.13865348096718,-0.7373022768000002,-1.1616031527519226,-114.63894858699193,-1.0,0.0,116.85702797029282,
661,139.894,-1.18489,0.0346882,-0.920558,321.095,331.094,0.0,1.0,1.0,0.0,5,137.38399426243097,-0.7466601356240001,-0.1365436315536499,-114.24227725083557,-1.0,0.0,118.46002944971553,
662,139.269,-2.1152,0.019515,-0.925692,321.87,331.869,0.0,0.10812041163444519,0.5566056370735168,1.0,5,137.88365055592155,-0.750676274604,-0.8918795883655548,-112.44211497769449,-1.0,0.0,118.99909315815373,
663,138.128,-2.81835,0.00654256,-0.92981,322.64,332.639,0.0,0.5193857550621033,0.44532400369644165,0.0,5,137.67319157948754,-0.7509386145,-0.4112653434276581,-109.93216200926099,-1.0,0.0,119.30904906057009,
664,137.731,-3.20428,-0.00589627,-0.932753,323.406,333.405,0.0,0.5627371072769165,1.0,0.0,5,137.32255860006683,-0.7530695762240001,-0.04335135221481323,-107.57077188415181,-1.0,0.0,119.42086783555561,
665,137.624,-3.61942,-0.0201811,-0.934365,324.171,334.17,0.0,0.7281840443611145,1.0,0.07779419422149658,5,136.20736782941745,-0.7547551970249999,-0.165446937084198,-103.81488643575523,-1.0,0.0,118.83074558590393,
666,137.634,-4.35107,-0.0367786,-0.934571,324.935,334.935,0.0,1.0,1.0,0.0,5,135.0105017593276,-0.755081479111,-0.2718159556388855,-96.26270560400604,-1.0,0.0,118.73446965292405,
667,137.495,-5.0945,-0.0538691,-0.93332,325.7,335.699,0.0,-0.31953224539756775,0.0,0.0,5,133.59397615598675,-0.7527363894000001,-1.3195322453975677,-77.38266515930363,-1.0,0.0,119.83798031907193,
668,137.4,-5.74152,-0.0702389,-0.930565,326.464,336.463,0.0,-0.5295025110244751,1.0,0.0,5,132.23976194854808,-0.748571374225,-0.20997026562690735,-26.39176246782405,-1.0,0.0,126.4694351244614,
669,137.495,-6.569,-0.0851728,-0.92647,327.228,337.227,0.0,-0.18959808349609375,1.0,0.0,5,131.1482391145782,-0.74350762415,-0.33990442752838135,-33.655677968314905,-1.0,0.0,124.25440846692244,
670,137.798,-7.30943,-0.092274,-0.921545,327.993,337.992,0.0,-1.0,1.0,0.0,5,130.863207975525,-0.738326476575,-0.8104019165039062,-36.36960160980556,-1.0,0.0,123.42632068252799,
671,138.268,-6.84501,-0.0868611,-0.916556,328.761,338.76,0.0,-1.0,1.0,0.0,5,131.7492152348733,-0.7338595261760001,-0.0,-35.251232432773364,-1.0,0.0,124.72767084378131,
672,138.711,-5.12272,-0.0704017,-0.911797,329.53,339.529,0.0,-0.8739504814147949,1.0,0.0,5,133.48867577083774,-0.7295987375440001,-0.12604951858520508,-29.207334307932896,-1.0,0.0,127.34016203152825,
673,138.992,-2.87252,-0.047175,-0.907642,330.302,340.301,0.0,-0.9518696069717407,0.7173007726669312,0.0,5,135.56010877414616,-0.7254184844839998,-0.0779191255569458,-79.6185513886889,-1.0,0.0,121.86853184369171,
674,139.185,-0.512011,-0.0211738,-0.904525,331.074,341.073,0.0,0.31942018866539,1.0,0.025134623050689697,5,137.68037319977543,-0.7222170362500001,-1.2712897956371307,-97.99474872618522,-1.0,0.0,120.87755691590651,
675,139.437,1.77644,0.00603282,-0.902644,331.848,341.847,0.0,-1.0,1.0,0.0,5,139.01386599876815,-0.7209032478760001,-1.31942018866539,-106.11898325230028,-1.0,0.0,120.97928920644749,
676,139.588,4.07335,0.033563,-0.902197,332.624,342.623,0.0,0.11807118356227875,1.0,0.0,5,137.16732993322253,-0.721002400989,-1.1180711835622787,-110.97201285994137,-1.0,0.0,118.46510424817365,
677,139.511,6.11388,0.0598075,-0.903244,333.4,343.399,0.0,0.5630357265472412,0.1588534414768219,0.0,5,135.0921479262368,-0.7220192919560001,-0.44496454298496246,-114.07974678667998,-1.0,0.0,116.12467725338331,
678,139.248,7.94053,0.0821164,-0.905742,334.174,344.174,0.0,0.6151201128959656,0.6734722852706909,0.0,5,133.06793290056285,-0.724091980644,-0.052084386348724365,-116.05106571979822,-1.0,0.0,113.92055574604449,
679,139.501,9.04537,0.0941381,-0.909118,334.95,344.949,0.0,0.14065968990325928,1.0,0.0,5,132.32684307191613,-0.729668288514,-0.4744604229927063,-117.56727801762774,-1.0,0.0,112.81974495386015,
680,139.687,9.10008,0.0952996,-0.913025,335.727,345.726,0.0,1.0,0.0,0.0,5,132.4071731826951,-0.7356732665000001,-0.8593403100967407,-118.30486540122807,-1.0,0.0,112.66796801298187,
681,139.998,7.57038,0.0839882,-0.917085,336.505,346.504,0.0,0.36813342571258545,1.0,0.0,5,133.63233542001328,-0.7424932263750001,-0.6318665742874146,-118.37334740163439,-1.0,0.0,113.9442801111069,
682,140.672,4.81616,0.0672378,-0.921323,337.285,347.284,0.0,-0.05757516622543335,1.0,0.0,5,135.62846094092143,-0.751270215609,-0.4257085919380188,-118.36616578560667,-1.0,0.0,115.99455327989003,
683,141.338,2.40989,0.0558031,-0.926216,338.068,348.067,0.0,-0.023087680339813232,1.0,0.0,5,137.17649192579586,-0.760964463696,-0.03448748588562012,-118.78071292907765,-1.0,0.0,117.58807427697252,
684,141.422,1.44332,0.0472288,-0.931394,338.853,348.852,0.0,1.0,0.0,0.0,5,137.92594993203505,-0.7684199945760001,-1.0230876803398132,-118.89186018685191,-1.0,0.0,118.01682460532932,
685,141.753,0.429123,0.035571,-0.936013,339.639,349.638,0.0,0.12608352303504944,1.0,0.0,5,139.14271335199632,-0.7763179901139999,-0.8739164769649506,-118.82753468302114,-1.0,0.0,119.28009021633966,
686,141.857,-0.258516,0.0235399,-0.939983,340.427,350.426,0.0,1.0,0.0,0.0,5,140.1482028238485,-0.7823042824440001,-0.8739164769649506,-118.27151972081128,-1.0,0.0,120.36299564019332,
687,141.595,-1.05327,0.00931728,-0.942862,341.214,351.213,0.0,-0.20588740706443787,0.0,0.0,5,140.9292234059039,-0.7850770754940001,-1.2058874070644379,-116.60461464882944,-1.0,0.0,121.29168791096615,
688,141.859,-2.41324,-0.000834882,-0.945046,342.001,352.0,0.0,-0.20905330777168274,0.8844280242919922,0.0,5,141.79973280421905,-0.7893731446860001,-0.003165900707244873,-115.61250080486924,-1.0,0.0,122.66753476859049,
689,141.977,-2.32345,-0.00265223,-0.947147,342.79,352.789,0.0,0.4816943407058716,0.0,0.0,5,141.78822303556484,-0.792876487704,-0.6907476484775543,-115.89174899488219,-1.0,0.0,122.40435990408524,
690,142.194,-1.7038,-0.0071944,-0.94838,343.579,353.578,0.0,0.9857854843139648,1.0,0.0,5,141.67882423410396,-0.795638353,-0.5040911436080933,-115.49738448417102,-1.0,0.0,122.40735086539587,
691,142.67,-1.73547,-0.016507,-0.948474,344.371,354.37,0.0,0.30210039019584656,1.0,0.0,5,141.47308963562307,-0.798028056576,-0.6836850941181183,-113.76419435476672,-1.0,0.0,122.40532689759664,
692,143.088,-2.12717,-0.0290846,-0.947362,345.165,355.164,0.0,1.0,1.0,0.0,5,140.94694893014727,-0.7984410283240001,-0.6978996098041534,-109.66732137134255,-1.0,0.0,122.48903981318065,
693,143.087,-2.64708,-0.0435694,-0.944896,345.96,355.959,0.0,-0.9952338933944702,0.21874594688415527,0.0,5,139.835089719331,-0.7949649205759999,-1.9952338933944702,-100.4920707243221,-1.0,0.0,122.36774402208833,
694,143.286,-3.5217,-0.0573727,-0.941102,346.755,356.754,0.0,-0.9195061922073364,1.0,0.0,5,138.9421449077555,-0.790584280264,-0.07572770118713379,-79.3280262985138,-1.0,0.0,125.2296383723583,
695,143.77,-4.32935,-0.0622467,-0.936808,347.553,357.552,0.0,-0.9457831382751465,1.0,0.0,5,139.0198455868214,-0.786864059664,-0.02627694606781006,-58.82381468247088,-1.0,0.0,128.40152624096643,
696,144.325,-3.53063,-0.0564955,-0.932526,348.353,358.352,0.0,0.010073989629745483,1.0,0.0,5,140.02004905447816,-0.7835076154259999,-0.955857127904892,-78.16123952645978,-1.0,0.0,126.22559837171174,
697,144.942,-2.50898,-0.0475755,-0.928136,349.156,359.155,0.0,-1.0,1.0,0.0,5,141.33145448251415,-0.780302675056,-1.0100739896297455,-92.09919916582771,-1.0,0.0,125.43324973569509,
698,145.47,-1.35072,-0.0328792,-0.924334,349.963,359.962,0.0,-0.5684149861335754,1.0,0.0,5,143.00033975274167,-0.7775068784560001,-0.43158501386642456,-103.39292785851183,-1.0,0.0,125.58441819134897,
699,145.202,0.207466,-0.0153615,-0.921468,350.771,360.77,0.0,1.0,1.0,0.7015951871871948,5,144.06965186675234,-0.7723366577040001,-1.5684149861335754,-109.89315464929503,-1.0,0.0,125.34281751581403,
700,144.276,1.6689,-0.00224662,-0.919302,351.575,361.574,0.0,0.5595768690109253,1.0,0.5046027302742004,5,144.11356936069618,-0.7651198439639999,-0.4404231309890747,-112.14025541550345,-1.0,0.0,125.39528426510996,
701,143.392,2.05367,0.00467342,-0.91759,352.373,362.372,0.0,-1.0,0.34646886587142944,0.0,5,143.05536980031096,-0.7587387345000001,-1.5595768690109253,-112.4599428424167,-1.0,0.0,123.95976657874516,
702,142.874,2.31629,0.0109608,-0.916678,353.168,363.167,0.0,0.32284924387931824,0.40416955947875977,0.0,5,142.08242671501552,-0.7551322185439999,-1.3228492438793182,-113.00388115189361,-1.0,0.0,122.97985755052369,
703,143.157,2.33248,0.0110072,-0.915968,353.963,363.962,0.0,0.08136606216430664,1.0,0.0,5,142.36046479171614,-0.7554719319040002,-0.2414831817150116,-113.16840216682348,-1.0,0.0,123.5572875802741,
704,143.723,1.86611,0.0063802,-0.915244,354.76,364.759,0.0,0.11689047515392303,0.9069063663482666,0.0,5,143.26158711560961,-0.757086846596,-0.035524412989616394,-112.70644700002917,-1.0,0.0,124.58787589511236,
705,144.284,1.30898,-0.00289112,-0.914154,355.56,365.559,0.0,0.5679655075073242,1.0,0.0,5,144.07482610763236,-0.758181714396,-0.4510750323534012,-110.98014076416968,-1.0,0.0,125.53430076890491,
706,144.832,0.223258,-0.0167778,-0.912226,356.363,366.362,0.0,0.051183879375457764,1.0,0.0,5,143.5966916033559,-0.758082655236,-0.5167816281318665,-107.00875000743589,-1.0,0.0,125.63226195856498,
707,145.35,-0.909859,-0.0299034,-0.909561,357.169,367.168,0.0,0.14186690747737885,0.8650023937225342,0.0,5,143.11211216766634,-0.7568514694709999,-0.09068302810192108,-101.09586121050371,-1.0,0.0,126.1636766081892,
708,145.837,-1.60241,-0.0427364,-0.905973,357.978,367.977,0.0,0.5662244558334351,1.0,0.0,5,142.5885162522765,-0.7542413987340001,-0.4243575483560562,-91.05834722357622,-1.0,0.0,127.04821550549926,
709,146.262,-2.37578,-0.0567251,-0.901206,358.789,368.788,0.0,-0.5047089457511902,1.0,0.0,5,141.8806078473661,-0.749786014296,-1.0709334015846252,-65.50298068946107,-1.0,0.0,129.98409470917554,
710,146.729,-3.49724,-0.0669405,-0.895546,359.603,369.602,0.0,-0.6312611103057861,1.0,0.0,5,141.49298480924733,-0.744360283286,-0.12655216455459595,-59.71294630874141,-1.0,0.0,130.75371693028373,
711,147.237,-3.74638,-0.0659364,-0.889839,360.419,370.418,0.0,-1.0,1.0,0.0,5,142.06642918928645,-0.739092770136,-0.36873888969421387,-60.97894994088958,-1.0,0.0,131.06987226110874,
712,147.633,-2.73984,-0.0550512,-0.884475,361.238,371.237,0.0,0.28834399580955505,1.0,0.07883396744728088,5,143.34771102847117,-0.7338145140000001,-1.288343995809555,-66.2757434090849,-1.0,0.0,131.28603180436556,
713,148.034,-0.830834,-0.0438169,-0.87929,362.059,372.058,0.0,0.6253454089164734,1.0,0.0,5,144.64975815512966,-0.7288269834,-0.33700141310691833,-84.69127508229535,-1.0,0.0,130.11613948545326,
714,148.547,-0.106711,-0.0385485,-0.873879,362.882,372.881,0.0,-0.12155089527368546,1.0,0.0,5,145.57422125080257,-0.7240702257059999,-0.7468963041901588,-89.5052927076122,-1.0,0.0,130.2002882276977,
715,149.095,0.10648,-0.0303668,-0.869023,363.708,373.707,0.0,-0.8195333480834961,1.0,0.0,5,146.76284074185185,-0.7202082954539999,-0.6979824528098106,-95.52672580715335,-1.0,0.0,130.5042288394819,
716,149.592,0.842431,-0.0180013,-0.865151,364.538,374.537,0.0,1.0,1.0,0.0,5,148.22141073140517,-0.717403394761,-1.819533348083496,-102.16102278046552,-1.0,0.0,130.63399391514932,
717,150.073,1.83738,-0.00658458,-0.862055,365.37,375.369,0.0,-0.08170560002326965,1.0,0.0,5,149.5756664103311,-0.7155287231,-1.0817056000232697,-106.64211697881333,-1.0,0.0,131.53930846040214,
718,150.379,2.13186,0.00392872,-0.859899,366.205,376.204,0.0,-0.5992302894592285,0.5774073004722595,0.0,5,150.0824417309917,-0.714101248806,-0.5175246894359589,-109.84510307409364,-1.0,0.0,131.73631761424085,
719,150.716,2.60184,0.0159064,-0.859039,367.042,377.041,0.0,0.9582417011260986,1.0,0.0,5,149.49830986105619,-0.714455813141,-1.5574719905853271,-112.99944448388746,-1.0,0.0,130.36669577815647,
720,150.842,3.34275,0.0237344,-0.859002,367.88,377.879,0.0,0.057500094175338745,0.0,0.0,5,149.00961158250757,-0.714949934424,-0.9007416069507599,-114.72903723037946,-1.0,0.0,129.81508358144146,
721,150.281,3.35452,0.0223584,-0.859193,368.717,378.716,0.0,0.3751251995563507,0.0,0.24773132801055908,5,148.5635575898294,-0.7127829274140001,-0.31762510538101196,-113.92484178711948,-1.0,0.0,129.66676086273318,
722,150.152,2.18785,0.0128326,-0.859112,369.551,379.55,0.0,-1.0,1.0,0.0,5,149.17624314675902,-0.712125953664,-1.3751251995563507,-111.75199999999998,-1.0,0.0,130.2887796332281,
723,150.675,1.18112,0.00223762,-0.858833,370.386,380.385,0.0,0.4727783203125,1.0,0.0,5,150.50604623349483,-0.7140178332640001,-1.4727783203125,-109.51342568608436,-1.0,0.0,131.92318105122442,
724,151.164,0.0829873,-0.013508,-0.857639,371.225,381.224,0.0,0.9757838249206543,1.0,0.0,5,150.12927845184342,-0.714598563301,-0.5030055046081543,-104.4126406614738,-1.0,0.0,132.6018821379389,
725,151.513,-1.38735,-0.0328062,-0.855202,372.066,382.065,0.0,0.4430083632469177,1.0,0.0,5,148.94663750660982,-0.7129991639340001,-0.5327754616737366,-93.36349613281297,-1.0,0.0,133.06928128425176,
726,151.612,-2.89019,-0.0531642,-0.851374,372.908,382.907,0.0,0.594045877456665,1.0,0.18821293115615845,5,147.36952282954553,-0.7085814623159999,-0.15103751420974731,-77.89321541967746,-1.0,0.0,133.93164780001499,
727,151.596,-4.25421,-0.0731766,-0.846017,373.749,383.749,0.0,0.6428268551826477,1.0,0.023386120796203613,5,145.64860578890378,-0.701788329949,-0.048780977725982666,-74.3810584407396,-1.0,0.0,132.77502439952605,
728,151.654,-5.51538,-0.0927489,-0.839092,374.591,384.59,0.0,0.0988817885518074,1.0,0.0,5,143.9793844713678,-0.6934232753039999,-0.5439450666308403,-72.2639552840534,-1.0,0.0,131.28318438346653,
729,151.701,-6.78364,-0.110459,-0.830634,375.433,385.432,0.0,-0.8927761912345886,0.760521411895752,0.0,5,142.41513109826354,-0.683232084126,-0.991657979786396,-70.85786300000476,-1.0,0.0,129.80572217020094,
730,151.07,-7.49377,-0.11851,-0.821252,376.274,386.273,0.0,-0.780403733253479,1.0,1.0,5,141.07966685583898,-0.6692851457039999,-0.11237245798110962,-70.04689218500687,-1.0,0.0,128.8696361449896,
731,150.337,-6.54091,-0.115322,-0.811373,377.109,387.108,0.0,-0.23344285786151886,1.0,0.0,5,140.68904884896858,-0.654575458634,-0.5469608753919601,-70.3563023286243,-1.0,0.0,128.31693977842335,
732,149.927,-4.94204,-0.104578,-0.801215,377.942,387.941,0.0,-0.26487505435943604,0.13427793979644775,0.0,5,141.28265311339956,-0.64110628275,-0.031432196497917175,-71.81271449472254,-1.0,0.0,128.86020999749178,
733,150.008,-2.94726,-0.0884802,-0.791224,378.772,388.771,0.0,-0.23401427268981934,1.0,0.0,5,142.79348249352708,-0.6300162671360001,-0.0308607816696167,-74.44124540513866,-1.0,0.0,129.9880211811194,
734,150.583,-0.600403,-0.0731634,-0.781483,379.605,389.604,0.0,-0.024051249027252197,1.0,0.0,5,144.67648416932815,-0.621326352234,-0.20996302366256714,-77.60336448433029,-1.0,0.0,131.35166423734583,
735,151.196,0.971521,-0.066443,-0.771489,380.442,390.441,0.0,1.0,1.0,0.0,5,145.8431194245781,-0.612638731341,-1.0240512490272522,-79.7298793553197,-1.0,0.0,131.96378341523098,
736,151.794,1.02713,-0.0684683,-0.76103,381.281,391.28,0.0,-0.10800154507160187,1.0,0.0,5,146.24586144513745,-0.6035296,-1.1080015450716019,-80.66436060825276,-1.0,0.0,132.21027729037806,
737,151.381,0.368928,-0.0689871,-0.75077,382.122,392.121,0.0,-0.8133506178855896,1.0,1.0,5,145.80338787186201,-0.5909931597500001,-0.7053490728139877,-80.81212300737668,-1.0,0.0,131.8789715391613,
738,150.752,0.316698,-0.0666854,-0.740996,382.959,392.958,0.0,0.11337986588478088,1.0,0.0,5,145.39417732514954,-0.5784130169760001,-0.9267304837703705,-81.10856527712035,-1.0,0.0,131.3714603714744,
739,150.618,0.217566,-0.0628587,-0.73162,383.793,393.793,0.0,-1.0,1.0,0.0,5,145.5898267673147,-0.5682995302000001,-1.1133798658847809,-82.08959421086756,-1.0,0.0,131.37407414571913,
740,150.819,0.376061,-0.053615,-0.723131,384.629,394.628,0.0,-0.7466642260551453,1.0,0.0,5,146.5611385665769,-0.560470714606,-0.25333577394485474,-84.08572793875605,-1.0,0.0,132.31180792897405,
741,150.678,1.00645,-0.0396317,-0.715837,385.466,395.465,0.0,-0.7798667550086975,0.0,0.0,5,147.5746515708321,-0.552722647999,-0.033202528953552246,-86.38912693474865,-1.0,0.0,133.05359912393473,
742,150.142,2.01078,-0.0228921,-0.709945,386.301,396.3,0.0,1.0,1.0,0.4461420178413391,5,148.38427814839096,-0.545050713975,-1.7798667550086975,-88.77845381824808,-1.0,0.0,132.98849933517616,
743,149.411,3.16517,-0.00658393,-0.705357,387.132,397.132,0.0,0.1820528507232666,0.0,0.0,5,148.91590943853754,-0.538040571084,-0.8179471492767334,-91.0606375332595,-1.0,0.0,133.4733890926816,
744,149.241,4.46839,0.00358868,-0.701604,387.961,397.96,0.0,1.0,1.0,0.0,5,148.97225047051072,-0.5338637856360001,-0.8179471492767334,-93.00809859877405,-1.0,0.0,133.2417877502756,
745,149.367,3.91047,0.00348663,-0.698087,388.791,398.79,0.0,-0.6208162903785706,0.0,0.0,5,149.10569890030123,-0.530976864214,-1.6208162903785706,-93.58829438576043,-1.0,0.0,133.0502329911096,
746,149.157,3.25215,0.00174612,-0.695328,389.62,399.62,0.0,0.9737651348114014,0.0,0.0,5,149.0265496708084,-0.5276526200639999,-1.594581425189972,-93.67701441961256,-1.0,0.0,132.96897046024554,
747,149.366,2.52911,-0.00863928,-0.692322,390.449,400.448,0.0,1.0,1.0,0.0,5,148.7152265855341,-0.525570190944,-0.026234865188598633,-93.14167786091149,-1.0,0.0,133.21053425589682,
748,149.53,1.03476,-0.025474,-0.688478,391.28,401.279,0.0,-0.6143935918807983,1.0,0.2902069091796875,5,147.5771281398946,-0.5225689331840001,-1.6143935918807983,-92.03321748132336,-1.0,0.0,131.76525850694784,
749,149.239,-0.411108,-0.0436633,-0.683649,392.109,402.108,0.0,1.0,0.0,0.0,5,145.83966328473272,-0.517132620756,-1.6143935918807983,-90.58305400984483,-1.0,0.0,130.25075448493575,
750,149.266,-1.85839,-0.0637784,-0.677484,392.937,402.936,0.0,1.0,1.0,0.08751064538955688,5,144.205772438018,-0.5116304039759999,-0.0,-89.45927128156899,-1.0,0.0,129.27525134180664,
751,149.396,-3.43863,-0.085162,-0.669869,393.766,403.765,0.0,-0.6450299620628357,1.0,0.0,5,142.50083073814955,-0.505260422781,-1.6450299620628357,-88.49248286018285,-1.0,0.0,127.22818889772228,
752,149.235,-4.93115,-0.106588,-0.660714,394.594,404.593,0.0,-0.41808757185935974,0.0,0.0,5,140.4497937270861,-0.49669445874600004,-0.22694239020347595,-87.37048998011866,-1.0,0.0,125.77944305426128,
753,148.055,-6.31788,-0.126654,-0.650048,395.418,405.417,0.0,1.0,0.06013774871826172,1.0,5,137.518261676885,-0.483719085504,-1.4180875718593597,-85.44500718735068,-1.0,0.0,122.79236524172062,
754,146.802,-7.40912,-0.144774,-0.638097,396.234,406.233,0.0,0.6138083934783936,0.5517808794975281,0.0,5,134.6767621268327,-0.469820960379,-0.38619160652160645,-83.67287518427013,-1.0,0.0,120.5401524068567,
755,145.996,-8.05357,-0.161879,-0.624638,397.045,407.044,0.0,0.6130642890930176,0.0,0.0,5,132.32197371720957,-0.45658027828400005,-0.0007441043853759766,-82.47699497000917,-1.0,0.0,118.4936209621086,
756,145.141,-8.69494,-0.179511,-0.609529,397.849,407.848,0.0,-1.0,0.0,0.11607183516025543,5,129.85139630720997,-0.442429044786,-1.6130642890930176,-81.23516928010402,-1.0,0.0,115.73977258368046,
757,144.072,-9.5329,-0.196239,-0.592906,398.648,408.647,0.0,-0.6435439586639404,0.0,0.1925169974565506,5,127.26108659686084,-0.42710576616,-0.35645604133605957,-79.88063609487645,-1.0,0.0,113.74494860406855,
758,143.188,-9.74057,-0.209298,-0.575018,399.44,409.439,0.0,0.2243526577949524,0.24118764698505402,0.37896549701690674,5,125.18789052411981,-0.41167838692,-0.8678966164588928,-78.9937198809738,-1.0,0.0,111.66678517011607,
759,142.35,-9.76398,-0.220632,-0.555685,400.226,410.225,0.0,-0.41793739795684814,0.0,0.0,5,123.32295237560395,-0.39550879875,-0.6422900557518005,-78.28449602164983,-1.0,0.0,109.99208215688093,
760,141.716,-9.74608,-0.223376,-0.535507,401.008,411.007,0.0,-0.3950948417186737,1.0,0.5816749930381775,5,122.49840975198207,-0.37944955006000003,-0.02284255623817444,-78.36065926222163,-1.0,0.0,109.35800854571737,
761,140.593,-8.13846,-0.213621,-0.51511,401.784,411.783,0.0,-0.6707731485366821,0.6086735725402832,1.0,5,122.49441862295285,-0.3621043011499999,-0.2756783068180084,-78.76190102868944,-1.0,0.0,109.23532567545404,
762,139.347,-5.72066,-0.195393,-0.494812,402.552,412.551,0.0,-0.7694684267044067,0.0,0.0,5,123.16817337410049,-0.34475283882,-0.09869527816772461,-79.56459456161036,-1.0,0.0,109.85912276758863,
763,137.893,-2.9498,-0.171871,-0.475054,403.314,413.313,0.0,0.4792954921722412,0.0,0.8561212420463562,5,124.06970404552766,-0.32753310610999997,-1.248763918876648,-80.46112035114993,-1.0,0.0,110.29837371108218,
764,136.408,-0.293796,-0.149518,-0.45597,404.066,414.065,0.0,-0.03632853925228119,0.3692365288734436,0.0,5,124.72632286778618,-0.3109897788,-0.5156240314245224,-81.2000440516043,-1.0,0.0,111.08063927181817,
765,134.892,1.4259,-0.132006,-0.437596,404.812,414.811,0.0,-1.0,0.9698711037635803,1.0,5,124.84097800867774,-0.29514099815999995,-0.9636714607477188,-81.56256347569384,-1.0,0.0,111.02235105093935,
766,133.198,2.58656,-0.11795,-0.420172,405.549,415.548,0.0,0.7281816005706787,0.6170272827148438,0.6695377230644226,5,124.43538440288545,-0.27983035028000003,-1.7281816005706787,-81.50626758561869,-1.0,0.0,110.41115943459145,
767,131.765,3.00315,-0.103948,-0.403689,406.267,416.267,0.0,-1.0,0.0,0.0,5,124.21774023546183,-0.265960405425,-1.7281816005706787,-81.45150280491326,-1.0,0.0,110.21559992912864,
768,130.637,2.98576,-0.0732183,-0.390121,406.942,416.942,0.0,-1.0,1.0,0.6472894549369812,5,125.50875162375725,-0.254821185385,-0.0,-81.70597916454226,-1.0,0.0,111.99803356369091,
769,129.833,2.98117,-0.0417829,-0.380353,407.616,417.615,0.0,-1.0,0.5840299129486084,0.0,5,127.00807409062858,-0.246911855245,-0.0,-82.32239486809287,-1.0,0.0,113.41280300516965,
770,129.203,2.98184,-0.00923145,-0.374467,408.288,418.287,0.0,0.23460835218429565,0.0,0.0,5,128.6011376737774,-0.241911299005,-1.2346083521842957,-83.17099374348322,-1.0,0.0,114.51319480759462,
771,127.872,3.31409,0.0232741,-0.372356,408.957,418.956,0.0,1.0,0.46041038632392883,0.904662013053894,5,126.34944995340594,-0.23806953216000004,-0.7653916478157043,-83.31740427744855,-1.0,0.0,112.38415228528395,
772,126.756,3.61221,0.0519328,-0.373537,409.618,419.617,0.0,1.0,1.0,0.0,5,123.29518924525206,-0.23674027986,-0.0,-83.50386479259087,-1.0,0.0,109.53286924650342,
773,126.134,3.73416,0.0738981,-0.377565,410.275,420.274,0.0,0.96974778175354,0.0,0.0,5,121.13346145595864,-0.23811891855,-0.03025221824645996,-83.90797958604198,-1.0,0.0,107.3000699340284,
774,126.049,3.28575,0.0856578,-0.383713,410.929,420.928,0.0,0.3789355456829071,1.0,0.0,5,120.19491492528424,-0.24183319968500003,-0.5908122360706329,-84.44705773764883,-1.0,0.0,106.10877939413072,
775,126.421,2.26281,0.0898107,-0.391562,411.583,421.582,0.0,1.0,1.0,0.0,5,120.24213851894085,-0.24750829801000002,-0.6210644543170929,-85.15896902720372,-1.0,0.0,106.03446553055515,
776,126.782,0.904526,0.0893127,-0.400786,412.238,422.237,0.0,1.0,1.0,0.0,5,120.62258387433734,-0.25406225326,-0.0,-85.69798851134422,-1.0,0.0,106.51382334437571,
777,126.55,-0.50185,0.0877491,-0.411156,412.891,422.89,0.0,0.9874125123023987,1.0,0.6431975364685059,5,120.51789943208533,-0.260158959,-0.012587487697601318,-85.62683296713217,-1.0,0.0,106.40993928170622,
778,125.819,-1.64193,0.0880895,-0.422577,413.539,423.538,0.0,0.34538114070892334,0.0,0.0,5,119.79665078450309,-0.265841077815,-0.6420313715934753,-85.16325501850937,-1.0,0.0,105.56371204243364,
779,125.558,-2.55338,0.0890101,-0.43494,414.183,424.182,0.0,0.7075366377830505,1.0,0.0,5,119.48035370338226,-0.27305098260000005,-0.3621554970741272,-85.22211027385165,-1.0,0.0,105.31533953058228,
780,125.333,-3.33793,0.089129,-0.448153,414.825,424.824,0.0,1.0,0.0,0.0,5,119.25749776982587,-0.280841799745,-0.29246336221694946,-85.31466420251837,-1.0,0.0,105.09171733103803,
781,125.211,-4.14962,0.088421,-0.462034,415.464,425.463,0.0,1.0,1.0,0.0,5,119.19342136784465,-0.28925869587,-0.0,-85.49680102784396,-1.0,0.0,105.07964251779805,
782,125.023,-4.92701,0.0872509,-0.476561,416.101,426.1,0.0,1.0,0.0,0.0,5,119.10015222926687,-0.297905429515,-0.0,-85.6152850193011,-1.0,0.0,104.95995404685671,
783,124.158,-5.68524,0.0861763,-0.491586,416.733,426.732,0.0,1.0,0.0,0.5546385645866394,5,118.35414508902801,-0.30517167294,-0.0,-85.0807227151123,-1.0,0.0,104.28686500882115,
784,123.42,-6.40024,0.0857758,-0.507139,417.359,427.358,0.0,1.0,1.0,0.0,5,117.67951153318616,-0.3129554769,-0.0,-84.72451189091939,-1.0,0.0,103.65787927264824,
785,122.94,-6.96053,0.0857259,-0.523226,417.98,427.979,0.0,0.6967910528182983,0.0,0.0,5,117.22541869965188,-0.3216270222,-0.30320894718170166,-84.6656430491641,-1.0,0.0,103.11298253592275,
786,122.649,-7.46994,0.0853774,-0.539724,418.597,428.596,0.0,1.0,1.0,0.0,5,116.9728908768146,-0.33098304438000004,-0.30320894718170166,-84.81313130374829,-1.0,0.0,102.82897545271786,
787,122.389,-7.96707,0.0846742,-0.556613,419.212,429.211,0.0,1.0,0.0,0.0,5,116.77510885282672,-0.340616542285,-0.0,-84.99955336060722,-1.0,0.0,102.68455930645064,
788,122.194,-8.41555,0.0842761,-0.573846,419.824,429.823,0.0,0.363378643989563,1.0,0.0,5,116.6173937832931,-0.35060269062,-0.636621356010437,-85.28866380047461,-1.0,0.0,102.28250511579878,
789,122.073,-8.78258,0.084575,-0.591436,420.433,430.432,0.0,0.9775729775428772,0.5023491382598877,0.0,5,116.48066023891963,-0.3609918341399999,-0.6141943335533142,-85.70997042324443,-1.0,0.0,102.07891454122698,
790,121.445,-8.96956,0.0864599,-0.60934,421.038,431.037,0.0,1.0,0.44835954904556274,0.5944533348083496,5,115.74784017682057,-0.3700937171,-0.022427022457122803,-85.72430347823547,-1.0,0.0,101.5123728312481,
791,120.498,-8.93721,0.0906726,-0.627582,421.637,431.636,0.0,1.0,0.0,0.0,5,114.54754994375028,-0.37887264590400005,-0.0,-85.55672812847249,-1.0,0.0,100.3351680785754,
792,119.753,-8.70096,0.0954877,-0.646112,422.23,432.229,0.0,1.0,0.0,0.0,5,113.49868203231847,-0.38899556822400005,-0.0,-85.65485694205621,-1.0,0.0,99.26145792278604,
793,119.206,-8.48453,0.100037,-0.664878,422.818,432.817,0.0,1.0,1.0,0.27778297662734985,5,112.65746069552168,-0.400496389224,-0.0,-85.97637707105301,-1.0,0.0,98.36050774563972,
794,118.619,-8.21718,0.105032,-0.6839,423.401,433.401,0.0,0.04380595684051514,0.0,0.0,5,111.74736718448928,-0.4126568805,-0.9561940431594849,-86.31529866408493,-1.0,0.0,97.1005572914287,
795,118.168,-7.81927,0.110339,-0.703107,423.98,433.979,0.0,1.0,0.5138423442840576,0.0,5,110.94335065739857,-0.42605479332900004,-0.9561940431594849,-86.84209251114981,-1.0,0.0,96.20412377444924,
796,117.967,-7.43941,0.115428,-0.722483,424.555,434.554,0.0,0.9361668825149536,1.0,0.0,5,110.3887593779064,-0.441147845594,-0.06383311748504639,-87.65088151494325,-1.0,0.0,95.7808293698254,
797,117.96,-7.17498,0.119853,-0.74207,425.127,435.126,0.0,1.0,1.0,0.0,5,110.06176304481745,-0.4578567709,-0.06383311748504639,-88.67375476439493,-1.0,0.0,95.28369312401271,
798,118.023,-7.00204,0.123757,-0.761918,425.698,435.697,0.0,1.0,1.0,0.0,5,109.83588653564053,-0.475836679294,-0.0,-89.8022246740101,-1.0,0.0,94.88971615524501,
799,118.052,-6.85218,0.127615,-0.782053,426.267,436.266,0.0,0.6644232273101807,1.0,0.1047745943069458,5,109.57985658285754,-0.49475789858900004,-0.33557677268981934,-90.9669340041417,-1.0,0.0,94.33938555184034,
800,117.839,-6.55543,0.132401,-0.802415,426.834,436.833,0.0,0.6274221539497375,0.0,0.0,5,109.02941892890404,-0.5137507381499999,-0.037001073360443115,-92.0036381871668,-1.0,0.0,93.70402214067089,
801,117.617,-6.10666,0.138093,-0.82296,427.398,437.397,0.0,0.925115704536438,0.5298378467559814,0.0,5,108.40206609529689,-0.5336815932000001,-0.29769355058670044,-93.14953261982353,-1.0,0.0,92.80664654394735,
802,117.57,-5.63364,0.144169,-0.843672,427.959,437.958,0.0,1.0,1.0,0.0,5,107.90463933206087,-0.5553286287839999,-0.07488429546356201,-94.57961592317344,-1.0,0.0,92.13990302616179,
803,117.683,-5.29197,0.14998,-0.864681,428.518,438.517,0.0,1.0,1.0,0.0,5,107.56989821331074,-0.5788473023760001,-0.0,-96.28292523377547,-1.0,0.0,91.54861212586842,
804,117.824,-5.02357,0.155366,-0.886023,429.076,439.075,0.0,0.1475062370300293,1.0,0.0,5,107.2886622829754,-0.6037830262889999,-0.8524937629699707,-98.15743141267394,-1.0,0.0,90.70551641589432,
805,117.143,-4.86013,0.161241,-0.907714,429.63,439.629,0.0,0.39266520738601685,0.4342273771762848,0.8315296769142151,5,106.22025785826129,-0.6263496113060001,-0.24515897035598755,-99.4337481806825,-1.0,0.0,89.60529832874613,
806,116.197,-4.72017,0.169858,-0.929873,430.178,440.177,0.0,0.017092108726501465,1.0,0.0,5,104.70367396364759,-0.6490584610339999,-0.3755730986595154,-100.8213985483494,-1.0,0.0,87.81873379076333,
807,115.944,-4.1972,0.179646,-0.952663,430.72,440.719,0.0,1.0,1.0,0.0,5,103.71960283643375,-0.676648985929,-0.9829078912734985,-103.38801975152876,-1.0,0.0,86.23987852039338,
808,116.096,-3.69437,0.186499,-0.975843,431.261,441.26,0.0,1.0,1.0,0.0,5,103.3195814097739,-0.707715305289,-0.0,-107.13435372266903,-1.0,0.0,85.54171304608455,
809,116.04,-3.40767,0.190792,-0.999281,431.799,441.798,0.0,0.5178255438804626,0.0,0.0,5,102.93166433179461,-0.739208153161,-0.48217445611953735,-114.48802835077441,-1.0,0.0,83.87459958918159,
810,115.744,-3.24338,0.194617,-1.02293,432.335,442.334,0.0,0.8388504385948181,0.04542666673660278,0.0,5,102.36705160566808,-0.7708598344999998,-0.32102489471435547,-115.744,-1.0,-50.0,33.138284302753775,out_of_track
