step,speedX,speedY,angle,trackPos,distFromStart,distRaced,damage,steer,accel,brake,gear,r_speed,r_safety,r_smooth,r_anticipation,r_time,r_terminal,r_checkpoint,reward_total,terminal_reason
0,-0.00913045,-0.00302988,0.00822276,0.333439,3598.45,0.0,0.0,1.0,1.0,0.0,1,-0.009092603003111566,1.522224058775e-05,-0.0,-0.0,-1.0,0.0,0.0,-1.0090773807625237,
1,-0.00913045,-0.00302988,0.00822276,0.333439,3598.45,0.0,0.0,1.0,1.0,0.0,1,-0.009092603003111566,1.522224058775e-05,-0.0,-0.0,-1.0,0.0,0.0,-1.0090773807625237,
2,-0.00913045,-0.00302988,0.00822276,0.333439,3598.45,0.0,0.0,1.0,1.0,0.0,1,-0.009092603003111566,1.522224058775e-05,-0.0,-0.0,-1.0,0.0,0.0,-1.0090773807625237,
3,-0.00913045,-0.00302988,0.00822276,0.333439,3598.45,0.0,0.0,0.15104630589485168,1.0,0.0,1,-0.009092603003111566,1.522224058775e-05,-0.8489536941051483,-0.0,-1.0,0.0,0.0,-1.2637634889940683,
4,-0.00913045,-0.00302988,0.00822276,0.333439,3598.45,0.0,0.0,-0.033934086561203,1.0,0.0,1,-0.009092603003111566,1.522224058775e-05,-0.1849803924560547,-0.0,-1.0,0.0,0.0,-1.0645714984993402,
5,-0.00913045,-0.00302988,0.00822276,0.333439,3598.45,0.0,0.0,0.9770561456680298,1.0,0.0,1,-0.009092603003111566,1.522224058775e-05,-1.0109902322292328,-0.0,-1.0,0.0,0.0,-1.3123744504312937,
6,-0.00913045,-0.00302988,0.00822276,0.333439,3598.45,0.0,0.0,0.5379536151885986,1.0,0.0,1,-0.009092603003111566,1.522224058775e-05,-0.43910253047943115,-0.0,-1.0,0.0,0.0,-1.1408081399063532,
7,-0.00913045,-0.00302988,0.00822276,0.333439,3598.45,0.0,0.0,-0.9207732677459717,1.0,0.0,1,-0.009092603003111566,1.522224058775e-05,-1.4587268829345703,-0.0,-1.0,0.0,0.0,-1.4466954456428949,
8,-0.00913045,-0.00302988,0.00822276,0.333439,3598.45,0.0,0.0,-1.0,1.0,0.0,1,-0.009092603003111566,1.522224058775e-05,-0.07922673225402832,-0.0,-1.0,0.0,0.0,-1.0328454004387324,
9,-0.00913045,-0.00302988,0.00822276,0.333439,3598.45,0.0,0.0,-0.12864428758621216,1.0,0.0,1,-0.009092603003111566,1.522224058775e-05,-0.8713557124137878,-0.0,-1.0,0.0,0.0,-1.27048409448666,
10,-0.00913045,-0.00302988,0.00822276,0.333439,3598.45,0.0,0.0,0.04286181926727295,1.0,0.0,1,-0.009092603003111566,1.522224058775e-05,-0.1715061068534851,-0.0,-1.0,0.0,0.0,-1.0605292128185693,
11,-0.00913045,-0.00302988,0.00822276,0.333439,3598.45,0.0,0.0,-1.0,1.0,0.0,1,-0.009092603003111566,1.522224058775e-05,-1.042861819267273,-0.0,-1.0,0.0,0.0,-1.3219359265427055,
12,-0.00913045,-0.00302988,0.00822276,0.333439,3598.45,0.0,0.0,-1.0,1.0,0.0,1,-0.009092603003111566,1.522224058775e-05,-0.0,-0.0,-1.0,0.0,0.0,-1.0090773807625237,
13,-0.00913045,-0.00302988,0.00822276,0.333439,3598.45,0.0,0.0,-1.0,1.0,0.0,1,-0.009092603003111566,1.522224058775e-05,-0.0,-0.0,-1.0,0.0,0.0,-1.0090773807625237,
14,-0.00913045,-0.00302988,0.00822276,0.333439,3598.45,0.0,0.0,-1.0,1.0,0.0,1,-0.009092603003111566,1.522224058775e-05,-0.0,-0.0,-1.0,0.0,0.0,-1.0090773807625237,
15,-0.00913045,-0.00302988,0.00822276,0.333439,3598.45,0.0,0.0,-1.0,1.0,0.0,1,-0.009092603003111566,1.522224058775e-05,-0.0,-0.0,-1.0,0.0,0.0,-1.0090773807625237,
16,-0.00913045,-0.00302988,0.00822276,0.333439,3598.45,0.0,0.0,-1.0,1.0,0.0,1,-0.009092603003111566,1.522224058775e-05,-0.0,-0.0,-1.0,0.0,0.0,-1.0090773807625237,
17,-0.00913045,-0.00302988,0.00822276,0.333439,3598.45,0.0,0.0,-1.0,1.0,0.0,1,-0.009092603003111566,1.522224058775e-05,-0.0,-0.0,-1.0,0.0,0.0,-1.0090773807625237,
18,-0.00913045,-0.00302988,0.00822276,0.333439,3598.45,0.0,0.0,-1.0,1.0,0.0,1,-0.009092603003111566,1.522224058775e-05,-0.0,-0.0,-1.0,0.0,0.0,-1.0090773807625237,
19,-0.00913045,-0.00302988,0.00822276,0.333439,3598.45,0.0,0.0,-1.0,1.0,0.0,1,-0.009092603003111566,1.522224058775e-05,-0.0,-0.0,-1.0,0.0,0.0,-1.0090773807625237,
20,-0.00913045,-0.00302988,0.00822276,0.333439,3598.45,0.0,0.0,-1.0,1.0,0.0,1,-0.009092603003111566,1.522224058775e-05,-0.0,-0.0,-1.0,0.0,0.0,-1.0090773807625237,
21,-0.00913045,-0.00302988,0.00822276,0.333439,3598.45,0.0,0.0,-1.0,1.0,0.0,1,-0.009092603003111566,1.522224058775e-05,-0.0,-0.0,-1.0,0.0,0.0,-1.0090773807625237,
22,-0.00913045,-0.00302988,0.00822276,0.333439,3598.45,0.0,0.0,-1.0,1.0,0.0,1,-0.009092603003111566,1.522224058775e-05,-0.0,-0.0,-1.0,0.0,0.0,-1.0090773807625237,
23,-0.00913045,-0.00302988,0.00822276,0.333439,3598.45,0.0,0.0,-1.0,1.0,0.0,1,-0.009092603003111566,1.522224058775e-05,-0.0,-0.0,-1.0,0.0,0.0,-1.0090773807625237,
24,-0.00913045,-0.00302988,0.00822276,0.333439,3598.45,0.0,0.0,-1.0,1.0,0.0,1,-0.009092603003111566,1.522224058775e-05,-0.0,-0.0,-1.0,0.0,0.0,-1.0090773807625237,
25,-0.00913045,-0.00302988,0.00822276,0.333439,3598.45,0.0,0.0,-1.0,1.0,0.0,1,-0.009092603003111566,1.522224058775e-05,-0.0,-0.0,-1.0,0.0,0.0,-1.0090773807625237,
26,-0.00913045,-0.00302988,0.00822276,0.333439,3598.45,0.0,0.0,-1.0,1.0,0.0,1,-0.009092603003111566,1.522224058775e-05,-0.0,-0.0,-1.0,0.0,0.0,-1.0090773807625237,
27,-0.00913045,-0.00302988,0.00822276,0.333439,3598.45,0.0,0.0,-1.0,1.0,0.0,1,-0.009092603003111566,1.522224058775e-05,-0.0,-0.0,-1.0,0.0,0.0,-1.0090773807625237,
28,-0.00913045,-0.00302988,0.00822276,0.333439,3598.45,0.0,0.0,-1.0,0.19896316528320312,0.0,1,-0.009092603003111566,1.522224058775e-05,-0.0,-0.0,-1.0,0.0,0.0,-1.0090773807625237,
29,-0.00913045,-0.00302988,0.00822276,0.333439,3598.45,0.0,0.0,-1.0,1.0,0.19583559036254883,1,-0.009092603003111566,1.522224058775e-05,-0.0,-0.0,-1.0,0.0,0.0,-1.0090773807625237,
30,-0.00913045,-0.00302988,0.00822276,0.333439,3598.45,0.0,0.0,-1.0,1.0,0.0,1,-0.009092603003111566,1.522224058775e-05,-0.0,-0.0,-1.0,0.0,0.0,-1.0090773807625237,
31,-0.00913045,-0.00302988,0.00822276,0.333439,3598.45,0.0,0.0,-1.0,1.0,0.0,1,-0.009092603003111566,1.522224058775e-05,-0.0,-0.0,-1.0,0.0,0.0,-1.0090773807625237,
32,-0.00913045,-0.00302988,0.00822276,0.333439,3598.45,0.0,0.0,-1.0,1.0,0.0,1,-0.009092603003111566,1.522224058775e-05,-0.0,-0.0,-1.0,0.0,0.0,-1.0090773807625237,
33,-0.00913045,-0.00302988,0.00822276,0.333439,3598.45,0.0,0.0,-1.0,1.0,0.0,1,-0.009092603003111566,1.522224058775e-05,-0.0,-0.0,-1.0,0.0,0.0,-1.0090773807625237,
34,-0.00913045,-0.00302988,0.00822276,0.333439,3598.45,0.0,0.0,-1.0,1.0,0.0,1,-0.009092603003111566,1.522224058775e-05,-0.0,-0.0,-1.0,0.0,0.0,-1.0090773807625237,
35,-0.00913045,-0.00302988,0.00822276,0.333439,3598.45,0.0,0.0,-1.0,1.0,0.0,1,-0.009092603003111566,1.522224058775e-05,-0.0,-0.0,-1.0,0.0,0.0,-1.0090773807625237,
36,-0.00913045,-0.00302988,0.00822276,0.333439,3598.45,0.0,0.0,-1.0,1.0,0.0,1,-0.009092603003111566,1.522224058775e-05,-0.0,-0.0,-1.0,0.0,0.0,-1.0090773807625237,
37,-0.00913045,-0.00302988,0.00822276,0.333439,3598.45,0.0,0.0,-1.0,1.0,0.46261775493621826,1,-0.009092603003111566,1.522224058775e-05,-0.0,-0.0,-1.0,0.0,0.0,-1.0090773807625237,
38,-0.00913045,-0.00302988,0.00822276,0.333439,3598.45,0.0,0.0,-1.0,0.29995107650756836,0.0,1,-0.009092603003111566,1.522224058775e-05,-0.0,-0.0,-1.0,0.0,0.0,-1.0090773807625237,
39,-0.00913045,-0.00302988,0.00822276,0.333439,3598.45,0.0,0.0,-1.0,1.0,0.0,1,-0.009092603003111566,1.522224058775e-05,-0.0,-0.0,-1.0,0.0,0.0,-1.0090773807625237,
40,-0.00913045,-0.00302988,0.00822276,0.333439,3598.45,0.0,0.0,-1.0,1.0,0.0,1,-0.009092603003111566,1.522224058775e-05,-0.0,-0.0,-1.0,0.0,0.0,-1.0090773807625237,
41,-0.00913045,-0.00302988,0.00822276,0.333439,3598.45,0.0,0.0,-1.0,1.0,0.0,1,-0.009092603003111566,1.522224058775e-05,-0.0,-0.0,-1.0,0.0,0.0,-1.0090773807625237,
42,-0.00913045,-0.00302988,0.00822276,0.333439,3598.45,0.0,0.0,-1.0,0.0,0.0,1,-0.009092603003111566,1.522224058775e-05,-0.0,-0.0,-1.0,0.0,0.0,-1.0090773807625237,
43,-0.00913045,-0.00302988,0.00822276,0.333439,3598.45,0.0,0.0,-1.0,1.0,0.0,1,-0.009092603003111566,1.522224058775e-05,-0.0,-0.0,-1.0,0.0,0.0,-1.0090773807625237,
44,-0.00913045,-0.00302988,0.00822276,0.333439,3598.45,0.0,0.0,-1.0,1.0,0.0,1,-0.009092603003111566,1.522224058775e-05,-0.0,-0.0,-1.0,0.0,0.0,-1.0090773807625237,
45,-0.00913045,-0.00302988,0.00822276,0.333439,3598.45,0.0,0.0,-1.0,1.0,0.0,1,-0.009092603003111566,1.522224058775e-05,-0.0,-0.0,-1.0,0.0,0.0,-1.0090773807625237,
46,-0.00913045,-0.00302988,0.00822276,0.333439,3598.45,0.0,0.0,-1.0,1.0,0.0,1,-0.009092603003111566,1.522224058775e-05,-0.0,-0.0,-1.0,0.0,0.0,-1.0090773807625237,
47,-0.00913045,-0.00302988,0.00822276,0.333439,3598.45,0.0,0.0,-1.0,1.0,0.0,1,-0.009092603003111566,1.522224058775e-05,-0.0,-0.0,-1.0,0.0,0.0,-1.0090773807625237,
48,-0.0235309,0.0101323,0.00873917,0.33345,3598.45,0.0,0.0,-1.0,1.0,0.0,1,-0.02342718248302229,3.9231893025e-05,-0.0,-0.0,-1.0,0.0,0.0,-1.0233879505899972,
49,0.242439,-0.0386104,0.00873917,0.333433,3598.45,0.000976563,0.0,-1.0,1.0,0.0,1,0.2413703978173993,-0.00040418581543499995,-0.0,-0.0,-1.0,0.0,0.0,-0.7590337879980357,
50,0.127427,-0.0246371,0.00886458,0.333402,3598.45,0.00195313,0.0,0.6261902451515198,1.0,0.0,1,0.12685720735547504,-0.00021242208327,-1.6261902451515198,-0.0,-1.0,0.0,0.0,-1.361212288273251,
51,0.278332,-0.0103782,0.00891512,0.333385,3598.45,0.00292969,0.0,1.0,1.0,0.0,1,0.2770802740927816,-0.00046395856910000003,-0.3738097548484802,-0.0,-1.0,0.0,0.0,-0.8355266109308624,
52,0.761184,0.0333003,0.0092327,0.33342,3598.45,0.00537109,0.0,1.0,1.0,0.0,1,0.7576377156857066,-0.0012689698464,-0.0,-0.0,-1.0,0.0,0.0,-0.24363125416069342,
53,1.6636,0.0817763,0.00918835,0.333461,3598.46,0.0124512,0.0,0.962158739566803,1.0,0.0,1,1.6558870131458994,-0.0027737285980000003,-0.03784126043319702,-0.0,-1.0,0.0,0.0,0.6417609064179401,
54,2.50722,0.24108,0.00839966,0.333576,3598.47,0.0244141,0.0,0.9688316583633423,1.0,0.0,1,2.49660177900744,-0.0041817420936,-0.006672918796539307,-0.0,-1.0,0.0,0.0,1.4904181612748784,
55,3.25046,0.423497,0.00686091,0.333864,3598.49,0.0402832,0.0,1.0,1.0,0.0,1,3.2392330280542088,-0.0054260578872,-0.031168341636657715,-0.0,-1.0,0.0,0.0,2.2244564676760117,
56,3.9848,0.583367,0.00459879,0.334307,3598.51,0.0605469,0.0,1.0,1.0,0.0,1,3.9755952661672493,-0.006660732668000001,-0.0,-0.0,-1.0,0.0,0.0,2.968934533499249,
57,4.80134,0.531466,0.0023486,0.334817,3598.53,0.0849609,0.0,0.4233770966529846,1.0,0.0,1,4.795688549719038,-0.008037851273899999,-0.5766229033470154,-0.0,-1.0,0.0,0.0,3.614663827441033,
58,5.54558,0.621141,-4.60784e-05,0.335338,3598.56,0.114014,0.0,0.7566584348678589,1.0,0.0,1,5.545452228386069,-0.0092982185302,-0.33328133821487427,-0.0,-1.0,0.0,0.0,4.436169608391406,
59,6.24894,0.831792,-0.00349123,0.336021,3598.59,0.146973,0.0,1.0,1.0,0.0,1,6.237993695613497,-0.0104988753387,-0.2433415651321411,-0.0,-1.0,0.0,0.0,5.154492350735154,
60,7.14399,0.768018,-0.00747425,0.336899,3598.64,0.188232,0.0,0.6098644733428955,1.0,0.0,1,7.1170927184732475,-0.01203401543505,-0.3901355266571045,-0.0,-1.0,0.0,0.0,5.988018045041066,
61,7.97447,0.548612,-0.00965435,0.337556,3598.68,0.230469,0.0,0.36071187257766724,1.0,0.0,1,7.9356048025306665,-0.013459150976600002,-0.24915260076522827,-0.0,-1.0,0.0,0.0,6.847399871324498,
62,8.7687,0.596705,-0.0119432,0.338169,3598.72,0.2771,0.0,0.45087289810180664,1.0,0.0,1,8.71571269955307,-0.014826512551500002,-0.0901610255241394,-0.0,-1.0,0.0,0.0,7.673837879344328,
63,9.48866,0.866675,-0.0155538,0.338948,3598.78,0.327881,0.0,1.0,1.0,0.0,1,9.413722886856805,-0.0160808116484,-0.5491271018981934,-0.0,-1.0,0.0,0.0,8.232903944638947,
64,10.2998,0.824067,-0.0198558,0.339931,3598.83,0.382813,0.0,0.41498368978500366,1.0,0.0,1,10.195521038769542,-0.017506106568999997,-0.5850163102149963,-0.0,-1.0,0.0,0.0,9.002510039136043,
65,10.9712,1.0443,-0.0238941,0.340974,3598.89,0.442139,0.0,0.9351512789726257,1.0,0.0,1,10.837007263222862,-0.018704469744000002,-0.5201675891876221,-0.0,-1.0,0.0,0.0,9.662252516722576,
66,11.5964,1.43361,-0.0304263,0.342425,3598.95,0.504639,0.0,1.0,1.0,0.0,1,11.414642120172449,-0.01985448635,-0.06484872102737427,-0.0,-1.0,0.0,0.0,10.375333017514235,
67,12.3149,1.63807,-0.0386036,0.344241,3599.02,0.571045,0.0,1.0,1.0,0.0,1,12.06808437090169,-0.0211964674545,-0.0,-0.0,-1.0,0.0,0.0,11.04688790344719,
68,13.121,1.50311,-0.0458534,0.34622,3599.09,0.641357,0.0,-0.08160382509231567,1.0,0.0,1,12.806492913128157,-0.0227137631,-1.0816038250923157,-0.0,-1.0,0.0,0.0,11.45929800250046,
69,13.9278,1.33026,-0.0511864,0.348101,3599.16,0.716309,0.0,0.6083407402038574,1.0,0.0,1,13.553256898633208,-0.024241405538999998,-0.6899445652961731,-0.0,-1.0,0.0,0.0,12.322032123505357,
70,14.6389,1.57067,-0.0578516,0.35014,3599.24,0.795166,0.0,1.0,1.0,0.0,1,14.191204303639648,-0.02562832223,-0.3916592597961426,-0.0,-1.0,0.0,0.0,13.048078203470805,
71,15.369,1.5935,-0.0656713,0.352517,3599.33,0.87793,0.0,0.3919479548931122,1.0,0.0,1,14.831582368267759,-0.027089168865,-0.6080520451068878,-0.0,-1.0,0.0,0.0,13.622077585870692,
72,16.1738,1.70323,-0.0737947,0.355284,3599.42,0.973633,0.0,0.7859231233596802,1.0,0.0,1,15.533552619241412,-0.028731461796,-0.393975168466568,-0.0,-1.0,0.0,0.0,14.386628606905443,
73,16.9868,1.59677,-0.0814875,0.357993,3599.51,1.06519,0.0,0.6415749788284302,1.0,0.0,1,16.23909298713195,-0.030405777462,-0.14434814453125,-0.0,-1.0,0.0,0.0,15.165382766310575,
74,17.7955,1.27485,-0.087427,0.360697,3599.61,1.16089,0.0,0.0896017849445343,1.0,0.0,1,16.9506205450384,-0.0320939173175,-0.5519731938838959,-0.0,-1.0,0.0,0.0,15.752934669555732,
75,18.5502,0.703684,-0.0900224,0.363088,3599.71,1.26123,0.0,0.037404537200927734,1.0,0.0,1,17.641245583718582,-0.033676775088,-0.05219724774360657,-0.0,-1.0,0.0,0.0,16.5919096343075,
76,19.258,0.563644,-0.0915282,0.365217,3599.81,1.36572,0.0,0.17706067860126495,1.0,0.0,1,18.297295188309565,-0.03516674493,-0.13965614140033722,-0.0,-1.0,0.0,0.0,17.220231600959465,
77,20.0193,0.206355,-0.0923193,0.367261,3599.92,1.47437,0.0,-0.4244181215763092,1.0,0.0,1,19.011277994700603,-0.036761540686500005,-0.6014788001775742,-0.0,-1.0,0.0,0.0,17.79407281396083,
78,20.2727,-0.29995,-0.0904353,0.368904,3600.03,1.58643,0.0,-0.1887805163860321,1.0,0.0,2,19.274421064939872,-0.037393400604,-0.2356376051902771,-0.0,-1.0,0.0,0.0,18.16633638277879,
79,20.2343,-0.0708951,-0.089443,0.370352,3600.15,1.69849,0.0,0.9321972131729126,1.0,0.0,2,19.249714057973964,-0.03746906736800001,-1.1209777295589447,-0.0,-1.0,0.0,0.0,17.87595167173828,
80,20.2389,0.00431794,-0.0898984,0.372056,3600.26,1.81055,0.0,-0.011099308729171753,1.0,0.0,2,19.248674973875307,-0.037650020892,-0.9432965219020844,-0.0,-1.0,0.0,0.0,17.92803599641268,
81,20.7412,0.367058,-0.0913633,0.373914,3600.37,1.92358,0.0,1.0,1.0,0.0,2,19.70851955175758,-0.038777125284,-1.0110993087291718,-0.0,-1.0,0.0,0.0,18.36641263385483,
82,21.332,0.352871,-0.0941532,0.376132,3600.49,2.04004,0.0,-0.9675236940383911,1.0,0.0,2,20.23476264794134,-0.04011823912,-1.9675236940383911,-0.0,-1.0,0.0,0.0,18.604387300609822,
83,21.9349,0.504385,-0.0957807,0.378364,3600.61,2.15942,0.0,0.4397585988044739,1.0,0.0,2,20.785497524216908,-0.041496882517999996,-1.407282292842865,-0.0,-1.0,0.0,0.0,19.32181595384605,
84,22.5939,0.441998,-0.0986012,0.380875,3600.73,2.28247,0.0,-0.10683286190032959,1.0,0.0,2,21.37206899583059,-0.04302725831250001,-0.5465914607048035,-0.0,-1.0,0.0,0.0,20.16506429930665,
85,23.2355,-0.101279,-0.0979264,0.383111,3600.86,2.40942,0.0,-0.9539746046066284,1.0,0.0,2,21.988312675391626,-0.04450887820249999,-0.8471417427062988,-0.0,-1.0,0.0,0.0,20.689661274377237,
86,23.8032,-0.697224,-0.0940159,0.384814,3600.99,2.53979,0.0,-0.7303404808044434,1.0,0.0,2,22.580787366206383,-0.045799023024000005,-0.22363412380218506,-0.0,-1.0,0.0,0.0,21.46789810604173,
87,24.2204,-1.27227,-0.0875114,0.385906,3601.12,2.67334,0.0,-1.0,1.0,0.0,2,23.06928789443473,-0.04673398841200001,-0.26965951919555664,-0.0,-1.0,0.0,0.0,21.94165605026406,
88,24.668,-1.71574,-0.0786842,0.386384,3601.26,2.80933,0.0,1.0,1.0,0.0,2,23.622187272899318,-0.047656602560000004,-2.0,-0.0,-1.0,0.0,0.0,21.974530670339316,
89,25.195,-1.92667,-0.0687178,0.386399,3601.4,2.94849,0.0,-0.6233742237091064,1.0,0.0,2,24.27054495397413,-0.048676614025,-1.6233742237091064,-0.0,-1.0,0.0,0.0,22.7348560728364,
90,25.8597,-1.65418,-0.0601667,0.386229,3601.54,3.09058,0.0,1.0,1.0,0.0,2,25.035430524522322,-0.0499388303565,-1.6233742237091064,-0.0,-1.0,0.0,0.0,23.49847942705309,
91,26.4936,-1.00127,-0.0559014,0.386421,3601.68,3.23657,0.0,0.26074346899986267,1.0,0.0,2,25.712085927208847,-0.051188417028000005,-0.7392565310001373,-0.0,-1.0,0.0,0.0,24.439120550880805,
92,27.0836,-0.319436,-0.0556753,0.387232,3601.83,3.3855,0.0,0.15075036883354187,1.0,0.0,2,26.288080462702972,-0.05243818297600001,-0.1099931001663208,-0.0,-1.0,0.0,0.0,25.202644349677076,
93,27.6493,-0.255366,-0.0562418,0.38847,3601.98,3.5376,0.0,-0.7944861650466919,1.0,0.0,2,26.82846885855101,-0.053704617855,-0.9452365338802338,-0.0,-1.0,0.0,0.0,25.491193280531938,
94,28.2538,-0.112322,-0.0552791,0.389678,3602.14,3.69287,0.0,1.0,1.0,0.0,2,27.43011765124902,-0.055049421382,-1.794486165046692,-0.0,-1.0,0.0,0.0,25.83672238035301,
95,28.8548,0.430329,-0.0578349,0.391327,3602.3,3.85132,0.0,1.0,1.0,0.0,2,27.972613441502645,-0.056458311598,-0.0,-0.0,-1.0,0.0,0.0,26.916155129904645,
96,29.3711,0.746047,-0.0628432,0.393565,3602.46,4.0127,0.0,0.044143542647361755,1.0,0.0,2,28.390842294067408,-0.0577971848575,-0.9558564573526382,-0.0,-1.0,0.0,0.0,27.046288172004118,
97,30.0596,0.249662,-0.0647329,0.396025,3602.64,4.19385,0.0,-0.6081767082214355,1.0,0.0,2,29.02439868974747,-0.05952176545000001,-0.6523202508687973,-0.0,-1.0,0.0,0.0,27.769180849036832,
98,30.6153,-0.0322335,-0.0634359,0.397871,3602.81,4.3623,0.0,-0.04335436224937439,1.0,0.0,2,29.58331752124198,-0.0609047001315,-0.5648223459720612,-0.0,-1.0,0.0,0.0,28.352966117318864,
99,31.21,0.269342,-0.0640643,0.399767,3602.98,4.53369,0.0,1.0,1.0,0.0,2,30.146935630339385,-0.06238364035,-1.0433543622493744,-0.0,-1.0,0.0,0.0,28.771545681314574,
100,31.6959,0.807891,-0.0684574,0.402201,3603.16,4.70801,0.0,0.6349701285362244,1.0,0.0,2,30.53759665873034,-0.0637406133795,-0.36502987146377563,-0.0,-1.0,0.0,0.0,29.364347083911706,
101,32.1555,1.31471,-0.0760434,0.405328,3603.33,4.88452,0.0,1.0,1.0,0.0,2,30.84114480903096,-0.06516762252000001,-0.36502987146377563,-0.0,-1.0,0.0,0.0,29.666468225071828,
102,32.5594,1.74663,-0.0865296,0.409182,3603.51,5.06323,0.0,-0.02887582778930664,1.0,0.0,2,31.03066516361737,-0.06661360205399999,-1.0288758277893066,-0.0,-1.0,0.0,0.0,29.655388813226576,
103,33.0801,1.70285,-0.0972126,0.413617,3603.69,5.2439,0.0,0.07524839043617249,1.0,0.0,2,31.31854485636626,-0.06841245860850001,-0.10412421822547913,-0.0,-1.0,0.0,0.0,30.218895132290115,
104,33.7531,1.10557,-0.103165,0.418002,3603.88,5.42798,0.0,-0.9792256355285645,1.0,0.0,2,31.835659284990992,-0.070544316531,-1.054474025964737,-0.0,-1.0,0.0,0.0,30.448772760670572,
105,34.3355,0.891457,-0.105875,0.422117,3604.06,5.61572,0.0,0.4144718050956726,1.0,0.0,2,32.32899590456561,-0.0724679912675,-1.393697440624237,-0.0,-1.0,0.0,0.0,30.838418681110838,
106,34.8614,1.24704,-0.111677,0.426567,3604.25,5.8064,0.0,0.7582059502601624,1.0,0.0,2,32.70166993343113,-0.074353614069,-0.34373414516448975,-0.0,-1.0,0.0,0.0,31.52419607581278,
107,35.3532,1.45098,-0.120245,0.43161,3604.45,5.99927,0.0,0.0767112746834755,1.0,0.0,2,32.97751995762985,-0.07629397326,-0.6814946755766869,-0.0,-1.0,0.0,0.0,31.696777581696843,
108,36.0027,0.962494,-0.125991,0.43679,3604.64,6.19531,0.0,-0.20586752891540527,1.0,0.0,2,33.45531662818044,-0.078628096665,-0.28257880359888077,-0.0,-1.0,0.0,0.0,32.29191489043578,
109,36.5705,0.304198,-0.126784,0.441598,3604.84,6.39526,0.0,-1.0,1.0,0.0,2,33.96490166091911,-0.080747298295,-0.7941324710845947,-0.0,-1.0,0.0,0.0,32.64591462129873,
110,37.0765,-0.322599,-0.123511,0.445827,3605.05,6.59814,0.0,-0.7255852222442627,1.0,0.0,2,34.510198191011874,-0.0826485238275,-0.2744147777557373,-0.0,-1.0,0.0,0.0,33.345225233857654,
111,37.5193,-0.844682,-0.116986,0.449419,3605.25,6.80469,0.0,-0.2865224778652191,1.0,0.0,2,35.07323925588892,-0.0843094314335,-0.4390627443790436,-0.0,-1.0,0.0,0.0,33.85721100114171,
112,38.1092,-0.787198,-0.110314,0.452579,3605.46,7.01392,0.0,-0.121588796377182,1.0,0.0,2,35.77982773129356,-0.08623711813400001,-0.1649336814880371,-0.0,-1.0,0.0,0.0,34.64411050871315,
113,38.7129,-0.305769,-0.107839,0.455943,3605.67,7.22656,0.0,0.2192123830318451,1.0,0.0,2,36.4046802814586,-0.0882543788235,-0.3408011794090271,-0.0,-1.0,0.0,0.0,35.214185548812395,
114,39.2512,0.280053,-0.110147,0.459873,3605.89,7.44214,0.0,0.7297288775444031,1.0,0.0,2,36.85600323349077,-0.09025283548799999,-0.510516494512558,-0.0,-1.0,0.0,0.0,35.612595449649,
115,39.7285,0.720125,-0.115884,0.464492,3606.11,7.65991,0.0,-0.13593511283397675,1.0,0.0,2,37.1652393441652,-0.09226785211,-0.8656639903783798,-0.0,-1.0,0.0,0.0,35.81327229494169,
116,40.3446,0.406494,-0.120011,0.469415,3606.33,7.88037,0.0,-0.3417789041996002,1.0,0.0,2,37.639323301976034,-0.09469180204500001,-0.20584379136562347,-0.0,-1.0,0.0,0.0,36.48287836252135,
117,40.4897,-0.1711,-0.119168,0.473994,3606.55,8.10376,0.0,-0.3105069100856781,1.0,0.0,3,37.79571044919713,-0.095959374309,-0.03127199411392212,-0.0,-1.0,0.0,0.0,36.690369476653956,
118,40.379,-0.784614,-0.114274,0.477909,3606.77,8.32715,0.0,-0.7970647811889648,1.0,0.0,3,37.813524345730016,-0.09648743755499999,-0.48655787110328674,-0.0,-1.0,0.0,0.0,36.57106954684403,
119,40.2592,-1.25535,-0.106187,0.481067,3607.0,8.55054,0.0,-1.0,1.0,0.0,3,37.898951151953256,-0.096836862832,-0.20293521881103516,-0.0,-1.0,0.0,0.0,36.74123372347795,
120,40.4086,-1.62547,-0.0958512,0.483508,3607.22,8.77393,0.0,-0.7363594770431519,1.0,0.0,3,38.28947367944917,-0.097689406844,-0.26364052295684814,-0.0,-1.0,0.0,0.0,37.11269211571812,
121,40.7582,-1.80076,-0.0833481,0.485274,3607.45,8.99951,0.0,0.4174940586090088,1.0,0.0,3,38.92011692483746,-0.09889447373400001,-1.1538535356521606,-0.0,-1.0,0.0,0.0,37.47506639040781,
122,41.3153,-1.30836,-0.0739091,0.486817,3607.67,9.22754,0.0,-0.13394293189048767,1.0,0.0,3,39.67710913622018,-0.1005649520005,-0.5514369904994965,-0.0,-1.0,0.0,0.0,38.411113087069836,
123,41.8756,-0.659697,-0.0702594,0.488691,3607.91,9.45874,0.0,0.8119641542434692,1.0,0.0,3,40.302418240667166,-0.10232114419800001,-0.9459070861339569,-0.0,-1.0,0.0,0.0,38.91632497062898,
124,42.3781,-0.369099,-0.0702947,0.491052,3608.14,9.69238,0.0,-0.3782253563404083,1.0,0.0,3,40.78518915866829,-0.104049253806,-1.1901895105838776,-0.0,-1.0,0.0,0.0,39.324083051687126,
125,42.89,-0.0948237,-0.0699108,0.493549,3608.38,9.92896,0.0,1.0,1.0,0.0,3,41.2872136712909,-0.10584158305000001,-1.3782253563404083,-0.0,-1.0,0.0,0.0,39.767904481338775,
126,43.3699,0.343599,-0.0716512,0.495819,0.16034,10.1594,0.0,0.1911267787218094,1.0,0.0,3,41.70619581249231,-0.1075181022405,-0.8088732212781906,-0.0,-1.0,0.0,0.0,40.356015743868355,
127,43.8284,0.787035,-0.0752727,0.499301,0.406612,10.4057,0.0,0.4192367494106293,1.0,0.0,3,42.0563094777755,-0.109417819742,-0.22810997068881989,-0.0,-1.0,0.0,0.0,40.87845866682685,
128,44.3088,0.847878,-0.0803865,0.503293,0.655211,10.6543,0.0,-0.005327537655830383,1.0,0.0,3,42.386718324896975,-0.111501544392,-0.42456428706645966,-0.0,-1.0,0.0,0.0,41.14784749438504,
129,44.8401,0.301335,-0.0811968,0.507159,0.906999,10.9061,0.0,-0.31093958020210266,1.0,0.0,3,42.87393094577576,-0.11370530137950001,-0.3056120425462723,-0.0,-1.0,0.0,0.0,41.668542031632384,
130,45.2882,-0.29073,-0.0770214,0.510455,1.16181,11.1609,0.0,-0.5344045162200928,1.0,0.0,3,43.41157849450683,-0.11558794065500001,-0.2234649360179901,-0.0,-1.0,0.0,0.0,42.22895107304643,
131,45.5983,-0.70922,-0.0691165,0.513046,1.4192,11.4183,0.0,-0.3530255854129791,1.0,0.0,3,43.91488661666723,-0.11697012710900001,-0.18137893080711365,-0.0,-1.0,0.0,0.0,42.7435028103161,
132,45.9536,-0.94001,-0.0574202,0.514997,1.67841,11.6775,0.0,-0.6096115708351135,1.0,0.0,3,44.55925689880855,-0.118329830696,-0.2565859854221344,-0.0,-1.0,0.0,0.0,43.36395127248591,
133,46.3744,-1.09602,-0.0438015,0.5162,1.94024,11.9393,0.0,1.0,1.0,0.0,3,45.31461140238913,-0.11969232640000001,-1.6096115708351135,-0.0,-1.0,0.0,0.0,43.7120356047386,
134,46.923,-0.63951,-0.0343053,0.51707,2.20493,12.204,0.0,1.0,1.0,0.0,3,46.0906960173952,-0.12131237805000002,-0.0,-0.0,-1.0,0.0,0.0,44.9693836393452,
135,47.4435,-0.0548272,-0.0314146,0.518191,2.47262,12.4717,0.0,0.30879732966423035,1.0,0.0,3,46.67500475158644,-0.1229239735425,-0.6912026703357697,-0.0,-1.0,0.0,0.0,45.34471997694321,
136,47.8778,0.500598,-0.033304,0.519834,2.74286,12.7419,0.0,1.0,1.0,0.0,3,47.054136717016505,-0.12444254142600002,-0.6912026703357697,-0.0,-1.0,0.0,0.0,45.72233337448977,
137,48.2539,0.98254,-0.0386904,0.522123,3.01524,13.0143,0.0,0.9620325565338135,1.0,0.0,3,47.284539270149644,-0.12597235514850003,-0.03796744346618652,-0.0,-1.0,0.0,0.0,46.14717668196129,
138,48.518,1.37877,-0.0468314,0.525126,3.28923,13.2883,0.0,1.0,1.0,0.0,3,47.329137663196605,-0.12739031634,-0.03796744346618652,-0.0,-1.0,0.0,0.0,46.19035711381675,
139,48.7321,1.68929,-0.0571764,0.52887,3.56429,13.5634,0.0,0.937708854675293,1.0,0.0,3,47.26006158107753,-0.128864728635,-0.06229114532470703,-0.0,-1.0,0.0,0.0,46.112509508845115,
140,48.9524,1.91948,-0.0695852,0.533376,3.84024,13.8393,0.0,-0.2908310890197754,1.0,0.0,3,47.13212449581154,-0.130550176512,-1.2285399436950684,-0.0,-1.0,0.0,0.0,45.633012336191015,
141,49.3869,1.70168,-0.082534,0.538549,4.11753,14.1166,0.0,-0.25377923250198364,1.0,0.0,3,47.18305093757786,-0.1329863280405,-0.03705185651779175,-0.0,-1.0,0.0,0.0,46.03894905258202,
142,49.8483,1.64588,-0.09292,0.544042,4.39752,14.3966,0.0,0.4058641791343689,1.0,0.0,3,47.32063577863712,-0.135597844143,-0.6596434116363525,-0.0,-1.0,0.0,0.0,45.98714491100321,
143,50.3326,1.47295,-0.102319,0.549985,4.6797,14.6788,0.0,0.29118263721466064,1.0,0.0,3,47.49885931623391,-0.138410875055,-0.11468154191970825,-0.0,-1.0,0.0,0.0,46.326043978602996,
144,50.8647,1.29545,-0.109734,0.556188,4.96475,14.9638,0.0,0.25131532549858093,1.0,0.0,3,47.773566296103944,-0.141451678818,-0.03986731171607971,-0.0,-1.0,0.0,0.0,46.62015442377112,
145,51.3332,1.46245,-0.117358,0.562775,5.25241,15.2515,0.0,0.5587506294250488,1.0,0.0,3,47.97483083334065,-0.14444520815,-0.3074353039264679,-0.0,-1.0,0.0,0.0,46.738155034012706,
146,51.4169,1.50201,-0.126464,0.569951,5.54133,15.5404,0.0,-0.8281622529029846,0.0,0.0,3,47.76375454576566,-0.1465255678595,-1.3869128823280334,-0.0,-1.0,0.0,0.0,46.20115511320775,
147,51.9416,0.795443,-0.131855,0.577899,5.86069,15.8598,0.0,-0.25590670108795166,1.0,0.0,3,48.07626629531069,-0.15008499349200002,-0.572255551815033,-1.307429719447363,-1.0,0.0,0.0,46.42764720641234,
148,52.4706,0.0813607,-0.129876,0.585269,6.18421,16.1833,0.0,-1.0,1.0,0.0,3,48.63092567684622,-0.153547077957,-0.7440932989120483,-1.9902355005235677,-1.0,0.0,0.0,46.75659173408471,
149,52.93,-0.43392,-0.12269,0.591832,6.51154,16.5106,0.0,-0.262123703956604,1.0,0.0,3,49.29327525392017,-0.15662833880000002,-0.737876296043396,-0.7047647204916814,-1.0,0.0,0.0,47.739092846184235,
150,53.4189,-0.866629,-0.112321,0.597542,6.84261,16.8417,0.0,-0.9502345323562622,1.0,0.0,3,50.088559465916546,-0.159600181719,-0.6881108283996582,-0.0,-1.0,0.0,0.0,48.722526035677646,
151,53.844,-1.26909,-0.0989128,0.602236,7.17723,17.1763,0.0,-1.0,1.0,0.0,3,50.92222649124125,-0.16213897561600002,-0.04976546764373779,-0.0,-1.0,0.0,0.0,49.745157875332126,
152,54.1416,-1.57316,-0.0831414,0.605815,7.51475,17.5138,0.0,0.6496242880821228,1.0,0.0,3,51.70646895750545,-0.164032781245,-1.6496242880821228,-0.0,-1.0,0.0,0.0,50.04754888983582,
153,54.5254,-1.69461,-0.0657877,0.608294,7.85465,17.8537,0.0,-0.4927937388420105,1.0,0.0,3,52.615192144772,-0.165906158774,-1.1424180269241333,-0.0,-1.0,0.0,0.0,51.10656057792076,
154,54.9749,-1.59886,-0.048052,0.609828,8.19754,18.1966,0.0,-0.38193920254707336,1.0,0.0,3,53.5911251259206,-0.16772275617000001,-0.11085453629493713,-0.0,-1.0,0.0,0.0,52.39014600886212,
155,55.427,-1.65398,-0.0301332,0.610415,8.54332,18.5424,0.0,-0.5241286754608154,1.0,0.0,3,54.566867711402956,-0.16927583325,-0.14218947291374207,-0.0,-1.0,0.0,0.0,53.35493503627884,
156,55.874,-1.58377,-0.011275,0.609983,8.89202,18.8911,0.0,-0.4312361478805542,1.0,0.0,3,55.55546552787233,-0.170510610999,-0.09289252758026123,-0.0,-1.0,0.0,0.0,54.35708715859925,
157,56.4426,-1.02886,0.00503466,0.608788,9.24364,19.2427,0.0,0.959847092628479,1.0,0.0,3,56.2998006036026,-0.171885116788,-1.3910832405090332,-0.0,-1.0,0.0,0.0,54.71059051466189,
158,56.9921,-0.231654,0.0124385,0.607658,9.59893,19.598,0.0,0.5499428510665894,1.0,0.0,3,56.633252275747836,-0.173217172473,-0.40990424156188965,-0.0,-1.0,0.0,0.0,55.337063830806265,
159,57.4385,0.412897,0.0117558,0.607051,9.95714,19.9562,0.0,1.0,1.0,0.0,3,57.096921096048675,-0.17439021091850002,-0.45005714893341064,-0.0,-1.0,0.0,0.0,55.78751374045015,
160,57.7928,0.881865,0.00580508,0.607185,10.318,20.3171,0.0,0.6291881799697876,1.0,0.0,3,57.62408125271588,-0.17550623056499998,-0.3708118200302124,-0.0,-1.0,0.0,0.0,56.33733147614182,
161,58.1968,1.14078,-0.003464,0.608134,10.6811,20.6801,0.0,0.4481218755245209,1.0,0.0,3,58.09565418401619,-0.177023425812,-0.18106630444526672,-0.0,-1.0,0.0,0.0,56.86431086687061,
162,58.6064,1.32405,-0.015289,0.609906,11.0468,21.0459,0.0,0.6768821477890015,1.0,0.0,3,58.15155123649128,-0.17882010382799998,-0.2287602722644806,-0.0,-1.0,0.0,0.0,56.904103050983935,
163,58.9775,1.31792,-0.0286853,0.612562,11.4147,21.4138,0.0,-0.84584641456604,1.0,0.0,3,58.10745931257001,-0.18079468061900003,-1.5227285623550415,-0.0,-1.0,0.0,0.0,56.469846063244496,
164,59.5852,0.607037,-0.0378821,0.615568,11.7855,21.7845,0.0,-0.7286100387573242,1.0,0.0,3,58.41411480092353,-0.18363607459200004,-0.11723637580871582,-0.0,-1.0,0.0,0.0,57.19530781358891,
165,60.1371,-0.0869668,-0.0381222,0.618134,12.1603,22.1594,0.0,-1.0,1.0,0.0,3,58.94740495554856,-0.18619277281299998,-0.2713899612426758,-0.0,-1.0,0.0,0.0,57.67979519436276,
166,60.624,-0.605097,-0.0313414,0.619916,12.5384,22.5375,0.0,-0.48267802596092224,1.0,0.0,3,59.6443624713013,-0.18830558497600003,-0.5173219740390778,-0.0,-1.0,0.0,0.0,58.300860294113576,
167,61.0586,-0.778882,-0.0209259,0.620786,12.9196,22.9187,0.0,1.0,1.0,0.0,3,60.4064254572059,-0.18995367809399996,-1.4826780259609222,-0.0,-1.0,0.0,0.0,58.77166837132362,
168,61.641,-0.16646,-0.0146571,0.621396,13.3039,23.303,0.0,0.24065588414669037,1.0,0.0,3,61.18265595647197,-0.191975142996,-0.7593441158533096,-0.0,-1.0,0.0,0.0,59.76287757871997,
169,62.2413,-0.0743894,-0.0132516,0.622266,13.6919,23.691,0.0,-0.4102226793766022,1.0,0.0,3,61.82344880547884,-0.194148998685,-0.6508785635232925,-0.0,-1.0,0.0,0.0,60.43403623773685,
170,62.8298,-0.545682,-0.00737171,0.622625,14.0838,24.0829,0.0,-0.7672399282455444,1.0,0.0,3,62.59651342078547,-0.19610891175,-0.35701724886894226,-0.0,-1.0,0.0,0.0,61.29329933437479,
171,63.2763,-0.894888,0.00373258,0.622025,14.479,24.4781,0.0,-0.572365403175354,1.0,0.0,3,63.15776756123616,-0.1972823031625,-0.19487452507019043,-0.0,-1.0,0.0,0.0,61.9020229005526,
172,63.744,-0.959097,0.0182205,0.620351,14.8767,24.8757,0.0,0.20268893241882324,1.0,0.0,3,63.15272757072142,-0.198132433921,-0.7750543355941772,-0.0,-1.0,0.0,0.0,61.72207883612216,
173,64.2771,-1.00716,0.0335878,0.617752,15.2774,25.2765,0.0,-0.550186038017273,1.0,0.0,3,63.16158637789609,-0.19885166890000003,-0.7528749704360962,-0.0,-1.0,0.0,0.0,61.73687221786527,
174,64.8072,-0.855888,0.050793,0.614011,15.681,25.6801,0.0,0.7598007917404175,1.0,0.0,3,63.07845055038834,-0.19915797651699998,-1.3099868297576904,-0.0,-1.0,0.0,0.0,61.48629652494403,
175,65.4575,-0.0664981,0.0624742,0.609797,16.0883,26.0874,0.0,0.1399037390947342,1.0,0.0,3,63.286427746334354,-0.19967491684650002,-0.6198970526456833,-0.0,-1.0,0.0,0.0,61.90078371369415,
176,66.0674,0.44647,0.0653194,0.605726,16.4992,26.4983,0.0,0.2047910988330841,1.0,0.0,3,63.77030031496296,-0.200126496738,-0.06488735973834991,-0.0,-1.0,0.0,0.0,62.550707610303455,
177,66.5979,0.797687,0.06224,0.602023,16.914,26.9131,0.0,0.5610635280609131,1.0,0.0,3,64.39775876888702,-0.20047143028749997,-0.356272429227829,-0.0,-1.0,0.0,0.0,63.09040560983118,
178,67.1169,0.88363,0.0550286,0.598897,17.332,27.3311,0.0,0.012564927339553833,1.0,0.0,3,65.16956306465467,-0.2009805502965,-0.5484986007213593,-0.0,-1.0,0.0,0.0,63.80403293414176,
179,67.6902,0.93817,0.0463841,0.596263,17.7538,27.7529,0.0,1.0,1.0,0.0,3,66.04808420193494,-0.201805808613,-0.9874350726604462,-0.0,-1.0,0.0,0.0,64.5500478715238,
180,68.2485,0.887012,0.0358628,0.594343,18.179,28.1781,0.0,0.2381764054298401,1.0,0.0,3,66.98108728445592,-0.20281509117750002,-0.7618235945701599,-0.0,-1.0,0.0,0.0,65.54972511490737,
181,68.8999,0.210071,0.0289378,0.592659,18.6081,28.6072,0.0,-1.0,1.0,0.0,3,67.87428711872982,-0.20417072917050003,-1.23817640542984,-0.0,-1.0,0.0,0.0,66.29866346793037,
182,69.5216,-0.4191,0.0310448,0.590436,19.041,29.0401,0.0,-1.0,1.0,0.0,3,68.40913219077038,-0.205240277088,-0.0,-0.0,-1.0,0.0,0.0,67.20389191368238,
183,70.0592,-0.680595,0.0398072,0.587339,19.4774,29.4765,0.0,0.944532036781311,1.0,0.0,3,68.60963691379342,-0.20574250234400004,-1.944532036781311,-0.0,-1.0,0.0,0.0,66.82053480041503,
184,70.7021,-0.088953,0.0470587,0.583799,19.9171,29.9162,0.0,1.0,1.0,0.0,3,68.96086827363304,-0.20637907638949998,-0.055467963218688965,-0.0,-1.0,0.0,0.0,67.73784880827793,
185,71.3352,-0.0148352,0.04917,0.580378,20.3609,30.36,0.0,-0.8068317770957947,1.0,0.0,3,69.49591491506594,-0.20700690352799997,-1.8068317770957947,-0.0,-1.0,0.0,0.0,67.74685847840921,
186,71.9892,0.165609,0.0521797,0.576658,20.8085,30.8076,0.0,0.6578516364097595,1.0,0.0,3,70.01388372876926,-0.207565740468,-1.4646834135055542,-0.0,-1.0,0.0,0.0,68.3669129642496,
187,72.6319,0.0586433,0.0522595,0.573026,21.2602,31.2593,0.0,-0.1872943639755249,1.0,0.0,3,70.63575205125778,-0.20809983564700002,-0.8451460003852844,-0.0,-1.0,0.0,0.0,69.1741084154952,
188,73.2981,0.16685,0.0544726,0.569069,21.7157,31.7148,0.0,1.0,1.0,0.0,3,71.19399758019122,-0.20855838234450005,-1.187294363975525,-0.0,-1.0,0.0,0.0,69.62925088865406,
189,73.9338,0.4341,0.0524811,0.565361,22.1755,32.1746,0.0,0.20220187306404114,1.0,0.0,3,71.89283357343784,-0.20899643550900002,-0.7977981269359589,-0.0,-1.0,0.0,0.0,70.44449769984806,
190,74.6097,0.017261,0.0503408,0.561773,22.6391,32.6382,0.0,-0.5697677731513977,1.0,0.0,3,72.63801924747399,-0.2095685749905,-0.7719696462154388,-0.0,-1.0,0.0,0.0,71.19685977861886,
191,75.3047,0.0259638,0.0523974,0.557755,23.107,33.106,0.0,0.938363790512085,1.0,0.0,3,73.22936697907059,-0.2100078647425,-1.5081315636634827,-0.0,-1.0,0.0,0.0,71.56691964522905,
192,76.0003,-0.115145,0.0531246,0.553744,23.579,33.578,0.0,-0.5101678371429443,1.0,0.0,3,73.87528697237153,-0.210423550616,-1.4485316276550293,-0.0,-1.0,0.0,0.0,72.23030393345901,
193,76.6492,-0.564334,0.0595292,0.549037,24.0551,34.0542,0.0,-0.6747934818267822,1.0,0.0,3,74.23334267870757,-0.210416234102,-0.1646256446838379,-0.0,-1.0,0.0,0.0,72.97353875120042,
194,77.1614,-0.740818,0.0712613,0.543271,24.5342,34.5333,0.0,-0.3144305348396301,1.0,0.0,3,74.2185789159928,-0.20959775469699998,-0.3603629469871521,-0.0,-1.0,0.0,0.0,72.90087227719965,
195,77.7435,-0.279807,0.0838446,0.536583,25.016,35.0151,0.0,0.7301541566848755,1.0,0.0,3,74.21502583709048,-0.20857920230250002,-1.0445846915245056,-0.0,-1.0,0.0,0.0,72.69307122733062,
196,78.3613,0.419568,0.0888818,0.529803,25.5016,35.5006,0.0,0.9680064916610718,1.0,0.0,3,74.57411428483738,-0.2075802591195,-0.2378523349761963,-0.0,-1.0,0.0,0.0,73.29517832522502,
197,78.924,0.586383,0.0869179,0.52332,25.9908,35.9899,0.0,0.009846538305282593,1.0,0.0,3,75.20042615026192,-0.20651253840000003,-0.9581599533557892,-0.0,-1.0,0.0,0.0,73.70646562585517,
198,79.5216,0.656682,0.0827891,0.517019,26.4837,36.4827,0.0,0.558547854423523,1.0,0.0,3,75.96123187436521,-0.205570890552,-0.5487013161182404,-0.0,-1.0,0.0,0.0,74.59105058897774,
199,80.0933,0.549819,0.0752102,0.511208,26.9802,36.9793,0.0,0.19663065671920776,1.0,0.0,3,76.857802076566,-0.204721678532,-0.3619171977043152,-0.0,-1.0,0.0,0.0,75.5445052387227,
200,80.2853,0.573731,0.0664567,0.50591,27.4797,37.4788,0.0,0.35962843894958496,1.0,0.0,4,77.44229070849457,-0.20308568061499999,-0.1629977822303772,-0.0,-1.0,0.0,0.0,76.19030569321045,
201,80.1196,0.633795,0.0552194,0.501493,27.9789,37.978,0.0,0.5277239084243774,1.0,0.0,4,77.78652728835455,-0.20089709281399998,-0.16809546947479248,-0.0,-1.0,0.0,0.0,76.5352015546981,
202,79.9992,0.365523,0.0418852,0.498034,28.4773,38.4764,0.0,-0.18060889840126038,1.0,0.0,4,78.25413474839206,-0.199211607864,-0.7083328068256378,-0.0,-1.0,0.0,0.0,76.84242329848037,
203,80.0312,0.24936,0.0297622,0.495295,28.9759,38.975,0.0,0.5384868383407593,1.0,0.0,3,78.80498077996891,-0.19819526602,-0.7190957367420197,-0.0,-1.0,0.0,0.0,77.39105679292632,
204,79.8243,0.255571,0.0152133,0.493647,29.4739,39.473,0.0,0.7527610063552856,1.0,0.0,4,79.207890640829,-0.1970251311105,-0.21427416801452637,-0.0,-1.0,0.0,0.0,77.94658325931415,
205,79.6239,0.0765937,-0.00180089,0.4932,29.9705,39.9696,0.0,-0.7906670570373535,1.0,0.0,3,79.55207397784702,-0.19635253740000003,-1.5434280633926392,-0.0,-1.0,0.0,0.0,77.89269302142922,
206,80.0811,-0.86995,-0.0175376,0.493596,30.4678,40.4669,0.0,0.06418156623840332,1.0,0.0,3,79.3666059934158,-0.197638553178,-0.8548486232757568,-4.357867105464933,-1.0,0.0,0.0,76.82304607688884,
207,80.5403,-1.75529,-0.0238993,0.493891,30.9689,40.968,0.0,-0.2874244451522827,1.0,0.0,4,79.55496295074592,-0.19889064653650004,-0.35160601139068604,-9.147157472163343,-1.0,0.0,0.0,75.96380113275137,
208,80.4527,-1.45066,-0.0202519,0.49398,31.4706,41.4697,0.0,1.0,1.0,0.0,4,79.62159781933218,-0.19871012373,-1.2874244451522827,-8.86940585953731,-1.0,0.0,0.0,75.81930889717216,
209,80.3913,-1.23949,-0.0150919,0.494207,31.9717,41.9708,0.0,-0.261516273021698,1.0,0.0,4,79.77553929131425,-0.1986497159955,-1.261516273021698,-7.998471625913112,-1.0,0.0,0.0,76.19881678693396,
210,80.644,-1.35466,-0.0053788,0.493751,32.4678,42.4669,0.0,-1.0,1.0,0.0,4,80.42595049948993,-0.19909027822,-0.738483726978302,-4.3381522555446566,-1.0,0.0,0.0,77.92077703929027,
211,81.0472,-1.18296,0.00802898,0.49239,32.962,42.9611,0.0,0.770727276802063,1.0,0.0,4,80.7192280014082,-0.19953415404000002,-1.770727276802063,-0.0,-1.0,0.0,0.0,78.98847566432758,
212,81.4906,-0.931959,0.0235887,0.490103,33.4587,43.4578,0.0,-0.6659154295921326,1.0,0.0,4,80.5068897480305,-0.199693937659,-1.4366427063941956,-0.0,-1.0,0.0,0.0,78.87620299845324,
213,81.8427,-0.585014,0.0411637,0.486697,33.9575,43.9566,0.0,0.08255857974290848,1.0,0.0,4,80.08937209513651,-0.19916298280949998,-0.748474009335041,-0.0,-1.0,0.0,0.0,78.66566690952651,
214,82.336,0.349768,0.0547268,0.482567,34.4586,44.4577,0.0,1.0,1.0,0.0,4,79.96086323524335,-0.19866318256,-0.9174414202570915,-0.0,-1.0,0.0,0.0,78.48696762660623,
215,82.8736,1.02785,0.0575475,0.478558,34.9631,44.9622,0.0,0.7538481950759888,1.0,0.0,4,80.3531427163771,-0.198299121344,-0.24615180492401123,-0.0,-1.0,0.0,0.0,79.08099805355592,
216,83.31,1.25337,0.0512806,0.475078,35.4707,45.4697,0.0,0.7435778379440308,1.0,0.0,4,81.06532654987701,-0.1978937409,-0.010270357131958008,-0.0,-1.0,0.0,0.0,79.86435170183742,
217,83.618,1.19849,0.0393845,0.472416,35.9807,45.9798,0.0,0.4646325707435608,1.0,0.0,4,81.90695591616434,-0.19751240543999998,-0.27894526720046997,-0.0,-1.0,0.0,0.0,80.6257599305642,
218,84.0157,0.72064,0.0254848,0.470632,36.4928,46.4918,0.0,-1.0,1.0,0.0,4,82.91797265132462,-0.197702384612,-1.4646325707435608,-0.0,-1.0,0.0,0.0,81.28088049548955,
219,84.5834,-0.237301,0.0181514,0.468981,37.0079,47.007,0.0,-0.8164383769035339,1.0,0.0,4,83.80185498516573,-0.19834003757699997,-0.18356162309646606,-0.0,-1.0,0.0,0.0,82.54844646065979,
220,85.0716,-0.761114,0.020363,0.466812,37.5265,47.5256,0.0,-0.6862858533859253,1.0,0.0,4,84.18786642697516,-0.19856221869600002,-0.13015252351760864,-0.0,-1.0,0.0,0.0,82.95025845122389,
221,85.3879,-0.933285,0.0294348,0.463833,38.0472,48.0463,0.0,-1.0,1.0,0.0,4,84.09440589422456,-0.1980286291035,-0.3137141466140747,-0.0,-1.0,0.0,0.0,82.80226302113684,
222,85.6157,-0.875236,0.0428451,0.459829,38.5692,48.5683,0.0,0.41165944933891296,1.0,0.0,4,83.70358401932144,-0.1968429085765,-1.411659449338913,-0.0,-1.0,0.0,0.0,82.08324327594326,
223,85.8605,-0.624243,0.0588242,0.454703,39.0924,49.0914,0.0,-0.41732487082481384,1.0,0.0,4,83.18811040064546,-0.19520513465750003,-0.8289843201637268,-0.0,-1.0,0.0,0.0,81.74420996993884,
224,86.2914,0.0565936,0.0748174,0.448551,39.617,49.6161,0.0,0.27251309156417847,1.0,0.0,4,82.82496003778915,-0.19353046880699998,-0.6898379623889923,-0.0,-1.0,0.0,0.0,81.42447818026545,
225,86.8072,0.969845,0.0821216,0.442193,40.1448,50.1439,0.0,0.696229100227356,1.0,0.0,4,82.95428434742938,-0.191927680948,-0.4237160086631775,-0.0,-1.0,0.0,0.0,81.63524186388243,
226,87.2517,1.31985,0.0786845,0.43621,40.6756,50.6747,0.0,0.7145972847938538,1.0,0.0,4,83.55260356231196,-0.190300320285,-0.018368184566497803,-0.0,-1.0,0.0,0.0,82.35679278665701,
227,87.6032,1.28129,0.0681166,0.430943,41.2092,51.2083,0.0,0.47121462225914,1.0,0.0,4,84.41873545117159,-0.18875992908800002,-0.24338266253471375,-0.0,-1.0,0.0,0.0,83.15696072332318,
228,87.9686,1.05244,0.0533876,0.426617,41.7451,51.7442,0.0,1.0,1.0,0.0,4,85.49616326734836,-0.187644501131,-0.52878537774086,-0.0,-1.0,0.0,0.0,84.1498831528951,
229,88.2787,0.678226,0.0354405,0.42341,42.2835,52.2826,0.0,1.0,1.0,0.0,4,86.65927231500935,-0.18689042183500001,-0.0,-0.0,-1.0,0.0,0.0,85.47238189317434,
230,88.5141,0.217131,0.0156251,0.421463,42.8236,52.8227,0.0,0.722586452960968,1.0,0.0,4,87.81180244379597,-0.18652709064149997,-0.277413547039032,-0.0,-1.0,0.0,0.0,86.54205128904276,
231,88.7571,-0.331848,-0.00520703,0.420829,43.3654,53.3644,0.0,0.11221066117286682,1.0,0.0,4,88.52481736294116,-0.1867578081795,-0.6103757917881012,-7.0471446701872225,-1.0,0.0,0.0,85.39316064967844,
232,89.1382,-1.31325,-0.0235175,0.421283,43.9089,53.908,0.0,-0.12676218152046204,1.0,0.0,4,88.0654939845114,-0.187762041553,-0.23897284269332886,-15.890707210144043,-1.0,0.0,0.0,82.83336328761439,
233,89.6709,-2.14999,-0.0304001,0.421944,44.4555,54.4546,0.0,-0.5129045248031616,1.0,0.0,4,88.26667555574447,-0.189180491148,-0.3861423432826996,-19.01596386670498,-1.0,0.0,0.0,82.20766139493543,
234,90.1273,-2.24585,-0.0254442,0.422305,45.0053,55.0044,0.0,-1.0,1.0,0.0,4,88.95164223048326,-0.19030604713250002,-0.4870954751968384,-17.68615147238485,-1.0,0.0,0.0,83.1936696726955,
235,90.4975,-1.92841,-0.0124003,0.422012,45.5574,55.5565,0.0,-1.0,1.0,0.0,4,89.92945860973505,-0.19095515485000003,-0.0,-12.516425372882935,-1.0,0.0,0.0,85.60939711166432,
236,90.8032,-1.40741,0.00534165,0.420752,46.1116,56.1107,0.0,-1.0,1.0,0.0,4,90.55938624569345,-0.19102814003200003,-0.0,-2.666733086468696,-1.0,0.0,0.0,88.70167483404427,
237,91.04,-0.791344,0.0255345,0.418321,46.6671,56.6662,0.0,0.1872229278087616,1.0,0.0,4,89.84811795048658,-0.19041971920000003,-1.1872229278087616,-0.0,-1.0,0.0,0.0,88.30153135294395,
238,91.3029,-0.0338009,0.0466729,0.414649,47.2239,57.223,0.0,0.35068464279174805,1.0,0.0,4,89.07356069847995,-0.1892932809105,-0.16346171498298645,-0.0,-1.0,0.0,0.0,87.83522890307455,
239,91.6655,0.588239,0.067077,0.409777,47.7823,57.7813,0.0,-0.4293529689311981,1.0,0.0,4,88.38734242491361,-0.1878120679675,-0.7800376117229462,-0.0,-1.0,0.0,0.0,86.96551907342923,
240,92.0499,1.35282,0.0865855,0.403628,48.3425,58.3416,0.0,-0.1286030113697052,1.0,0.0,4,87.72494845377012,-0.18576958518599998,-0.3007499575614929,-3.812520165827678,-1.0,0.0,0.0,85.49582383985877,
241,92.5258,2.25718,0.0981337,0.396811,48.9052,58.9043,0.0,0.1426946222782135,1.0,0.0,4,87.54796910806756,-0.18357627611900001,-0.2712976336479187,-7.556647950565036,-1.0,0.0,0.0,84.39384155421293,
242,93.0605,2.52619,0.0975339,0.38997,49.4711,59.4702,0.0,0.6303777694702148,1.0,0.0,4,88.08713011348212,-0.181454015925,-0.48768314719200134,-8.149327590239935,-1.0,0.0,0.0,84.72203925583953,
243,93.49,2.26129,0.0870736,0.383553,50.0403,60.0393,0.0,1.0,1.0,0.0,4,89.07069801068293,-0.17929184985,-0.36962223052978516,-6.021194131850635,-1.0,0.0,0.0,86.27522095871134,
244,93.8768,1.69773,0.070604,0.377938,50.6119,60.611,0.0,0.22564518451690674,1.0,0.0,4,90.33162668100275,-0.177398050192,-0.7743548154830933,-1.6460459100544966,-1.0,0.0,0.0,88.51041070865219,
245,94.2873,0.773021,0.0519085,0.373263,51.1863,61.1854,0.0,-0.3443640470504761,1.0,0.0,4,91.7142429850158,-0.17596980229950002,-0.5700092315673828,-0.0,-1.0,0.0,0.0,90.36727041324608,
246,94.8395,-0.058309,0.0367504,0.36923,51.7638,61.7629,0.0,0.1704656481742859,1.0,0.0,4,93.033159948962,-0.175087942925,-0.514829695224762,-0.0,-1.0,0.0,0.0,91.70362309746956,
247,95.3245,-0.307171,0.0223511,0.366067,52.3448,62.3439,0.0,0.9126569032669067,1.0,0.0,4,94.23547526242945,-0.17447576870749998,-0.7421912550926208,-0.0,-1.0,0.0,0.0,92.83834211719416,
248,95.7631,-0.577232,0.00622986,0.364144,52.9286,62.9277,0.0,0.4693754315376282,1.0,0.0,4,95.46294824416647,-0.174357791432,-0.44328147172927856,-2.7785077279466606,-1.0,0.0,0.0,93.46097907922902,
249,96.2013,-1.11851,-0.0106737,0.363456,53.5153,63.5144,0.0,-1.0,1.0,0.0,4,95.6824178880393,-0.174824698464,-1.4693754315376282,-13.494134651403996,-1.0,0.0,0.0,90.69324689726301,
250,96.7102,-1.41573,-0.0253751,0.36381,54.1049,64.104,0.0,0.31829601526260376,1.0,0.0,4,95.45218220576058,-0.17592068931000002,-1.3182960152626038,-20.66238346329726,-1.0,0.0,0.0,88.71517684604748,
251,97.2146,-1.95496,-0.0391411,0.365302,54.6976,64.6967,0.0,-0.933242917060852,1.0,0.0,4,95.2380844370591,-0.17756343904600003,-1.2515389323234558,-26.199942358073713,-1.0,0.0,0.0,87.13507372879764,
252,97.7856,-2.54181,-0.0429157,0.367089,55.2936,65.2927,0.0,-1.0,1.0,0.0,4,95.59794043552657,-0.179480090592,-0.06675708293914795,-28.063431359028996,-1.0,0.0,0.0,87.38257538029558,
253,98.2801,-2.4162,-0.0355054,0.36855,55.8931,65.8922,0.0,-1.0,1.0,0.0,4,96.47378834236957,-0.181105654275,-0.0,-26.23981127209443,-1.0,0.0,0.0,88.73272987007097,
254,98.7133,-1.84838,-0.0206732,0.369301,56.4954,66.4944,0.0,-0.43848398327827454,1.0,0.0,4,97.67191942914594,-0.1822746020165,-0.5615160167217255,-21.05772196467791,-1.0,0.0,0.0,91.05675953094344,
255,99.1834,-0.756623,-0.00364935,0.369238,57.1001,67.0992,0.0,0.5808452367782593,1.0,0.0,4,99.00176248190841,-0.18311140124600003,-1.0193292200565338,-13.01420828973734,-1.0,0.0,0.0,94.25930024221113,
256,99.7402,-0.176858,0.010115,0.36862,57.7081,67.7072,0.0,-1.0,1.0,0.0,4,99.23067021294382,-0.18383116262000002,-1.5808452367782593,-4.1197754035781315,-1.0,0.0,0.0,96.54264162839581,
257,100.192,0.192479,0.0263158,0.366876,58.3192,68.3183,0.0,-0.5818630456924438,1.0,0.0,4,98.83914529182775,-0.18379020095999998,-0.41813695430755615,-0.0,-1.0,0.0,0.0,97.52991400457547,
258,100.288,0.646267,0.0439078,0.363809,58.9319,68.931,0.0,0.35317811369895935,1.0,0.0,5,97.99033782200486,-0.18242838496,-0.9350411593914032,-0.0,-1.0,0.0,0.0,96.52739708922743,
259,100.166,1.60369,0.0569714,0.359798,59.5439,69.5429,0.0,1.0,1.0,0.0,5,97.15173218032525,-0.18019763234,-0.6468218863010406,-3.7735770612648167,-1.0,0.0,0.0,94.83409371677874,
260,100.047,2.01437,0.0583035,0.355779,60.1552,70.1543,0.0,0.1947607398033142,1.0,0.0,5,96.96211032949026,-0.177973108065,-0.8052392601966858,-4.296098176570666,-1.0,0.0,0.0,94.46854089922357,
261,99.8828,1.91849,0.0500727,0.352169,60.7658,70.7649,0.0,1.0,0.0,0.0,5,97.25795344272161,-0.17587812896600002,-0.8052392601966858,-1.0481744884921511,-1.0,0.0,0.0,95.57845991357357,
262,99.7982,1.43207,0.0346362,0.349467,61.3759,71.375,0.0,0.35940781235694885,1.0,0.0,4,98.01037405192137,-0.174380887797,-0.6405921876430511,-0.0,-1.0,0.0,0.0,96.64381550783146,
263,99.5962,0.820879,0.0150181,0.347946,61.9851,71.9842,0.0,0.811674952507019,1.0,0.0,4,98.83712384894534,-0.173270497026,-0.4522671401500702,-0.0,-1.0,0.0,0.0,97.52817320987432,
264,99.3517,0.0659764,-0.00810842,0.347895,62.5929,72.592,0.0,0.760790228843689,1.0,0.0,4,98.94564576389706,-0.1728197983575,-0.05088472366333008,-14.275846786529371,-1.0,0.0,0.0,94.18859885180822,
265,99.5786,-0.998854,-0.0334789,0.349388,63.2003,73.1993,0.0,-1.0,1.0,0.0,4,97.85621990749432,-0.17395783948399998,-1.760790228843689,-25.74221872355878,-1.0,0.0,0.0,89.71847031846751,
266,100.035,-2.57538,-0.0577963,0.352126,63.8102,73.8093,0.0,-1.0,1.0,0.0,4,96.97875015366216,-0.17612462205,-0.0,-33.7141797396926,-1.0,0.0,0.0,87.37408059668901,
267,100.305,-3.15422,-0.0752921,0.355788,64.4227,74.4218,0.0,0.23433274030685425,1.0,0.0,5,96.24830441521381,-0.1784365767,-1.2343327403068542,-38.262098713873804,-1.0,0.0,0.0,85.13404333795332,
268,100.193,-3.53885,-0.0885165,0.360787,65.035,75.034,0.0,-1.0,1.0,0.0,5,95.37216314528882,-0.180741659455,-1.2343327403068542,-41.00866423452908,-1.0,0.0,0.0,83.56895560510951,
269,100.046,-3.71421,-0.0894268,0.366206,65.6463,75.6453,0.0,-0.7501285672187805,1.0,0.0,5,95.1787881720445,-0.18318722738,-0.24987143278121948,-41.280295715953514,-1.0,0.0,0.0,83.60056558584176,
270,100.218,-3.19403,-0.0779581,0.371341,66.2576,76.2567,0.0,-0.7550991773605347,1.0,0.0,5,96.01117169349577,-0.18607526169,-0.00497061014175415,-39.47997895881032,-1.0,0.0,0.0,84.95361050906067,
271,100.569,-2.27631,-0.058947,0.375709,66.8709,76.8699,0.0,-0.6297481060028076,1.0,0.0,5,97.43192045767452,-0.188923392105,-0.12535107135772705,-35.75633457108866,-1.0,0.0,0.0,87.26630810139005,
272,100.882,-1.10517,-0.0366772,0.379027,67.4863,77.4854,0.0,-0.23315605521202087,1.0,0.0,5,98.9645336254211,-0.19118500907000002,-0.39659205079078674,-29.834500395861923,-1.0,0.0,0.0,90.19574590214837,
273,101.337,0.253154,-0.0183581,0.381577,68.104,78.1031,0.0,-0.1377604603767395,1.0,0.0,5,100.38979904734944,-0.19333934224500002,-0.09539559483528137,-23.44054565193612,-1.0,0.0,0.0,93.30770461366983,
274,101.865,1.31569,-0.00803342,0.383759,68.7249,78.724,0.0,1.0,1.0,0.0,5,101.45255528293742,-0.19545805267500002,-1.1377604603767395,-19.121889108518516,-1.0,0.0,0.0,95.13529681501977,
275,102.386,1.23009,-0.00679302,0.385955,69.3491,79.3482,0.0,-0.4441468417644501,1.0,0.0,5,102.03588530358616,-0.19758194315,-1.44414684176445,-19.12580062478831,-1.0,0.0,0.0,95.62360915170974,
276,102.851,0.610723,-0.00300713,0.387407,69.9763,79.9754,0.0,-0.3183078169822693,1.0,0.0,5,102.69589203750678,-0.199225986785,-0.1258390247821808,-17.55893706328824,-1.0,0.0,0.0,97.06918007746508,
277,103.301,0.659254,0.0035938,0.387953,70.6063,80.6053,0.0,0.7765903472900391,1.0,0.0,5,103.11471174659333,-0.20037966426499998,-1.0948981642723083,-13.905510180882175,-1.0,0.0,0.0,98.10948508782609,
278,103.785,1.15448,0.00353567,0.388475,71.2392,81.2383,0.0,0.6587327718734741,1.0,0.0,5,103.60087692128036,-0.20158938937499998,-0.11785757541656494,-14.46678237335901,-1.0,0.0,0.0,98.74723466594064,
279,104.234,0.940378,-0.00398262,0.38958,71.875,81.874,0.0,0.03234401345252991,1.0,0.0,5,104.02561170185695,-0.2030374086,-0.6263887584209442,-19.656896715482148,-1.0,0.0,0.0,97.72043348686013,
280,104.74,-0.011788,-0.00806485,0.390693,72.5135,82.5126,0.0,-0.508980393409729,1.0,0.0,5,104.31424216306044,-0.20460592409999998,-0.5413244068622589,-22.480284464386827,-1.0,0.0,0.0,97.32716780080506,
281,105.219,-0.127432,-0.00529344,0.391243,73.1551,83.1541,0.0,0.06901910901069641,1.0,0.0,5,104.93904192744515,-0.205830986085,-0.5779995024204254,-21.496142905894573,-1.0,0.0,0.0,98.18577536416038,
282,105.719,-0.250512,-0.0020126,0.39156,73.7998,83.7989,0.0,-0.3633378744125366,1.0,0.0,5,105.61240093168128,-0.20697665819999997,-0.43235698342323303,-20.131066270998218,-1.0,0.0,0.0,99.24295061070475,
283,106.202,0.00813499,0.00488535,0.39122,74.4474,84.4465,0.0,0.005698740482330322,1.0,0.0,5,105.94131672137537,-0.2077417322,-0.36903661489486694,-16.164327884379418,-1.0,0.0,0.0,100.58178203361206,
284,106.714,0.653518,0.00603776,0.39095,75.0982,85.0973,0.0,0.252011239528656,1.0,0.0,5,106.38990009773063,-0.2085991915,-0.24631249904632568,-15.847451699759176,-1.0,0.0,0.0,101.14554423157693,
285,107.161,0.814728,-0.000749215,0.391357,75.7519,85.751,0.0,1.0,1.0,0.0,5,107.12082661347624,-0.209691037385,-0.747988760471344,-20.79725760772058,-1.0,0.0,0.0,100.4874245460197,
286,107.564,0.52774,-0.0131732,0.39273,76.4081,86.4071,0.0,-1.0,1.0,0.0,5,106.84620662074877,-0.21121804859999999,-2.0,-28.004180995680983,-1.0,0.0,0.0,98.03394332322853,
287,108.055,-0.488489,-0.0248289,0.394855,77.0668,87.0658,0.0,-0.09074926376342773,1.0,0.0,5,106.68038957567339,-0.21333028512500002,-0.9092507362365723,-33.67280858296793,-1.0,0.0,0.0,96.77608192393544,
288,108.577,-1.20632,-0.0264476,0.396818,77.7287,87.7278,0.0,-1.0,1.0,0.0,5,107.10339558134856,-0.21542653993,-0.9092507362365723,-34.94069373739609,-1.0,0.0,0.0,96.88002038619858,
289,109.007,-1.23519,-0.0186401,0.398138,78.3936,88.3927,0.0,-1.0,1.0,0.0,5,107.97217126705567,-0.21699914483000002,-0.0,-32.28288123673235,-1.0,0.0,0.0,98.68445181304259,
290,109.307,-0.823792,-0.00472422,0.398489,79.0609,89.06,0.0,0.08094349503517151,1.0,0.0,5,109.04758603418017,-0.217788185615,-1.0809434950351715,-25.767347139816295,-1.0,0.0,0.0,101.06367801510054,
291,109.643,0.0202206,0.0115279,0.397755,79.7299,89.729,0.0,0.24508661031723022,1.0,0.0,5,109.00375194322555,-0.21805525732500003,-0.16414311528205872,-15.130981716609185,-1.0,0.0,0.0,103.95370832216364,
292,110.184,1.26085,0.0209049,0.39663,80.4018,90.4008,0.0,1.0,1.0,0.0,5,109.00831598683766,-0.2185113996,-0.7549133896827698,-6.921158667795709,-1.0,0.0,0.0,105.8330409033839,
293,110.686,1.65316,0.018506,0.395881,81.0768,91.0759,0.0,1.0,1.0,0.0,5,109.64292801071836,-0.21909242183000002,-0.0,-9.801535388247231,-1.0,0.0,0.0,105.97345174182655,
294,111.119,1.3273,0.00756353,0.395847,81.7548,91.7539,0.0,0.15510953962802887,1.0,0.0,5,110.69559968520694,-0.21993061396500002,-0.8448904603719711,-19.517567696787637,-1.0,0.0,0.0,104.34281000893344,
295,111.62,0.189442,-0.00449799,0.396455,82.4355,92.4346,0.0,-1.0,1.0,0.0,5,111.36783888335938,-0.22126153550000002,-1.1551095396280289,-27.812134020725722,-1.0,0.0,0.0,102.84701098078955,
296,112.171,-0.130757,-0.0112019,0.397193,83.1195,93.1186,0.0,0.4343290627002716,1.0,0.0,5,111.53571129810514,-0.222767680015,-1.4343290627002716,-31.94761188905072,-1.0,0.0,0.0,101.89574192701738,
297,112.695,-0.54778,-0.0191392,0.398649,83.8066,93.8057,0.0,-0.04945796728134155,1.0,0.0,5,111.59597980254095,-0.22462874527499996,-0.48378702998161316,-36.21836827500833,-1.0,0.0,0.0,101.17162287951939,
298,113.258,-0.781017,-0.0225615,0.400325,84.4971,94.4962,0.0,-0.0014534294605255127,1.0,0.0,5,111.95164906083839,-0.22670004424999998,-0.04800453782081604,-38.31216355794005,-1.0,0.0,0.0,101.13250676575714,
299,113.8,-1.07462,-0.0210932,0.401979,85.191,95.1901,0.0,-0.9238076210021973,1.0,0.0,5,112.57457073271954,-0.22872605099999996,-0.9223541915416718,-38.35730651680045,-1.0,0.0,0.0,101.47981179505692,
300,114.261,-0.976426,-0.0118258,0.402925,85.888,95.8871,0.0,-1.0,1.0,0.0,5,113.57741229901701,-0.23019306712499996,-0.07619237899780273,-34.72498551599408,-1.0,0.0,0.0,103.64311513919415,
301,114.568,-0.487961,0.00297815,0.402817,86.5874,96.5864,0.0,-1.0,1.0,0.0,5,114.39689183454561,-0.23074969028,-0.0,-26.67178847754586,-1.0,0.0,0.0,106.49819502487914,
302,114.774,0.217537,0.0210394,0.401415,87.2881,97.2872,0.0,-0.5871236324310303,1.0,0.0,5,113.5412992435096,-0.23036002605,-0.4128763675689697,-11.779809872595237,-1.0,0.0,0.0,109.2421238390401,
303,114.971,1.09456,0.0407444,0.398603,87.99,97.989,0.0,0.31363171339035034,1.0,0.0,5,112.53401696401447,-0.22913892756499998,-0.9007553458213806,-10.317789824678584,-1.0,0.0,0.0,108.45520397653341,
304,115.234,1.90424,0.0606833,0.394353,88.693,98.6921,0.0,-1.0,1.0,0.0,5,111.52764843331526,-0.22721436801,-1.3136317133903503,-19.01509956978306,-1.0,0.0,0.0,105.1525696588424,
305,115.485,2.72499,0.0812765,0.388508,89.3973,99.3964,0.0,1.0,1.0,0.0,5,110.4158275176878,-0.2243342319,-2.0,-26.207822625264413,-1.0,0.0,0.0,102.03953762947171,
306,115.813,3.9222,0.0984476,0.381327,90.1031,100.102,0.0,0.5926103591918945,1.0,0.0,5,109.56067553597629,-0.22081311925500002,-0.40738964080810547,-31.394215360560892,-1.0,0.0,5.0,105.36909168433863,
307,116.305,3.91329,0.107031,0.373341,90.8112,100.81,0.0,-1.0,1.0,0.0,5,109.42721840803314,-0.21710712502500001,-1.5926103591918945,-34.178346591986354,-1.0,0.0,0.0,99.18774152725399,
308,116.778,3.7811,0.114494,0.364032,91.5218,101.521,0.0,1.0,1.0,0.0,5,109.34282776698008,-0.21255464448000003,-2.0,-36.58629968132614,-1.0,0.0,0.0,98.38369820216856,
309,117.289,3.73847,0.112119,0.354288,92.235,102.234,0.0,1.0,1.0,0.0,5,109.99117561794216,-0.20777042616,-0.0,-36.870375291540824,-1.0,0.0,0.0,99.56581136889696,
310,117.792,2.89807,0.0986605,0.344908,92.9516,102.951,0.0,0.9578173756599426,1.0,0.0,5,111.41789084867082,-0.20313701568,-0.04218262434005737,-34.54563791732399,-1.0,0.0,0.0,101.56568956635782,
311,118.131,1.65478,0.0785859,0.336391,93.6709,103.67,0.0,0.9139376878738403,1.0,0.0,5,113.12947502466133,-0.198691026105,-0.043879687786102295,-29.760878352465753,-1.0,0.0,0.0,104.47740050410407,
312,118.36,0.289826,0.0555476,0.329099,94.3925,104.392,0.0,-1.0,1.0,0.0,5,114.89182822319391,-0.19476078819999998,-1.9139376878738403,-22.525066911903153,-1.0,0.0,0.0,107.49161940065598,
313,118.575,-1.06966,0.0313014,0.323259,95.1156,105.115,0.0,0.6541070938110352,1.0,0.0,5,116.66143745062023,-0.19165217962500003,-1.6541070938110352,-12.150288583900775,-1.0,0.0,0.0,111.93598099687674,
314,118.785,-2.44146,0.00658765,0.318994,95.8405,105.84,0.0,-0.12308928370475769,1.0,0.0,5,118.39116837240203,-0.18945851145,-0.7771963775157928,-22.28418135062273,-1.0,0.0,0.0,111.3975056100416,
315,119.092,-4.11249,-0.0145171,0.31607,96.5674,106.566,0.0,-0.44335243105888367,1.0,0.0,5,118.21504625343384,-0.1882070422,-0.320263147354126,-35.33363325374593,-1.0,0.0,0.0,108.09735195359112,
316,119.505,-4.44464,-0.0267915,0.314015,97.2969,107.296,0.0,0.8835117816925049,1.0,0.0,5,117.86144555005166,-0.187631812875,-1.3268642127513885,-41.11642940453626,-1.0,0.0,0.0,105.99664712221718,
317,119.957,-4.5519,-0.0374792,0.313398,98.0291,108.028,0.0,-0.4382793605327606,1.0,0.0,5,117.62533868058934,-0.18797141943,-1.3217911422252655,-45.52807014070402,-1.0,0.0,0.0,104.65881238331575,
318,120.473,-4.71691,-0.0381593,0.313353,98.7645,108.764,0.0,-0.4148719310760498,1.0,0.0,5,118.0872734619959,-0.188752879845,-0.023407429456710815,-46.27553373598259,-1.0,0.0,0.0,105.32261491931824,
319,121.013,-3.68823,-0.0269397,0.313204,99.5029,109.502,0.0,-0.296517014503479,1.0,0.0,5,119.33926041791534,-0.18950877826,-0.1183549165725708,-42.638024401917676,-1.0,0.0,0.0,107.45473906420415,
320,121.641,-1.8084,-0.0130505,0.312935,100.245,110.244,0.0,0.1406611204147339,1.0,0.0,5,120.83692606563916,-0.190328631675,-0.4371781349182129,-36.95287568495806,-1.0,0.0,0.0,110.2772250722492,
321,121.764,-0.933729,-0.00413181,0.312852,100.989,110.988,0.0,-0.5767301917076111,0.0,0.0,5,121.51140849219597,-0.19047055464,-0.717391312122345,-32.119100535501744,-1.0,0.0,0.0,112.07594541004383,
322,121.981,-0.0369476,0.00611453,0.312191,101.734,111.733,0.0,0.2397628128528595,1.0,0.0,5,121.60579380801948,-0.190406851855,-0.8164930045604706,-25.359760099034133,-1.0,0.0,0.0,113.83049903003781,
323,122.53,0.858351,0.00772592,0.311761,102.481,112.48,0.0,1.0,1.0,0.0,5,122.05301934015465,-0.19100037665000003,-0.7602371871471405,-24.634047070371707,-1.0,0.0,0.0,114.47543603976759,
324,123.045,0.870398,-6.76215e-05,0.312105,103.231,113.23,0.0,0.44045379757881165,1.0,0.0,5,123.04083947494749,-0.192014798625,-0.5595462024211884,-30.784507913733734,-1.0,0.0,0.0,113.98483383716271,
325,123.469,0.147356,-0.0129245,0.313397,103.985,113.984,0.0,-1.0,1.0,0.0,5,122.66082251408294,-0.193474070965,-1.4404537975788116,-38.745090741751056,-1.0,0.0,0.0,111.34893961840655,
326,123.995,-1.04322,-0.0197023,0.314971,104.741,114.74,0.0,-0.6945657134056091,1.0,0.0,5,122.74952023106836,-0.19527414572500001,-0.30543428659439087,-42.62730124920577,-1.0,0.0,0.0,110.8057904870636,
327,124.539,-1.32095,-0.0154671,0.316026,105.5,115.5,0.0,-0.48997703194618225,1.0,0.0,5,123.56101330868856,-0.19678781006999999,-0.20458868145942688,-41.244649651371915,-1.0,0.0,0.0,111.99168648133775,
328,124.931,-0.896986,-0.00335363,0.316206,106.263,116.262,0.0,-0.9996212720870972,1.0,0.0,5,124.72081167944899,-0.19751965892999998,-0.5096442401409149,-35.03169633195148,-1.0,0.0,0.0,114.61247466548883,
329,125.282,-0.0782771,0.0135516,0.315205,107.028,117.027,0.0,0.35227662324905396,1.0,0.0,5,124.42163662212864,-0.19744756405000002,-1.3518978953361511,-22.706002807674352,-1.0,0.0,0.0,117.14211898755921,
330,125.627,0.988175,0.0327359,0.312876,107.794,117.793,0.0,-0.3143116235733032,1.0,0.0,5,123.50380339190964,-0.19652836626,-0.6665882468223572,-20.366340682285298,-1.0,0.0,0.0,117.01571338103162,
331,126.02,2.00611,0.0525692,0.309104,108.563,118.562,0.0,-0.3691332936286926,1.0,0.0,5,122.53505079041831,-0.1947664304,-0.054821670055389404,-29.76421575822053,-1.0,0.0,0.0,113.88278391944657,
332,126.432,3.26614,0.0718112,0.303868,109.334,119.333,0.0,0.654369592666626,1.0,0.0,5,121.57042859786343,-0.19209319488000004,-1.0235028862953186,-37.09508265895896,-1.0,0.0,0.0,110.79751387235508,
333,126.916,3.79576,0.0862172,0.297456,110.108,120.107,0.0,-1.0,1.0,0.0,5,120.98018771947562,-0.18875962848,-1.654369592666626,-41.98227524946289,-1.0,0.0,0.0,108.79954840082992,
334,127.319,4.04967,0.101186,0.289425,110.884,120.883,0.0,-0.7310223579406738,1.0,0.0,5,120.23730746710388,-0.184246507875,-0.26897764205932617,-46.40624698788207,-1.0,0.0,0.0,107.37080591964056,
335,127.29,4.23293,0.116531,0.279636,111.66,121.659,0.0,-0.14450782537460327,0.0,0.0,5,119.02687069438547,-0.17797433220000003,-0.5865145325660706,-50.039633010580474,-1.0,0.0,0.0,105.16303374977053,
336,127.267,4.58658,0.13079,0.268123,112.435,122.434,0.0,0.7496546506881714,1.0,0.0,5,117.88111670038438,-0.170616049205,-0.8941624760627747,-53.1143790078867,-1.0,0.0,0.0,103.1636571563889,
337,127.705,5.20207,0.135869,0.255781,113.211,123.21,0.0,1.0,1.0,0.0,5,117.87916293763703,-0.16332256302499998,-0.2503453493118286,-54.81816168196072,-1.0,0.0,0.0,102.9361963493283,
338,128.232,4.49825,0.126204,0.24352,113.99,123.989,0.0,0.7787976264953613,1.0,0.0,5,119.14191760164906,-0.1561352832,-0.22120237350463867,-53.959367085850516,-1.0,0.0,0.0,104.42957983493503,
339,128.662,2.88784,0.106034,0.231867,114.773,124.772,0.0,1.0,1.0,0.0,5,121.13089225928826,-0.14916235977,-0.22120237350463867,-50.66264615652257,-1.0,0.0,0.0,107.24970764833623,
340,128.921,0.996593,0.0808561,0.221331,115.558,125.557,0.0,1.0,1.0,0.0,5,123.29345818703416,-0.142671069255,-0.0,-45.07482656316388,-1.0,0.0,0.0,110.8820804769882,
341,129.124,-0.924708,0.0538841,0.212258,116.344,126.343,0.0,0.42365843057632446,1.0,0.0,5,125.45940779831142,-0.13703800995999998,-0.5763415694236755,-36.98822193306228,-1.0,0.0,0.0,114.90241183425876,
342,129.297,-2.76345,0.0265687,0.204826,117.133,127.132,0.0,0.9735390543937683,1.0,0.0,5,127.53394304699765,-0.13241693661,-0.5498806238174438,-26.673213283664097,-1.0,0.0,0.0,119.5682586023264,
343,129.429,-4.50768,-0.000654981,0.199172,117.923,127.922,0.0,0.8940095901489258,1.0,0.0,5,129.3865854725795,-0.12889316394,-0.07952946424484253,-29.865223454511337,-1.0,0.0,0.0,120.7675276057382,
344,129.52,-6.15094,-0.02746,0.195358,118.715,128.714,0.0,0.9021704196929932,1.0,0.0,5,127.69308456792538,-0.12651384080000003,-0.008160829544067383,-44.91344706229903,-1.0,0.0,0.0,115.3357607126874,
345,129.587,-7.6896,-0.053675,0.193438,119.508,129.507,0.0,-1.0,1.0,0.0,5,125.92425294387132,-0.12533525053,-1.9021704196929932,-54.37006573649785,-1.0,0.0,0.0,110.63575013330896,
346,129.651,-9.13881,-0.0788726,0.19342,120.301,130.301,0.0,-0.4273031949996948,1.0,0.0,5,124.14028071033522,-0.1253854821,-0.5726968050003052,-61.063257654884154,-1.0,0.0,0.0,107.57727177301408,
347,129.82,-10.7365,-0.0997539,0.195056,121.096,131.095,0.0,-1.0,1.0,0.0,5,122.710334040105,-0.12661084960000002,-0.5726968050003052,-65.62358888535901,-1.0,0.0,0.0,105.00601692766514,
348,130.198,-11.3913,-0.105494,0.19738,121.894,131.893,0.0,-0.9834926724433899,1.0,0.0,5,122.61936307559247,-0.12849240620000002,-0.016507327556610107,-67.14213905115561,-1.0,0.0,0.0,104.7003837083366,
349,130.743,-9.92982,-0.0931159,0.199918,122.694,132.693,0.0,-1.0,1.0,0.0,5,124.09826781304496,-0.13068939537,-0.016507327556610107,-65.46200736048814,-1.0,0.0,0.0,106.59712437928594,
350,131.298,-6.90817,-0.0660059,0.20233,123.496,133.495,0.0,-1.0,1.0,0.0,5,126.68201012106164,-0.1328276217,-0.0,-59.95419017742324,-1.0,0.0,0.0,110.56063495500582,
351,131.69,-3.48976,-0.0314604,0.203974,124.3,134.299,0.0,-0.7074339985847473,1.0,0.0,5,129.55366650094103,-0.13430668029999998,-0.2925660014152527,-49.21096993780783,-1.0,0.0,0.0,116.0288475357645,
352,131.962,-0.240743,0.00488159,0.204256,125.106,135.105,0.0,-1.0,1.0,0.0,5,131.63833677055663,-0.13477015136,-0.2925660014152527,-27.35785476664894,-1.0,0.0,0.0,123.57633312710983,
353,132.133,2.81765,0.0412015,0.202841,125.913,135.912,0.0,0.8631670475006104,1.0,0.0,5,129.29959495272712,-0.134009949265,-1.8631670475006104,-36.30467850786492,-1.0,0.0,0.0,118.5304652622457,
354,132.231,5.65979,0.0766279,0.199578,126.721,136.72,0.0,-0.6978144645690918,1.0,0.0,5,126.78163530919069,-0.13195199258999998,-1.5609815120697021,-47.952547237742905,-1.0,0.0,0.0,113.19325205354404,
355,132.279,8.30562,0.110889,0.194378,127.53,137.529,0.0,0.9318591356277466,1.0,0.0,5,124.14743553789532,-0.12856063730999998,-1.6296736001968384,-56.503489444148244,-1.0,0.0,0.0,108.4041004594892,
356,132.208,10.8182,0.142182,0.187282,128.339,138.339,0.0,1.0,0.519986629486084,0.0,5,121.50674603904673,-0.12380089327999999,-0.06814086437225342,-62.38480614580854,-1.0,0.0,0.0,104.76630135000292,
357,132.289,12.881,0.161009,0.179001,129.149,139.148,0.0,1.0,1.0,0.0,5,119.97407278922654,-0.11839931644499999,-0.0,-65.56123066818431,-1.0,0.0,0.0,102.46536580573547,
358,132.704,12.8784,0.160726,0.170316,129.961,139.96,0.0,1.0,1.0,0.0,5,120.37499055240164,-0.11300807232,-0.0,-66.18231631715867,-1.0,0.0,0.0,102.71640340079198,
359,133.313,10.6204,0.142202,0.161464,130.776,140.775,0.0,1.0,1.0,0.0,5,122.5206069900527,-0.10762625115999999,-0.0,-64.25636237551092,-1.0,0.0,0.0,105.34889014501496,
360,133.904,6.92645,0.109812,0.152798,131.593,141.592,0.0,1.0,1.0,0.0,5,125.76009277611654,-0.10230131696,-0.0,-59.238634535147426,-1.0,0.0,0.0,109.84813282536969,
361,134.288,3.03239,0.0712727,0.145032,132.412,142.411,0.0,1.0,1.0,0.0,5,129.1655828115392,-0.09738028608,-0.0,-50.41066098641423,-1.0,0.0,0.0,115.46553727885563,
362,134.524,-0.654142,0.0316995,0.138763,133.232,143.231,0.0,0.8222477436065674,1.0,0.0,5,132.32460218205702,-0.09333476906,-0.17775225639343262,-40.3786655431083,-1.0,0.0,0.0,121.08327535030192,
363,134.646,-4.0754,-0.0071809,0.134263,134.054,144.054,0.0,0.8423007726669312,1.0,0.0,5,134.15909290663242,-0.09038987948999999,-0.02005302906036377,-33.619896442553014,-1.0,0.0,0.0,124.65771300778607,
364,134.677,-7.24934,-0.0448247,0.13168,134.878,144.877,0.0,-0.30191171169281006,1.0,0.0,5,131.52430515601785,-0.0886713368,-1.1442124843597412,-53.69131237558082,-1.0,0.0,0.0,116.66954198001473,
365,134.667,-10.2305,-0.0804455,0.131047,135.703,145.702,0.0,-0.29301008582115173,1.0,0.0,5,128.82065100163794,-0.088238531745,-0.008901625871658325,-63.84747726791716,-1.0,0.0,0.0,111.76787266515217,
366,134.756,-13.1601,-0.108356,0.131933,136.529,146.528,0.0,-1.0,1.0,0.0,5,126.67915462566062,-0.08889381674,-0.7069899141788483,-69.70304925985295,-1.0,0.0,0.0,107.95240151970373,
367,135.025,-14.396,-0.118214,0.133425,137.358,147.357,0.0,-1.0,1.0,0.0,5,126.1202940352802,-0.090078553125,-0.0,-71.73572128709318,-1.0,0.0,0.0,107.09628516038191,
368,135.54,-13.13,-0.108384,0.135208,138.189,148.188,0.0,-1.0,1.0,0.0,5,127.41386726210426,-0.09163046159999999,-0.0,-70.61489853685246,-1.0,0.0,0.0,108.66851216629114,
369,136.208,-9.75712,-0.0813468,0.137075,139.022,149.021,0.0,-1.0,1.0,0.0,5,130.22364926775242,-0.093353558,-0.0,-65.84367949592635,-1.0,0.0,0.0,112.66937583577084,
370,136.737,-5.50928,-0.043483,0.138485,139.858,149.857,0.0,-1.0,1.0,0.0,5,133.635820431403,-0.094680117225,-0.0,-55.49903843030033,-1.0,0.0,0.0,118.66638070660291,
371,137.065,-1.35953,-0.00242159,0.13867,140.695,150.694,0.0,-0.3958791494369507,1.0,0.0,5,136.89864066441498,-0.09503401774999999,-0.6041208505630493,-40.54277043602856,-1.0,0.0,8.0,133.48667778248893,
372,137.292,2.52626,0.037704,0.137228,141.533,151.532,0.0,-0.37104713916778564,1.0,0.0,5,134.60680938853835,-0.09420153288000001,-0.02483201026916504,-47.93147180102392,-1.0,0.0,0.0,121.52229030232164,
373,137.531,6.20395,0.0733156,0.134188,142.373,152.373,0.0,0.09987273812294006,1.0,0.0,5,132.12447025208758,-0.09227504914000001,-0.4709198772907257,-55.393651613288625,-1.0,0.0,0.0,117.04250633643821,
374,137.844,8.57332,0.0974104,0.130056,143.216,153.215,0.0,0.0066741108894348145,1.0,0.0,5,130.48742373676674,-0.08963719632,-0.09319862723350525,-61.25419388978713,-1.0,0.0,0.0,114.05627847982988,
375,138.215,9.7917,0.109775,0.124851,144.061,154.06,0.0,1.0,1.0,0.0,5,129.81200400493196,-0.086281404825,-0.9933258891105652,-64.45276576051944,-1.0,0.0,0.0,112.31453339324392,
376,138.704,9.11532,0.104054,0.119279,144.908,154.907,0.0,1.0,1.0,0.0,5,130.7504490008383,-0.08272237208,-0.0,-63.93648833885135,-1.0,0.0,0.0,113.68360454404545,
377,139.225,6.59422,0.0822405,0.113775,145.758,155.758,0.0,1.0,1.0,0.0,5,133.03592565617566,-0.079201621875,-0.0,-60.21076330812275,-1.0,0.0,0.0,116.90403320726998,
378,139.598,3.39866,0.0512466,0.108984,146.611,156.61,0.0,1.0,1.0,0.0,5,135.8393370070704,-0.07606974216000001,-0.0,-55.42785802554448,-1.0,0.0,0.0,120.90630275852429,
379,139.846,0.214082,0.017349,0.105555,147.464,157.464,0.0,0.6908905506134033,1.0,0.0,5,138.61192128437355,-0.07380722265,-0.3091094493865967,-50.783523052634564,-1.0,0.0,0.0,124.74950046374892,
380,140.005,-2.77672,-0.0167655,0.103834,148.32,158.319,0.0,0.9180772304534912,1.0,0.0,5,138.81175208523976,-0.07268639585,-0.2271866798400879,-46.56390411601542,-1.0,0.0,0.0,126.02993365643387,
381,140.088,-5.57547,-0.0502798,0.104015,149.176,159.175,0.0,-0.7087680101394653,1.0,0.0,5,136.39064737333422,-0.0728562666,-1.6268452405929565,-42.74861845275572,-1.0,0.0,0.0,124.14258292136739,
382,140.133,-8.19405,-0.0823096,0.106157,150.033,160.032,0.0,-1.0,1.0,0.0,5,133.8979406406342,-0.07438049440500001,-0.29123198986053467,-68.6970090710572,-1.0,0.0,0.0,115.56193828150674,
383,140.27,-10.8213,-0.108398,0.109957,150.892,160.891,0.0,-1.0,1.0,0.0,5,131.8590974062999,-0.07711834195,-0.0,-74.4063954827858,-1.0,0.0,0.0,112.18038019365343,
384,140.586,-11.9977,-0.117298,0.114435,151.752,161.751,0.0,-1.0,1.0,0.0,5,131.39362572255385,-0.08043979455,-0.0,-76.45231462328086,-1.0,0.0,0.0,111.20010727218364,
385,141.095,-10.6416,-0.106546,0.11915,152.615,162.615,0.0,-1.0,1.0,0.0,5,132.79255795146113,-0.08405734625,-0.0,-75.23292593608974,-1.0,0.0,0.0,112.9002691211887,
386,141.655,-7.3624,-0.0796219,0.123782,153.481,163.48,0.0,-1.0,1.0,0.0,5,135.57275246926315,-0.08767169605,-0.0,-68.94193102337105,-1.0,0.0,0.0,117.24959801737039,
387,142.045,-3.52139,-0.0441904,0.127651,154.348,164.347,0.0,-1.0,1.0,0.0,5,138.76883913041223,-0.09066093147499998,-0.0,-48.861774041676355,-1.0,0.0,0.0,125.46273468851815,
388,142.281,0.182967,-0.00673109,0.130079,155.217,165.216,0.0,-0.6291186809539795,1.0,0.0,5,141.79892731659405,-0.092538850995,-0.3708813190460205,-54.33679950900685,-1.0,0.0,0.0,127.01092419263352,
389,142.437,3.65514,0.0297365,0.130758,156.087,166.086,0.0,0.676588773727417,1.0,0.0,5,140.2565521834768,-0.09312388623000002,-1.3057074546813965,-59.691452687772994,-1.0,0.0,0.0,123.84885288889913,
390,142.401,6.82121,0.0597287,0.129879,156.958,166.957,0.0,-0.004793494939804077,0.0,0.0,5,137.89688131859728,-0.09247449739500001,-0.6813822686672211,-64.02556507297712,-1.0,0.0,0.0,120.59360087235785,
391,142.368,8.42708,0.0752398,0.128007,157.829,167.828,0.0,0.14150464534759521,1.0,0.0,5,136.6143974209424,-0.09112050288000001,-0.1462981402873993,-66.44782086427878,-1.0,0.0,0.0,118.86743225990648,
392,142.87,8.37686,0.0750979,0.125553,158.702,168.701,0.0,0.9528008103370667,1.0,0.0,5,137.10774028125874,-0.08968878555,-0.8112961649894714,-67.40411896757583,-1.0,0.0,0.0,118.92363290431793,
393,143.51,6.44724,0.0595234,0.123073,159.579,169.578,0.0,0.3923400640487671,1.0,0.0,5,138.98726466315486,-0.08831103115000001,-0.5604607462882996,-66.63372537642057,-1.0,0.0,0.0,121.07238406401322,
394,144.087,3.71186,0.034113,0.121025,160.458,170.457,0.0,1.0,1.0,0.0,5,141.54602805238304,-0.08719064587499999,-0.6076599359512329,-64.70421093335155,-1.0,0.0,0.0,124.10048669238478,
395,144.509,0.769849,0.00389816,0.120157,161.34,171.339,0.0,0.4370783567428589,1.0,0.0,5,144.22624315881026,-0.086818839565,-0.5629216432571411,-62.16005465156215,-1.0,0.0,0.0,127.43053416337756,
396,144.858,-1.96845,-0.0267821,0.120878,162.225,172.224,0.0,0.7229218482971191,1.0,0.0,5,142.866482336161,-0.08755072662,-0.28584349155426025,-59.60013232786079,-1.0,0.0,0.0,126.7931454801095,
397,145.125,-4.52064,-0.0570463,0.123442,163.111,173.11,0.0,0.04448975622653961,1.0,0.0,5,140.75174794506228,-0.08957260125,-0.6784320920705795,-57.10853790341264,-1.0,0.0,0.0,125.18151124033793,
398,145.329,-6.9713,-0.0841208,0.127834,163.999,173.998,0.0,-0.28042978048324585,1.0,0.0,5,138.70971737243454,-0.09288993693000001,-0.32491953670978546,-54.99784922685862,-1.0,0.0,0.0,123.76988926777696,
399,145.66,-8.74909,-0.0978169,0.133212,164.889,174.888,0.0,-0.6818407773971558,1.0,0.0,5,137.85105770926745,-0.0970182996,-0.4014109969139099,-54.53044826182892,-1.0,0.0,0.0,123.00100404513606,
400,146.13,-8.12477,-0.0926011,0.138862,165.781,175.78,0.0,-0.44414222240448,1.0,0.0,5,138.7476838940487,-0.10145952030000001,-0.23769855499267578,-56.24743661866334,-1.0,0.0,0.0,123.51305565258504,
401,146.718,-5.7443,-0.0723077,0.144413,166.677,176.676,0.0,-1.0,1.0,0.0,5,141.0348171357337,-0.10593993267,-0.55585777759552,-59.68084931134291,-1.0,0.0,0.0,124.84190754194931,
402,147.158,-2.65965,-0.0428697,0.149146,167.575,177.574,0.0,-0.8713548183441162,1.0,0.0,5,143.86945282563366,-0.10974013533999999,-0.1286451816558838,-63.91137844693034,-1.0,0.0,0.0,126.7432745240643,
403,147.406,0.475859,-0.010488,0.152414,168.475,178.474,0.0,1.0,1.0,0.0,5,146.62490998840298,-0.11233369042,-1.8713548183441162,-68.20009112951232,-1.0,0.0,0.0,127.90114707010167,
404,147.612,3.50395,0.0209088,0.153977,169.377,179.376,0.0,-0.19681182503700256,1.0,0.0,5,146.03665236865012,-0.11364426461999999,-1.1968118250370026,-72.24531239864658,-1.0,0.0,0.0,126.50263645685737,
405,147.93,6.26784,0.0444748,0.154186,170.28,180.279,0.0,0.7897488474845886,1.0,0.0,5,144.4952265441078,-0.1140436749,-0.9865606725215912,-75.50952775630361,-1.0,0.0,0.0,124.20783272837544,
406,148.331,7.18309,0.0498616,0.153964,171.187,181.186,0.0,1.0,1.0,0.0,5,144.45017111286057,-0.11418817041999998,-0.21025115251541138,-77.04796976138009,-1.0,0.0,0.0,124.01091515634094,
407,148.854,5.83191,0.0373639,0.153799,172.096,182.095,0.0,1.0,1.0,0.0,5,145.96987147035713,-0.11446798173000002,-0.0,-77.03903777067067,-1.0,0.0,0.0,125.59564404595946,
408,149.278,3.27219,0.01315,0.154262,173.007,183.007,0.0,1.0,1.0,0.0,5,148.2836188605871,-0.11513961418,-0.0,-75.85966986371864,-1.0,0.0,0.0,128.20356178047743,
409,149.501,0.452539,-0.015909,0.156011,173.92,183.92,0.0,1.0,1.0,0.0,5,148.2929257842614,-0.11661900255500002,-0.0,-74.0315889780502,-1.0,0.0,0.0,128.66840953719384,
410,149.635,-2.28985,-0.046166,0.159451,174.834,184.833,0.0,0.21792751550674438,1.0,0.0,5,146.02277190575623,-0.119297251925,-0.7820724844932556,-72.00214097754738,-1.0,0.0,0.0,126.66831766409643,
411,149.417,-4.76862,-0.0757494,0.164814,175.748,185.747,0.0,-0.5529961585998535,0.0,0.0,5,143.3348160664972,-0.12313006719,-0.7709236741065979,-69.68785852713577,-1.0,0.0,0.0,124.55844426529129,
412,149.479,-7.34852,-0.100502,0.171929,176.661,186.66,0.0,-0.48869964480400085,1.0,0.0,5,141.22588704483204,-0.128498874955,-0.06429651379585266,-68.12793854410995,-1.0,0.0,0.0,123.0461145797108,
413,149.89,-8.67805,-0.108948,0.179669,177.576,187.575,0.0,-1.0,1.0,0.0,5,140.8523427989768,-0.13465293204999998,-0.5113003551959991,-68.5063751114513,-1.0,0.0,0.0,122.4377059825052,
414,150.372,-7.41908,-0.0981655,0.187483,178.493,188.493,0.0,-1.0,1.0,0.0,5,142.27923128719368,-0.14096096838000002,-0.0,-70.80213635804068,-1.0,0.0,0.0,123.43773622930351,
415,150.865,-4.54825,-0.0732213,0.194902,179.414,189.413,0.0,-1.0,1.0,0.0,5,144.94242829213874,-0.14701945115,-0.0,-74.39128686927776,-1.0,0.0,0.0,125.19758712366931,
416,151.211,-1.2627,-0.0419621,0.201209,180.336,190.335,0.0,-0.009714901447296143,1.0,0.0,5,147.9062574385156,-0.15212507049500001,-0.9902850985527039,-78.30618534417636,-1.0,0.0,0.0,126.88050050241071,
417,151.411,1.86659,-0.00995606,0.205907,181.26,191.26,0.0,-0.4908077120780945,1.0,0.0,5,150.64977984740958,-0.15588292388500002,-0.48109281063079834,-81.99413749527426,-1.0,0.0,0.0,128.85103470651677,
418,151.591,4.75723,0.0203535,0.208784,182.186,192.186,0.0,0.4913570284843445,1.0,0.0,5,150.0170044672382,-0.15824887672000001,-0.982164740562439,-85.36328374766349,-1.0,0.0,0.0,127.22328523143361,
419,151.88,7.40342,0.0407,0.210397,183.114,193.114,0.0,1.0,1.0,0.0,5,148.66431874407758,-0.15977548179999998,-0.5086429715156555,-87.94555857755539,-1.0,0.0,0.0,125.36556072643401,
420,152.236,7.79963,0.0417069,0.211631,183.96,193.96,0.0,1.0,1.0,0.0,5,148.92988902639195,-0.16108928458,-0.0,-89.0643481298771,-1.0,0.0,0.0,125.50271270934269,
421,152.698,6.17632,0.0368791,0.21236,184.821,194.82,0.0,1.0,1.0,0.0,5,149.77912773951633,-0.1621347364,-0.0,-89.19123815529562,-1.0,0.0,0.0,126.31918346429242,
422,153.087,3.50875,0.0224562,0.212308,185.683,195.682,0.0,1.0,1.0,0.0,5,151.3296705133026,-0.16250797398,-0.0,-88.52097797602828,-1.0,0.0,0.0,128.03691804531553,
423,153.285,0.754432,0.00433263,0.212013,186.547,196.546,0.0,1.0,1.0,0.0,5,152.95149873768074,-0.162492063525,-0.0,-87.35343548041651,-1.0,0.0,0.0,129.9506478040516,
424,153.345,-1.85257,-0.0149824,0.211922,187.412,197.411,0.0,1.0,1.0,0.0,5,152.17909438093957,-0.16248589545,-0.0,-85.90895029363004,-1.0,0.0,0.0,129.53937091208206,
425,153.331,-4.39421,-0.0344157,0.212205,188.277,198.276,0.0,1.0,1.0,0.0,5,150.60222722434358,-0.162688024275,-0.0,-84.3299565296292,-1.0,0.0,0.0,128.35705006766128,
426,153.265,-6.86347,-0.0534438,0.212911,189.142,199.141,0.0,0.8433486223220825,1.0,0.0,5,148.9525886547309,-0.16315902207499997,-0.15665137767791748,-82.67827036899922,-1.0,0.0,0.0,127.07286662710271,
427,153.215,-9.00636,-0.0711112,0.214105,190.007,200.006,0.0,1.0,1.0,0.0,5,147.38471306872057,-0.164020487875,-0.15665137767791748,-80.97430232895034,-1.0,0.0,10.0,135.93012158530462,
428,153.116,-10.7519,-0.0866407,0.215902,190.873,200.872,0.0,0.7580514550209045,1.0,0.0,5,145.9169250736078,-0.16529025316,-0.24194854497909546,-79.17145861931391,-1.0,0.0,0.0,124.8861856021256,
429,152.893,-12.2369,-0.100317,0.218292,191.738,201.737,0.0,0.993546724319458,0.6498961448669434,0.0,5,144.4682981884259,-0.16687659378000003,-0.23549526929855347,-77.18203381939972,-1.0,0.0,0.0,123.93526455900641,
430,152.63,-13.5056,-0.112263,0.22124,192.603,202.602,0.0,0.8018690943717957,1.0,0.0,5,143.11984670509753,-0.168839306,-0.19167762994766235,-75.09114780318191,-1.0,0.0,0.0,123.12071715931776,
431,152.477,-14.5816,-0.122857,0.224692,193.467,203.466,0.0,1.0,1.0,0.0,5,141.98482618598106,-0.17130181042000003,-0.19813090562820435,-73.01289489587138,-1.0,0.0,0.0,122.50086137990475,
432,152.378,-15.3745,-0.13161,0.228672,194.331,204.33,0.0,-0.09631547331809998,1.0,0.0,5,141.06190739655483,-0.17422291008,-1.0963154733181,-70.97270287505854,-1.0,0.0,0.0,121.81561412571477,
433,152.297,-15.9703,-0.138704,0.233157,195.195,205.194,0.0,-0.031618326902389526,1.0,0.0,5,140.3060744264279,-0.177545558145,-0.06469714641571045,-68.93663531749635,-1.0,0.0,0.0,121.8749608949841,
434,152.273,-16.3723,-0.144352,0.238094,196.06,206.059,0.0,1.0,1.0,0.0,5,139.7369317993012,-0.18127643830999998,-1.0316183269023895,-66.93629277503145,-1.0,0.0,0.0,121.51209666916262,
435,152.28,-16.5989,-0.148833,0.243481,196.924,206.923,0.0,0.9738757610321045,1.0,0.0,5,139.30615992764123,-0.18538643340000002,-0.026124238967895508,-64.91579680441194,-1.0,0.0,0.0,121.8839870214479,
436,152.317,-16.6357,-0.152029,0.249308,197.789,207.789,0.0,0.48957201838493347,1.0,0.0,5,139.02639934392232,-0.18986923318,-0.484303742647171,-62.91997991543566,-1.0,0.0,0.0,121.96124400908926,
437,152.379,-16.4947,-0.153669,0.255557,198.655,208.654,0.0,-0.12911716103553772,1.0,0.0,5,138.92144681521717,-0.19470760051499997,-0.6186891794204712,-61.04291731632014,-1.0,0.0,0.0,122.280403131796,
438,152.465,-16.1664,-0.153547,0.262166,199.521,209.52,0.0,-0.36460500955581665,1.0,0.0,5,139.01188846685858,-0.19985569595000002,-0.23548784852027893,-59.39573547083333,-1.0,0.0,0.0,122.89245254864417,
439,152.686,-15.5162,-0.15143,0.269091,200.388,210.388,0.0,1.0,1.0,0.0,5,139.4222297187412,-0.20543214213000002,-1.3646050095558167,-58.22938138595052,-1.0,0.0,0.0,123.2500707272568,
440,152.93,-14.7038,-0.148483,0.276384,201.257,211.256,0.0,0.5241822004318237,1.0,0.0,5,139.9351769982751,-0.21133702560000003,-0.47581779956817627,-57.16398515130747,-1.0,0.0,0.0,124.29009834497778,
441,153.198,-13.8786,-0.144877,0.284007,202.127,212.126,0.0,0.055093854665756226,1.0,0.0,5,140.53439460846892,-0.21754652193000001,-0.4690883457660675,-56.17319492418446,-1.0,0.0,0.0,125.132822851763,
442,153.48,-12.9853,-0.139527,0.291866,202.998,212.997,0.0,-1.0,1.0,0.0,5,141.3158698336895,-0.2239779684,-1.0550938546657562,-55.6292156393215,-1.0,0.0,0.0,125.86805979905941,
443,153.874,-12.079,-0.126572,0.299404,203.871,213.87,0.0,-0.8152856826782227,1.0,0.0,5,142.93098828310292,-0.23035245548,-0.18471431732177734,-57.631830448394396,-1.0,0.0,0.0,127.23726392032779,
444,154.439,-9.33545,-0.101579,0.305955,204.747,214.746,0.0,0.2018616497516632,1.0,0.0,5,145.81251412485702,-0.23625692122499997,-1.0171473324298859,-63.24847417631588,-1.0,0.0,0.0,128.45899445982408,
445,155.079,-6.33007,-0.072408,0.311583,205.626,215.625,0.0,-0.6051244735717773,1.0,0.0,5,149.06306895276285,-0.24159990028500003,-0.8069861233234406,-69.28697239836328,-1.0,0.0,0.0,130.25763011588998,
446,155.715,-3.06812,-0.0381797,0.315481,206.509,216.508,0.0,0.1601163148880005,1.0,0.0,5,152.6296678627958,-0.245625619575,-0.7652407884597778,-75.55032947738138,-1.0,0.0,0.0,132.2668876373375,
447,156.333,0.0921155,-0.00926799,0.317773,207.396,217.395,0.0,0.4329962134361267,1.0,0.0,5,155.6018499173725,-0.24839203204500004,-0.2728798985481262,-80.05423755592255,-1.0,0.0,0.0,134.25803452678244,
448,156.862,1.7253,0.00800321,0.318815,208.285,218.284,0.0,1.0,1.0,0.0,5,156.2292833510966,-0.25004979265,-0.5670037865638733,-82.26686879158935,-1.0,0.0,0.0,134.2424152245801,
449,157.233,1.87556,0.0145621,0.318817,209.178,219.177,0.0,1.0,1.0,0.0,5,156.0715484175603,-0.25064276680500003,-0.0,-82.59242122410893,-1.0,0.0,0.0,134.1728003447281,
450,157.538,1.0373,0.0142327,0.317927,210.072,220.071,0.0,1.0,1.0,0.0,5,156.4009863560942,-0.25042791863,-0.0,-81.68508970645885,-1.0,0.0,0.0,134.72928601084948,
451,157.775,-0.156312,0.00998521,0.316385,210.968,220.967,0.0,0.9588313698768616,1.0,0.0,5,156.979439468743,-0.24958821687500002,-0.04116863012313843,-79.85368584270412,-1.0,0.0,0.0,135.75407920215503,
452,157.943,-1.45068,0.00340116,0.314454,211.865,221.864,0.0,1.0,1.0,0.0,5,157.67349227821254,-0.24832904061000002,-0.04116863012313843,-77.17016298160627,-1.0,0.0,0.0,137.12027190316402,
453,157.951,-3.11382,-0.00576133,0.312289,212.762,222.761,0.0,1.0,1.0,0.0,5,157.49337717926403,-0.24663179919499997,-0.0,-73.20440360816842,-1.0,0.0,0.0,137.94564447802694,
454,158.075,-5.02918,-0.0160158,0.30986,213.659,223.658,0.0,0.3658240735530853,1.0,0.0,5,156.78893217533897,-0.2449055975,-0.6341759264469147,-68.1809824014968,-1.0,0.0,0.0,138.3085281995307,
455,158.196,-6.67142,-0.0252371,0.307238,214.557,224.556,0.0,-0.2866781949996948,1.0,0.0,5,156.1496320286812,-0.24301911324,-0.6525022685527802,-62.230131067342484,-1.0,0.0,0.0,139.15332946803977,
456,158.309,-7.98039,-0.0323047,0.304494,215.456,225.455,0.0,0.07825808227062225,1.0,0.0,5,155.66978440697298,-0.24102070323,-0.3649362772703171,-55.586897217784724,-1.0,0.0,0.0,140.4225585161157,
457,158.43,-9.40635,-0.0344138,0.30132,216.356,226.355,0.0,-0.5788003206253052,1.0,0.0,5,155.61064306118183,-0.23869063799999998,-0.6570584028959274,-49.87549019041171,-1.0,0.0,0.0,141.70596235471012,
458,158.572,-9.52754,-0.0251554,0.296899,217.257,227.256,0.0,-0.5627264380455017,0.0,0.0,5,156.52757022594398,-0.23539934114000002,-0.016073882579803467,-49.897969983624876,-1.0,0.0,0.0,142.8128562241238,
459,158.847,-7.7149,-0.0041256,0.291214,218.157,228.157,0.0,-0.0003656744956970215,1.0,0.0,5,158.51797950617035,-0.23129235128999998,-0.5623607635498047,-56.17846148892545,-1.0,0.0,0.0,143.07336355358404,
460,159.092,-4.66851,0.0200518,0.284517,219.059,229.058,0.0,0.435942143201828,0.0,0.0,5,157.465084041494,-0.22632189282000004,-0.436307817697525,-62.86868473805325,-1.0,0.0,0.0,140.39069861885142,
461,159.145,-2.65003,0.0407535,0.27696,219.959,229.958,0.0,-0.7398644089698792,1.0,0.0,5,155.77090017717774,-0.220383996,-1.1758065521717072,-67.1630626427123,-1.0,0.0,0.0,137.40700855484812,
462,159.633,-0.874752,0.0616401,0.267832,220.86,230.859,0.0,0.5780853033065796,1.0,0.0,5,154.41305095579537,-0.21377412828,-1.3179497122764587,-71.49187679408664,-1.0,0.0,0.0,134.93092271531077,
463,160.172,0.424807,0.075422,0.257529,221.762,231.761,0.0,0.9699281454086304,1.0,0.0,5,153.68212717454847,-0.20624467494,-0.3918428421020508,-73.52693089621314,-1.0,0.0,0.0,133.97659692292459,
464,160.671,0.542069,0.0712641,0.247088,222.651,232.651,0.0,0.043898582458496094,1.0,0.0,5,154.5429905206085,-0.19849938024,-0.9260295629501343,-73.13283003969067,-1.0,0.0,0.0,134.78347476156077,
465,161.159,0.0609467,0.0622205,0.237283,223.544,233.543,0.0,1.0,1.0,0.0,5,155.8366834986359,-0.191201454985,-0.9561014175415039,-71.04746910633466,-1.0,0.0,0.0,136.59678434180478,
466,161.612,-0.998972,0.0485783,0.228443,224.439,234.438,0.0,-0.2827887535095215,1.0,0.0,5,157.49747296701804,-0.18459565058,-1.2827887535095215,-66.81784828165821,-1.0,0.0,0.0,139.22357861997062,
467,161.752,-2.23128,0.0364785,0.220406,225.336,235.335,0.0,0.060759007930755615,0.2472238540649414,0.0,5,158.69481087407135,-0.17825555656,-0.3435477614402771,-62.05814061036659,-1.0,0.0,0.0,141.89895583648763,
468,162.045,-3.06787,0.0309374,0.212907,226.234,236.234,0.0,-0.1341153234243393,1.0,0.0,5,159.4612320570049,-0.172502574075,-0.1948743313550949,-59.97119141033288,-1.0,0.0,0.0,143.23746933094017,
469,162.622,-2.55402,0.03251,0.205554,227.136,237.135,0.0,-0.05386091768741608,1.0,0.0,5,159.8931149686359,-0.16713801294000002,-0.08025440573692322,-61.64044920976903,-1.0,0.0,0.0,143.29178833153256,
470,163.052,-2.07113,0.0388002,0.198204,228.039,238.038,0.0,-0.7166122794151306,1.0,0.10936093330383301,5,159.76685014752817,-0.16158779303999998,-0.6627513617277145,-65.3265314669712,-1.0,0.0,0.0,142.07480407922705,
471,163.319,-0.789778,0.0511734,0.190169,228.945,238.944,0.0,1.0,1.0,0.0,5,158.9282329025027,-0.155291054555,-1.7166122794151306,-71.01458190422301,-1.0,0.0,0.0,139.50431268806744,
472,163.773,0.849825,0.0580847,0.181988,229.852,239.851,0.0,0.34541982412338257,1.0,0.0,5,158.74312762614483,-0.14902360362,-0.6545801758766174,-74.29338444427691,-1.0,0.0,0.0,138.8243838586926,
473,164.254,1.18677,0.0542929,0.174371,230.762,240.761,0.0,1.0,1.0,0.0,5,159.55524942635913,-0.14320567117,-0.6545801758766174,-73.71815516492929,-1.0,0.0,0.0,139.78613091119382,
474,163.564,0.455663,0.0426913,0.167629,231.673,241.672,0.0,0.8398446440696716,0.0,0.6966798305511475,5,159.9246516306426,-0.13709034878,-0.16015535593032837,-68.76962041977382,-1.0,0.0,0.0,141.54710957014004,
475,162.372,-0.817958,0.0268033,0.162024,232.577,242.576,0.0,-0.05364668369293213,0.0,0.0,5,160.13788592705336,-0.13154080464000004,-0.8934913277626038,-60.35400158795511,-1.0,0.0,0.0,143.64979732709583,
476,161.448,-2.3085,0.00868648,0.157721,233.476,243.475,0.0,0.1711798459291458,0.0,0.0,5,160.74071042085035,-0.12731870004,-0.22482652962207794,-52.3027389943109,-1.0,0.0,0.0,146.470259013346,
477,161.375,-4.23825,-0.00591171,0.154423,234.372,244.371,0.0,-1.0,0.821854829788208,0.0,5,160.89518179380357,-0.12460005812500001,-1.1711798459291458,-63.10481734015143,-1.0,0.0,0.0,143.64302344686197,
478,161.802,-4.87546,-0.00650042,0.151122,235.27,245.269,0.0,-1.0,1.0,0.0,5,161.27269472824997,-0.12225920922000001,-0.0,-63.72000165167921,-1.0,0.0,0.0,144.22043510611016,
479,162.227,-3.69535,0.00616908,0.147358,236.17,246.169,0.0,-1.0,1.0,0.0,5,161.7235205322528,-0.11952723133,-0.0,-54.603322307774675,-1.0,0.0,0.0,146.95316272397912,
480,162.588,-1.56862,0.0267746,0.14271,237.072,247.072,0.0,-0.33046311140060425,1.0,0.0,5,160.3533712232057,-0.11601466740000001,-0.6695368885993958,-61.40643646197199,-1.0,0.0,0.0,143.68488637373287,
481,162.872,0.762474,0.0503456,0.136823,237.976,247.975,0.0,-1.0,1.0,0.0,5,158.5674169472902,-0.11142317828000001,-0.6695368885993958,-72.35118692366933,-1.0,0.0,0.0,139.16733597151307,
482,163.037,2.96214,0.0742118,0.129436,238.88,248.88,0.0,0.21773076057434082,1.0,0.0,5,156.54416853863842,-0.10551428566,-1.2177307605743408,-80.58136829421535,-1.0,0.0,0.0,134.92799295125226,
483,163.17,4.95589,0.0968034,0.120422,239.785,249.785,0.0,1.0,1.0,0.0,5,154.5206957018149,-0.0982462887,-0.7822692394256592,-86.769853403282,-1.0,0.0,0.0,131.4953052904667,
484,163.354,6.8719,0.113931,0.110066,240.691,250.69,0.0,0.22948110103607178,0.902357816696167,0.0,5,153.00953262594388,-0.08989860682,-0.7705188989639282,-90.90231678973912,-1.0,0.0,0.0,128.96289915199995,
485,163.734,7.39535,0.116449,0.099228,241.598,251.597,0.0,1.0,1.0,0.0,5,153.11330818189703,-0.08123498676,-0.7705188989639282,-92.12033649924061,-1.0,0.0,0.0,128.7708334006377,
486,164.196,5.89537,0.104117,0.0884488,242.508,252.507,0.0,0.8856572508811951,1.0,0.0,5,154.77447033164648,-0.072614695824,-0.11434274911880493,-90.47877813156549,-1.0,0.0,0.0,131.04785827819546,
487,163.989,3.17526,0.0824457,0.0781901,243.418,253.417,0.0,0.4726262092590332,1.0,0.6894263029098511,5,156.67953679083382,-0.0641115815445,-0.41303104162216187,-85.61843409672225,-1.0,0.0,0.0,134.0869073726221,
488,162.845,0.408752,0.0597476,0.0687908,244.324,254.323,0.0,1.0,0.9537005424499512,1.0,5,157.69252128920016,-0.05601118913,-0.5273737907409668,-78.30263665475161,-1.0,0.0,0.0,136.90263879915997,
489,161.866,-1.788,0.038657,0.0604781,245.224,255.223,0.0,1.0,1.0,0.0,5,158.61722390567428,-0.048946740673000005,-0.0,-69.8680174134237,-1.0,0.0,0.0,140.10127281164537,
490,161.38,-3.64299,0.0176853,0.0534867,246.121,256.12,0.0,1.0,1.0,0.0,5,159.9278107900398,-0.043158418229999995,-0.0,-59.321710772715775,-1.0,0.0,0.0,144.05422467863087,
491,161.027,-5.43337,-0.00403309,0.0480098,247.016,257.015,0.0,0.007412086706608534,1.0,0.0,5,160.70097307266863,-0.038654370322999995,-0.9925879132933915,-55.44104638873597,-1.0,0.0,0.0,145.5042807311736,
492,160.487,-7.05858,-0.0256276,0.0441865,247.909,257.909,0.0,-0.9130367636680603,0.0,0.0,5,158.3780778249873,-0.035456794127499996,-0.9204488503746688,-67.3963087360503,-1.0,0.0,0.0,140.21740919173482,
493,160.08,-8.57674,-0.0453189,0.0420447,248.801,258.8,0.0,-1.0,1.0,0.0,5,156.28955851635027,-0.03365257788,-0.0869632363319397,-75.19885014916446,-1.0,0.0,0.0,136.43010443027958,
494,160.251,-9.90916,-0.055601,0.0409292,249.692,259.691,0.0,-0.9391549229621887,1.0,0.0,5,155.5505952992121,-0.032794726146,-0.06084507703781128,-78.85959013384768,-1.0,0.0,0.0,134.78464951649283,
495,160.703,-8.93448,-0.0507874,0.0401823,250.585,260.584,0.0,-0.2736348807811737,1.0,0.0,5,156.41669943028907,-0.032287080784499995,-0.665520042181015,-77.67904201195898,-1.0,0.0,0.0,135.7649958338605,
496,161.293,-6.58385,-0.0345843,0.0396501,251.48,261.479,0.0,-0.4734979569911957,1.0,0.0,5,158.40800365999596,-0.031976417896500006,-0.19986307621002197,-72.06083539552569,-1.0,0.0,0.0,139.30085947035502,
497,161.875,-3.49917,-0.0102088,0.0386938,252.379,262.378,0.0,-0.4990498125553131,1.0,0.0,5,161.04030440185417,-0.031317794375000006,-0.02555185556411743,-59.94201024692741,-1.0,0.0,0.0,145.01581848907807,
498,162.321,-0.402566,0.0171292,0.0367223,253.28,263.279,0.0,-1.0,1.0,0.0,5,160.90704086720802,-0.0298040022915,-0.5009501874446869,-60.755549181328405,-1.0,0.0,0.0,144.538064513351,
499,162.586,2.51196,0.0449131,0.0333982,254.182,264.181,0.0,-0.2975974977016449,1.0,0.0,5,158.77215115366593,-0.027150398726000002,-0.7024025022983551,-74.27072838744141,-1.0,0.0,0.0,138.96659790739005,
500,162.737,5.13926,0.0713127,0.0284907,255.086,265.085,0.0,-0.2398335337638855,1.0,0.0,5,156.52568524638687,-0.0231824552295,-0.0577639639377594,-83.2538697143853,-1.0,0.0,0.0,134.67170617337973,
501,162.923,7.5752,0.093389,0.0221293,255.99,265.989,0.0,1.0,1.0,0.0,5,154.61649476016999,-0.0180268597195,-1.2398335337638855,-89.19855086675791,-1.0,0.0,0.0,130.92688012363183,
502,163.287,8.93796,0.101935,0.0150999,256.897,266.896,0.0,0.5455684065818787,1.0,0.0,5,154.1314724658512,-0.0123280868565,-0.45443159341812134,-91.65061818182049,-1.0,0.0,0.0,130.07016035551413,
503,163.773,7.95518,0.0939327,0.00794848,257.806,267.804,0.0,1.0,1.0,0.0,5,155.3705039139564,-0.0065087320752000005,-0.45443159341812134,-90.68236038041533,-1.0,0.0,0.0,131.55707560875197,
504,164.14,5.23426,0.0729637,0.0010465,258.716,268.715,0.0,1.0,0.7383613586425781,0.0,5,157.7204585134447,-0.0008588625499999999,-0.0,-86.17610066190889,-1.0,0.0,0.0,135.17557448541748,
505,164.448,1.96771,0.0453963,-0.00500735,259.629,269.628,0.0,0.41427677869796753,1.0,0.0,5,160.54719645922378,-0.004117243464,-0.5857232213020325,-77.97045146860373,-1.0,0.0,0.0,139.87474938221823,
506,164.363,-1.20135,0.0157497,-0.00972009,260.542,270.541,0.0,1.0,0.007122039794921875,0.0,5,163.0483345890162,-0.00798811576335,-0.5857232213020325,-64.30357765507537,-1.0,0.0,0.0,145.7887350930934,
507,164.322,-4.30188,-0.0144486,-0.0127338,261.455,271.454,0.0,-0.153589129447937,1.0,0.0,5,163.11777807919705,-0.010462217418,-1.153589129447937,-62.35814758160616,-1.0,0.0,0.0,146.17170222754314,
508,164.373,-7.36107,-0.0446138,-0.0140175,262.368,272.367,0.0,-0.8116492629051208,1.0,0.0,5,160.54400799936948,-0.0115204926375,-0.6580601334571838,-76.77595895408338,-1.0,0.0,0.0,140.141079728174,
509,164.387,-10.2514,-0.0725272,-0.0135528,263.283,273.282,0.0,0.052793025970458984,1.0,0.0,5,157.9987961202354,-0.011139520667999999,-0.8644422888755798,-85.81824285060887,-1.0,0.0,0.0,135.27376320025252,
510,164.524,-12.6867,-0.0921186,-0.0117632,264.199,274.198,0.0,-0.5620469450950623,1.0,0.0,5,156.25928421185463,-0.009676643584,-0.6148399710655212,-90.88964932044284,-1.0,0.0,0.0,132.34274324684029,
511,164.88,-12.5826,-0.0989773,-0.00904854,265.116,275.115,0.0,-0.02607429027557373,1.0,0.0,5,155.9266627648098,-0.007459616376000001,-0.5359726548194885,-92.8404108840146,-1.0,0.0,0.0,131.5483086309843,
512,165.305,-11.7145,-0.099529,-0.00492565,266.036,276.035,0.0,-1.0,1.0,0.0,5,156.2741724798684,-0.00407117286625,-0.9739257097244263,-93.5288479716278,-1.0,0.0,0.0,131.5957116011779,
513,165.878,-9.58414,-0.0860401,-0.000303904,266.957,276.956,0.0,-1.0,1.0,0.0,5,158.13711115772387,-0.00025205493856,-0.0,-91.25980382775256,-1.0,0.0,0.0,134.32190814584717,
514,166.534,-5.90939,-0.0606194,0.00420578,267.882,277.881,0.0,-0.1812310814857483,1.0,0.0,5,161.18360673470113,-0.0035020268326000003,-0.8187689185142517,-85.20134972964425,-1.0,0.0,0.0,138.6341365999032,
515,167.126,-1.62981,-0.0339129,0.00833702,268.809,278.808,0.0,0.35603225231170654,1.0,0.0,5,164.19658417864935,-0.006966664022600001,-0.5372633337974548,-76.15887626840123,-1.0,0.0,0.0,143.9887194473872,
516,167.661,0.962231,-0.0135537,0.0121151,269.739,279.738,0.0,-0.6365710496902466,1.0,0.0,5,166.50942167896676,-0.010156148905500002,-0.9926033020019531,-66.41804468951926,-1.0,0.0,0.0,148.59697336708086,
517,167.634,2.81539,0.00699264,0.0146372,270.67,280.669,0.0,-1.0,1.0,0.5361723899841309,5,167.0438042852121,-0.012268461924,-0.3634289503097534,-60.746058678258734,-1.0,0.0,0.0,150.73599246863049,
518,167.284,4.4117,0.0264664,0.0156198,271.601,281.6,0.0,0.5200774669647217,1.0,0.0,5,165.01197048162152,-0.013064713115999998,-1.5200774669647217,-71.74274608317096,-1.0,0.0,0.0,145.60719600762337,
519,167.088,5.88608,0.0444061,0.0150688,272.53,282.529,0.0,0.660126805305481,1.0,0.0,5,163.214642421176,-0.012589078271999999,-0.14004933834075928,-79.3662763507237,-1.0,0.0,0.0,142.31846945372087,
520,167.289,7.23238,0.0541787,0.0135492,273.459,283.458,0.0,1.0,1.0,0.0,5,162.5140021476647,-0.011333160594,-0.33987319469451904,-83.141871706754,-1.0,0.0,0.0,140.61523910197383,
521,167.791,6.3473,0.0511113,0.0116731,274.391,284.39,0.0,0.12478840351104736,1.0,0.0,5,163.28574070144242,-0.0097932056105,-0.8752115964889526,-82.66751322930904,-1.0,0.0,0.0,141.346505709558,
522,168.39,4.84207,0.0405397,0.00946601,275.325,285.324,0.0,0.5003912448883057,1.0,0.0,5,164.8393420288313,-0.0079699071195,-0.3756028413772583,-79.3978025892157,-1.0,0.0,0.0,143.86924062199472,
523,168.874,2.58878,0.0210435,0.00780312,276.262,286.261,0.0,1.0,1.0,0.0,5,167.0598913643112,-0.0065887204344,-0.49960875511169434,-70.91033326584798,-1.0,0.0,0.0,148.17583670088132,
524,168.819,-0.0129079,-0.00330907,0.00725667,277.201,287.2,0.0,1.0,0.0,0.0,5,168.53875928710852,-0.006125318863649999,-0.0,-60.46517957819853,-1.0,0.0,0.0,152.41633907369524,
525,168.854,-2.70058,-0.0295992,0.00824459,278.139,288.138,0.0,-0.7572861909866333,1.0,0.0,5,166.28143106064954,-0.0069606599993000005,-1.7572861909866333,-75.93672065971799,-1.0,0.0,0.0,145.76310437842477,
526,168.986,-5.34924,-0.0561779,0.0109005,279.077,289.076,0.0,-1.0,1.0,0.0,5,163.97527089322404,-0.009210159465,-0.2427138090133667,-86.51866828616315,-1.0,0.0,0.0,141.26357951951425,
527,169.079,-7.89066,-0.0803053,0.0152141,280.017,290.016,0.0,-1.0,1.0,0.0,5,161.75242734619476,-0.0128619240695,-0.0,-93.65195975580112,-1.0,0.0,0.0,137.32657548317496,
528,169.327,-9.71636,-0.092708,0.0204976,280.958,290.957,0.0,-1.0,1.0,0.0,5,160.76211222367033,-0.017353985576,-0.0,-97.00651327597416,-1.0,0.0,0.0,135.4931299191008,
529,169.84,-8.63371,-0.0902171,0.0263086,281.901,291.9,0.0,0.10068905353546143,1.0,0.0,5,161.49844642897037,-0.022341263120000003,-1.1006890535354614,-97.18022295657659,-1.0,0.0,0.0,135.85084271064557,
530,170.475,-6.82734,-0.0822731,0.0330532,282.846,292.845,0.0,-1.0,1.0,0.0,5,162.8935197715503,-0.028173721349999997,-1.1006890535354614,-96.21564907366883,-1.0,0.0,0.0,137.48122706572246,
531,171.045,-4.4479,-0.0640235,0.0397154,283.795,293.794,0.0,-1.0,1.0,0.0,5,165.2228523768203,-0.033965602964999994,-0.0,-92.19203302982187,-1.0,0.0,0.0,141.14087851639982,
532,171.461,-1.45638,-0.0389179,0.0454976,284.746,294.745,0.0,-1.0,1.0,0.0,5,167.99555986412028,-0.039005319968,-0.0,-84.28506754155137,-1.0,0.0,0.0,145.88528765876444,
533,170.93,1.58935,-0.0122508,0.0499512,285.698,295.697,0.0,-0.1971832513809204,1.0,1.0,5,169.87018496118614,-0.042690793080000004,-0.8028167486190796,-70.86151145340509,-1.0,0.0,0.0,150.87127128016914,
534,169.958,4.11321,0.0106255,0.0530232,286.644,296.643,0.0,0.22067248821258545,1.0,0.0,5,169.0454784809168,-0.045058585128000005,-0.41785573959350586,-63.54918833480002,-1.0,0.0,0.0,151.98776609021076,
535,169.37,6.06629,0.0291118,0.054817,287.586,297.585,0.0,0.23605428636074066,1.0,0.0,5,166.83325022292755,-0.04642177645,-0.015381798148155212,-73.30911930447442,-1.0,0.0,0.0,147.4549340809145,
536,169.434,7.42882,0.0371552,0.0559132,288.528,298.527,0.0,0.29300642013549805,1.0,0.0,5,166.17010798681073,-0.047367985644,-0.056952133774757385,-76.99450194857178,-1.0,0.0,0.0,145.85702887389135,
537,169.892,6.56513,0.029368,0.0570499,289.471,299.47,0.0,0.39279234409332275,1.0,0.0,5,167.3244055486963,-0.048461608054,-0.09978592395782471,-73.85330779732575,-1.0,0.0,0.0,147.7826812141235,
538,169.373,3.73452,0.0125409,0.0583387,290.415,300.414,0.0,-0.02470335364341736,1.0,1.0,5,168.29766408596197,-0.0494050031755,-0.4174956977367401,-63.94106555886398,-1.0,0.0,0.0,151.13774398374943,
539,168.053,1.17014,-0.000484228,0.059449,291.352,301.351,0.0,-1.0,1.0,0.852535605430603,5,168.0122923152873,-0.04995291398500001,-0.9752966463565826,-60.491356278829585,-1.0,0.0,0.0,151.54691133768793,
540,166.945,-0.246797,-0.00594717,0.0602872,292.282,302.281,0.0,-0.69117671251297,1.0,0.388204962015152,5,166.44562546245464,-0.05032323302,-0.30882328748703003,-63.37325095616083,-1.0,0.0,0.0,149.4593425041483,
541,166.355,-0.658478,-0.00336635,0.0606124,293.208,303.207,0.0,-0.8626405000686646,1.0,0.0,5,166.07405335920654,-0.05041587900999999,-0.17146378755569458,-60.99438496762653,-1.0,0.0,0.0,149.72360210202322,
542,166.057,-0.171843,0.00630134,0.0601145,294.131,304.13,0.0,-0.6363194584846497,1.0,0.0,5,165.53051586192424,-0.0499121676325,-0.2263210415840149,-56.30579772868087,-1.0,0.0,0.0,150.33625794964632,
543,165.628,0.901802,0.0201517,0.0585655,295.052,305.051,0.0,0.25256505608558655,1.0,0.25794750452041626,5,163.92564118117002,-0.048500433169999996,-0.8888845145702362,-64.73240247463715,-1.0,0.0,0.0,146.42737477496965,
544,165.191,2.28346,0.0329791,0.0560592,295.971,305.97,0.0,0.648037314414978,1.0,0.0,5,162.37774402384542,-0.046302376535999994,-0.3954722583293915,-70.8928345883654,-1.0,0.0,0.0,143.48959132271924,
545,165.421,3.23534,0.0361158,0.0533377,296.889,306.888,0.0,0.35689857602119446,1.0,0.0,5,162.3266216668532,-0.0441158783585,-0.29113873839378357,-72.64415806193875,-1.0,0.0,0.0,143.03412465149188,
546,165.823,2.62741,0.0271866,0.0510649,297.809,307.808,0.0,0.756962239742279,1.0,0.0,5,163.5079188278333,-0.0423386745635,-0.4000636637210846,-68.98924555455882,-1.0,0.0,0.0,145.09824966551378,
547,165.357,0.960054,0.0114747,0.0495934,298.73,308.729,0.0,-0.48541781306266785,1.0,1.0,5,164.39742378069562,-0.041003079219,-1.242380052804947,-59.67678046956942,-1.0,0.0,0.0,148.06451156824278,
548,164.236,-0.658224,-0.00354099,0.0489134,299.645,309.644,0.0,0.735619068145752,1.0,0.6613852977752686,5,163.94419194632547,-0.040166705812000006,-1.2210368812084198,-58.34737171537256,-1.0,0.0,0.0,147.95087124730782,
549,163.167,-1.76233,-0.0177317,0.0492122,300.554,310.553,0.0,0.9760130643844604,0.0,0.0,5,161.6948114016245,-0.040149035187,-0.2403939962387085,-66.23641040105039,-1.0,0.0,0.0,144.02344156730328,
550,162.575,-2.8161,-0.0332333,0.0507662,301.459,311.458,0.0,0.5955661535263062,1.0,0.0,5,159.78427547166137,-0.041266574825,-0.3804469108581543,-73.28330721730043,-1.0,0.0,0.0,140.30804801925382,
551,161.836,-3.97779,-0.049014,0.0536497,302.36,312.359,0.0,-1.0,1.0,0.587470531463623,5,157.67711673225568,-0.04341226424600001,-1.5955661535263062,-78.78663636607445,-1.0,0.0,0.0,136.45837553043316,
552,161.014,-4.90932,-0.0607417,0.0576501,303.256,313.255,0.0,-1.0,1.0,0.0,5,155.82993085373917,-0.04641236600700001,-0.0,-81.93090446119349,-1.0,0.0,0.0,134.30079237243382,
553,160.475,-5.29507,-0.0637967,0.0622096,304.149,314.148,0.0,-1.0,1.0,0.4081808924674988,5,155.03312650806583,-0.049915427799999995,-0.0,-82.48533914678177,-1.0,0.0,0.0,133.3618762935704,
554,160.143,-4.06785,-0.0566084,0.0668593,305.039,315.038,0.0,0.5643364191055298,1.0,0.0,5,155.35617948431735,-0.0535352443995,-1.5643364191055298,-80.17823776062359,-1.0,0.0,0.0,133.7887838740303,
555,159.331,-2.60909,-0.0469106,0.0716565,305.927,315.926,0.0,-0.4153931736946106,1.0,1.0,5,155.4199340098572,-0.0570855090075,-0.9797295928001404,-76.34113073874617,-1.0,0.0,0.0,134.98364693832312,
556,158.431,-1.26595,-0.0335788,0.0759757,306.809,316.808,0.0,-1.0,1.0,0.23855912685394287,5,155.68222848661904,-0.060184530633499995,-0.5846068263053894,-70.47967709920448,-1.0,0.0,0.0,136.82674263329278,
557,157.482,0.227223,-0.0175796,0.0794197,307.686,317.685,0.0,-0.709254264831543,1.0,0.8346930742263794,5,156.07350233727874,-0.062535865977,-0.29074573516845703,-62.02088749862591,-1.0,0.0,0.0,139.41852087609473,
558,156.592,1.62872,-0.00233608,0.0819035,308.558,318.557,0.0,-0.32103461027145386,1.0,0.0,5,156.40866716448164,-0.06412716436000002,-0.3882196545600891,-51.69243660720032,-1.0,0.0,0.0,142.30496495195354,
559,155.529,2.6994,0.0107837,0.0834369,309.425,319.424,0.0,-0.3626832664012909,1.0,1.0,5,154.68138420927244,-0.0648842881005,-0.041648656129837036,-47.70026913479876,-1.0,0.0,0.0,141.67893804063328,
560,154.516,3.32442,0.0197663,0.0840959,310.286,320.285,0.0,0.6623048186302185,1.0,0.0,5,152.9588104053848,-0.064970810422,-1.0249880850315094,-52.19209077053398,-1.0,0.0,0.0,138.53832047681988,
561,153.697,3.5035,0.0230724,0.0842011,311.142,321.141,0.0,0.982913076877594,1.0,0.58559250831604,5,151.88317059582076,-0.06470728233350001,-0.3206082582473755,-53.200743353296986,-1.0,0.0,0.0,137.42209499768882,
562,152.731,3.06201,0.018526,0.0841804,311.993,321.992,0.0,0.5958359837532043,0.0,0.0,5,151.29012481414782,-0.064284783362,-0.38707709312438965,-49.689144426645726,-1.0,0.0,0.0,137.68743079618704,
563,152.173,1.93057,0.00677598,0.0845762,312.84,322.839,0.0,-0.30337563157081604,1.0,0.09110409021377563,5,151.653949927991,-0.064351070413,-0.8992116153240204,-41.50658232959738,-1.0,0.0,0.0,139.94318979058144,
564,151.177,0.251452,-0.00558943,0.0853802,313.683,323.682,0.0,-1.0,1.0,1.0,5,150.75214406117433,-0.064537612477,-0.696624368429184,-48.755822502375025,-1.0,0.0,0.0,137.2896635125748,
565,149.701,-0.849074,-0.0121711,0.0862482,314.518,324.517,0.0,-1.0,1.0,1.0,5,148.77892167905551,-0.06455720894099999,-0.0,-51.51518432380368,-1.0,0.0,0.0,134.8355683891636,
566,148.691,-1.09856,-0.0133025,0.0870721,315.346,325.345,0.0,0.8837417364120483,1.0,0.0,5,147.6888924278283,-0.0647341881055,-1.8837417364120483,-51.21812377281566,-1.0,0.0,0.0,133.2545047755953,
567,147.244,-0.953671,-0.0113137,0.0878615,316.169,326.168,0.0,-1.0,0.0,1.0,5,146.40165704646307,-0.06468539353,-1.8837417364120483,-48.62896666329215,-1.0,0.0,0.0,132.61460746618644,
568,145.906,-0.536524,-0.00690496,0.0884449,316.982,326.981,0.0,-0.13881967961788177,1.0,0.0,5,145.39878818222482,-0.064523207897,-0.8611803203821182,-44.53532968555453,-1.0,0.0,0.0,132.94207845682456,
569,145.391,0.110381,-0.00306857,0.088922,317.791,327.79,0.0,0.3167957663536072,1.0,0.0,5,145.167244610494,-0.06464229251,-0.45561544597148895,-41.41870368987708,-1.0,0.0,0.0,133.6112417617233,
570,144.468,0.245664,-0.00265664,0.0895388,318.596,328.595,0.0,-0.7557930946350098,1.0,1.0,5,144.27559068376067,-0.064677456792,-1.072588860988617,-40.23648077476756,-1.0,0.0,0.0,132.8300163749802,
571,143.644,0.291255,-0.00252539,0.090089,319.396,329.395,0.0,0.862480103969574,1.0,0.0,5,143.46216358085346,-0.06470372158000001,-1.6182731986045837,-39.349639653910344,-1.0,0.0,0.0,132.0745679862145,
572,142.716,0.151013,-0.00401169,0.0907563,320.192,330.191,0.0,-1.0,1.0,0.9259772300720215,5,142.42858618321281,-0.064761880554,-1.862480103969574,-39.51286051287005,-1.0,0.0,0.0,130.92686514325044,
573,141.855,0.0832682,-0.00489855,0.0913974,320.981,330.98,0.0,0.37656718492507935,1.0,0.06397596001625061,5,141.50585752625625,-0.064825890885,-1.3765671849250793,-39.30125604103961,-1.0,0.0,0.0,130.20274746963383,
574,141.12,0.150939,-0.00817043,0.0923206,321.768,331.766,0.0,0.6639918088912964,1.0,0.663825273513794,5,140.53879060140977,-0.06514141536,-0.28742462396621704,-40.787512738893994,-1.0,0.0,0.0,129.19054361413643,
575,139.851,-0.184086,-0.0137466,0.0937058,322.548,332.547,0.0,-0.8839771151542664,1.0,1.0,5,138.87657885090593,-0.065524249179,-1.5479689240455627,-42.99070472892416,-1.0,0.0,0.0,126.59898774228225,
576,138.324,-0.566845,-0.0184654,0.095389,323.32,333.319,0.0,0.23547932505607605,1.0,1.0,5,137.02338701382482,-0.06597294018000001,-1.1194564402103424,-44.169259280267795,-1.0,0.0,0.0,124.57926232151478,
577,137.3,-0.75221,-0.0217922,0.0973091,324.085,334.084,0.0,0.22574222087860107,1.0,0.0,5,135.77148328483105,-0.06680269715,-0.009737104177474976,-44.96430809269907,-1.0,0.0,0.0,123.46068243325306,
578,136.229,-0.839446,-0.0239722,0.0994732,324.845,334.844,0.0,-1.0,1.0,1.0,5,134.55716073152448,-0.06775567281400001,-1.225742220878601,-45.07914536489925,-1.0,0.0,0.0,121.85189605122208,
579,134.72,-0.802727,-0.024389,0.10174,325.597,335.596,0.0,-0.10220491886138916,0.0,0.47190260887145996,5,133.03725450918674,-0.06853206399999999,-0.8977950811386108,-43.8859447123492,-1.0,0.0,0.0,120.72789774275785,
580,133.758,-0.699649,-0.0234205,0.104042,326.342,336.341,0.0,-1.0,1.0,0.0,5,132.1551207910507,-0.06958224918000001,-0.8977950811386108,-42.57181683610176,-1.0,0.0,0.0,120.17324580850368,
581,133.329,-0.600749,-0.020169,0.106201,327.083,337.082,0.0,-1.0,1.0,0.0,5,131.95741741924888,-0.07079836564500001,-0.0,-40.626456345578106,-1.0,0.0,0.0,120.73000496720935,
582,133.003,-0.304151,-0.0136997,0.107925,327.823,337.822,0.0,-0.32748639583587646,1.0,0.0,5,132.0794969734223,-0.07177174387499999,-0.6725136041641235,-36.878655528893205,-1.0,0.0,0.0,121.58630726607475,
583,132.346,0.290114,-0.00585115,0.109172,328.56,338.559,0.0,0.25625091791152954,1.0,0.6736339926719666,5,131.9565485708647,-0.07224238756000001,-0.583737313747406,-31.440341090303562,-1.0,0.0,0.0,122.84909971660458,
584,131.643,0.641495,0.000417173,0.110024,329.293,339.292,0.0,-1.0,1.0,0.12940028309822083,5,131.6155295930435,-0.07241944716,-1.2562509179115295,-26.336931798779972,-1.0,0.0,0.0,123.58200192081505,
585,131.271,0.883022,0.0070473,0.110311,330.023,340.022,0.0,-0.15142226219177246,1.0,0.0,5,130.80519103289743,-0.07240317640499999,-0.8485777378082275,-22.752511252690212,-1.0,0.0,0.0,123.7900867219774,
586,130.847,1.39154,0.0117884,0.110184,330.751,340.75,0.0,0.45780372619628906,0.0,0.0,5,130.06668791385613,-0.07208622924000001,-0.6092259883880615,-23.89387381848067,-1.0,0.0,0.0,122.83836543347954,
587,130.576,1.34077,0.0105085,0.110116,331.477,341.476,0.0,0.06629830598831177,0.0,0.0,5,129.88272408477079,-0.07189253408,-0.3915054202079773,-23.549857399231655,-1.0,0.0,0.0,122.80591557482046,
588,130.83,1.22978,0.00479758,0.110287,332.203,342.202,0.0,0.4854047894477844,1.0,0.0,5,130.51466186883127,-0.07214424105000002,-0.41910648345947266,-22.792006682834028,-1.0,0.0,0.0,123.61878401203491,
589,131.348,0.67138,-0.00642365,0.111163,332.932,342.931,0.0,0.36820924282073975,1.0,0.0,5,130.92342619587401,-0.07300518862000001,-0.11719554662704468,-30.933594658933544,-1.0,0.0,0.0,122.08186367853253,
590,130.893,-0.211583,-0.0195267,0.112859,333.661,343.66,0.0,0.38376253843307495,1.0,1.0,5,129.59017360436044,-0.07386226543499999,-0.015553295612335205,-38.20583584012293,-1.0,0.0,0.0,118.960186390211,
591,129.36,-1.13102,-0.0300019,0.115145,334.384,344.382,0.0,-0.7398533225059509,0.0,1.0,5,127.36155320332496,-0.074475786,-1.1236158609390259,-41.76978136800892,-1.0,0.0,0.0,115.50754731704103,
592,128.184,-1.77136,-0.0365356,0.117717,335.098,345.097,0.0,-1.0,1.0,0.0,5,125.75733755212929,-0.07544717964,-0.2601466774940491,-43.44097196819081,-1.0,0.0,0.0,113.74360337719338,
593,127.156,-1.98331,-0.0378455,0.120358,335.807,345.806,0.0,-0.8404749631881714,1.0,1.0,5,124.65938239016347,-0.07652120924,-0.1595250368118286,-43.054233074447254,-1.0,0.0,0.0,112.77144540126811,
594,126.207,-1.77257,-0.0344567,0.122909,336.51,346.509,0.0,-1.0,1.0,0.0,5,123.95817874573545,-0.07755988081500001,-0.1595250368118286,-40.87864597860802,-1.0,0.0,0.0,112.6130998592249,
595,125.59,-1.26975,-0.026782,0.125135,337.21,347.208,0.0,0.4430429935455322,1.0,0.32109174132347107,5,123.86338672787183,-0.07857852325,-1.4430429935455322,-37.060655712357175,-1.0,0.0,0.0,113.08673137846887,
596,124.675,-0.568469,-0.0171824,0.126925,337.905,347.904,0.0,-0.15065297484397888,0.0,0.03532862663269043,5,123.58554109305236,-0.07912187187500001,-0.5936959683895111,-31.498110161371017,-1.0,0.0,0.0,114.45378289031774,
597,123.269,0.222898,-0.0083164,0.128286,338.593,348.592,0.0,1.0,1.0,1.0,5,122.75216598061019,-0.07906843467,-1.1506529748439789,-25.036044226491896,-1.0,0.0,0.0,115.06889059686401,
598,122.311,0.81671,-0.00365311,0.129462,339.275,349.273,0.0,0.9261767864227295,1.0,0.0,5,122.08677659605276,-0.07917313341,-0.07382321357727051,-16.257270221175162,-1.0,0.0,0.0,116.92113894327579,
599,121.344,0.982008,-0.00454485,0.130758,339.952,349.951,0.0,0.9980635046958923,1.0,1.0,5,121.06700259194334,-0.07933349376000001,-0.07188671827316284,-15.52822045838343,-1.0,0.0,0.0,116.08404796810552,
600,120.547,0.787943,-0.0090211,0.132282,340.623,350.622,0.0,0.7328457832336426,1.0,0.0,5,119.99836906503272,-0.07973099127000001,-0.26521772146224976,-22.943836116855294,-1.0,0.0,0.0,113.10311372811023,
601,120.207,0.449912,-0.016042,0.134193,341.291,351.29,0.0,-1.0,1.0,0.0,5,119.22739395766521,-0.08065468975500001,-1.7328457832336426,-26.80605782059797,-1.0,0.0,0.0,110.92537107779063,
602,119.742,0.172152,-0.0250651,0.136673,341.958,351.957,0.0,1.0,0.0,0.0,5,118.20387198862667,-0.08182749183,-2.0,-31.00859253697061,-1.0,0.0,0.0,108.76989636255402,
603,119.514,-0.235195,-0.0371621,0.140008,342.622,352.621,0.0,0.39982014894485474,1.0,0.0,5,117.21129927786417,-0.08366458056000001,-0.6001798510551453,-36.092765293242024,-1.0,0.0,0.0,106.92438941867712,
604,119.597,-0.868991,-0.0517394,0.144282,343.285,353.284,0.0,0.37096840143203735,1.0,0.0,5,116.3443988838099,-0.08627847176999999,-0.028851747512817383,-41.510647799375334,-1.0,0.0,0.0,104.87180293794222,
605,119.816,-1.78501,-0.0670993,0.149575,343.95,353.949,0.0,-0.15631145238876343,0.8510186672210693,0.0,5,115.52960728006289,-0.08960739100000002,-0.5272798538208008,-46.443678243086794,-1.0,0.0,0.0,102.67089637214494,
606,120.245,-2.83395,-0.0751063,0.155292,344.616,354.615,0.0,-0.5340544581413269,1.0,0.0,5,115.39467664620406,-0.09336543270000001,-0.3777430057525635,-49.15515262359892,-1.0,0.0,0.0,101.89920015587856,
607,120.722,-2.93037,-0.0722881,0.160878,345.285,355.284,0.0,-1.0,1.0,0.0,5,116.04713393147354,-0.09710756958,-0.4659455418586731,-49.17331447748323,-1.0,0.0,0.0,102.51691407996512,
608,121.164,-2.26874,-0.0613885,0.166056,345.956,355.955,0.0,-0.35884976387023926,1.0,0.0,5,117.21906286717885,-0.10060004592,-0.6411502361297607,-46.95110624157013,-1.0,0.0,0.0,104.18834119002739,
609,121.64,-1.31987,-0.0462646,0.170594,346.63,356.629,0.0,-0.42895299196243286,1.0,0.0,5,118.69703399427976,-0.1037552708,-0.0701032280921936,-42.98002288329853,-1.0,0.0,0.0,106.82724203422748,
610,122.027,-0.312642,-0.0288656,0.174236,347.307,357.306,0.0,-1.0,1.0,0.0,5,120.21521896835127,-0.10630748186,-0.5710470080375671,-36.92779201308629,-1.0,0.0,0.0,109.70564938080842,
611,122.031,0.625876,-0.0103549,0.17676,347.985,357.984,0.0,0.24566516280174255,0.0,0.0,5,121.39265962513154,-0.1078509978,-1.2456651628017426,-19.7599483773634,-1.0,0.0,0.0,114.97112198415017,
612,122.004,1.69632,0.00782019,0.178072,348.663,358.661,0.0,0.5835373401641846,1.0,0.0,5,121.52322705097018,-0.10862748144,-0.337872177362442,-22.266023280998937,-1.0,0.0,0.0,114.74673209607172,
613,122.42,2.48541,0.0238291,0.178405,349.342,359.341,0.0,-0.26947611570358276,1.0,0.0,5,120.92680383635108,-0.1092017005,-0.8530134558677673,-25.25356134961001,-1.0,0.0,0.0,113.24830776168827,
614,122.728,3.45636,0.0386523,0.177653,350.023,360.022,0.0,1.0,0.6039103269577026,0.0,5,120.26506439107958,-0.10901498692,-1.2694761157035828,-28.368618908345937,-1.0,0.0,0.0,111.68305184236202,
615,123.084,4.18351,0.0433648,0.176538,350.706,360.705,0.0,1.0,1.0,0.0,5,120.30036787712754,-0.10864501596000001,-0.0,-29.940188611373657,-1.0,0.0,0.0,111.70667570832413,
616,122.332,3.66534,0.0368342,0.175551,351.389,361.388,0.0,1.0,0.0,1.0,5,119.99653065599165,-0.10737752466,-0.0,-28.300456356390697,-1.0,0.0,0.0,111.81403904223399,
617,121.105,2.61995,0.0238148,0.174884,352.065,362.063,0.0,1.0,0.0,0.0,5,119.628750220884,-0.1058966341,-0.0,-25.441665330963914,-1.0,0.0,0.0,112.16243725404301,
618,120.75,1.47135,0.00595075,0.174937,352.736,362.735,0.0,1.0,1.0,0.0,5,120.38858763065262,-0.10561821375000001,-0.0,-23.22735032311725,-1.0,0.0,0.0,113.4761318361233,
619,120.683,0.163207,-0.0154837,0.176026,353.407,363.406,0.0,1.0,1.0,0.0,5,119.7342613668508,-0.10621672878999999,-0.0,-21.297640917286017,-1.0,0.0,0.0,113.3036344087393,
620,120.694,-1.29052,-0.0392473,0.178358,354.077,364.076,0.0,-0.8435333371162415,1.0,0.0,5,118.23320757868292,-0.10763370226,-1.8435333371162415,-39.93426745958108,-1.0,0.0,0.0,106.58894701039279,
621,120.283,-2.84008,-0.0627099,0.181977,354.746,364.745,0.0,-0.7508543729782104,1.0,0.5853652954101562,5,116.27757311513841,-0.109443697455,-0.092678964138031,-47.147159265104506,-1.0,0.0,0.0,103.35353591216587,
622,119.673,-4.14177,-0.0806507,0.186584,355.412,365.411,0.0,-1.0,1.0,0.0,5,114.46337663597413,-0.11164533516000001,-0.24914562702178955,-51.20040694263143,-1.0,0.0,0.0,100.47688587704972,
623,119.715,-4.63594,-0.092877,0.192007,356.076,366.075,0.0,0.06041061878204346,1.0,0.0,5,113.64763625319456,-0.11493059002500002,-1.0604106187820435,-54.064361008441054,-1.0,0.0,0.0,98.69849222542469,
624,120.073,-5.10217,-0.0999675,0.198241,356.742,366.741,0.0,-1.0,0.915583610534668,0.0,5,113.48181718460502,-0.11901695796499999,-1.0604106187820435,-56.04369420960428,-1.0,0.0,0.0,98.03375348860433,
625,120.168,-4.77415,-0.095242,0.204597,357.409,367.408,0.0,-1.0,0.0,0.0,5,113.9095148717468,-0.12293006148,-0.0,-55.49501336724893,-1.0,0.0,0.0,98.91283146845456,
626,120.302,-3.63848,-0.0803749,0.210635,358.076,368.075,0.0,-1.0,1.0,0.0,5,115.08419928930846,-0.12669905885000002,-0.0,-52.78784148491519,-1.0,0.0,0.0,100.76053985922967,
627,120.624,-2.16405,-0.0597878,0.215975,358.745,368.744,0.0,-1.0,1.0,0.0,5,116.80470018078212,-0.13025884199999999,-0.0,-48.22609947795448,-1.0,0.0,0.0,103.6179164692935,
628,120.871,-0.586298,-0.0365952,0.220295,359.416,369.415,0.0,-0.2935812473297119,1.0,0.0,5,118.57891768757257,-0.133136384725,-0.7064187526702881,-41.22859923256958,-1.0,0.0,0.0,106.92670586890408,
629,120.99,0.954976,-0.0126938,0.223446,360.087,370.086,0.0,-0.6675465106964111,1.0,0.1248166561126709,5,120.21236160818874,-0.1351736577,-0.3739652633666992,-25.863221435812292,-1.0,0.0,0.0,112.49919301252567,
630,120.801,2.31263,0.0106121,0.225271,360.759,370.758,0.0,1.0,0.0,0.0,5,120.1532338455245,-0.136064810355,-1.6675465106964111,-28.251354943954553,-1.0,0.0,0.0,111.45406634597194,
631,120.669,3.76632,0.0312212,0.225842,361.43,371.429,0.0,1.0,1.0,0.0,5,118.72678344219727,-0.13626064149,-0.0,-30.64108432935926,-1.0,0.0,0.0,109.93025171836746,
632,121.062,4.49885,0.0461804,0.22549,362.102,372.101,0.0,-0.1378239393234253,1.0,0.0,5,118.13858042773445,-0.1364913519,-1.1378239393234253,-33.11411543192183,-1.0,0.0,0.0,108.38221303605695,
633,121.277,5.16255,0.0572879,0.224149,362.776,372.775,0.0,1.0,0.0,0.0,5,117.60609222245175,-0.135920591365,-1.1378239393234253,-35.06228199895334,-1.0,0.0,0.0,107.36325394955139,
634,121.129,5.14478,0.0563504,0.222495,363.45,373.449,0.0,1.0,0.0,0.0,5,117.52570841334827,-0.134752984275,-0.0,-35.17749739533346,-1.0,0.0,0.0,107.5965810802399,
635,120.903,4.15486,0.0434467,0.221038,364.123,374.121,0.0,1.0,0.0,0.0,5,118.16331676045766,-0.13362078657,-0.0,-33.864939359840974,-1.0,0.0,0.0,108.5634611339274,
636,120.633,2.67222,0.022196,0.220297,364.794,374.793,0.0,1.0,0.0,0.0,5,119.2646104388186,-0.13287544000499998,-0.0,-31.85748986347643,-1.0,0.0,0.0,110.1673625329445,
637,120.333,0.956011,-0.00383228,0.220701,365.463,375.462,0.0,0.4385644197463989,0.0,0.0,5,120.10154206336516,-0.132788067165,-0.5614355802536011,-29.677070243585277,-1.0,0.0,0.0,111.38105576122777,
638,120.436,-0.978724,-0.032378,0.222456,366.132,376.131,0.0,1.0,1.0,0.0,5,118.42347912603259,-0.13395855408000001,-0.5614355802536011,-27.975552239890177,-1.0,0.0,0.0,110.12720183790397,
639,120.636,-3.053,-0.0624522,0.225613,366.801,376.8,0.0,-0.24761177599430084,1.0,0.0,5,116.63627597039776,-0.13608524934,-1.2476117759943008,-49.40874678888704,-1.0,0.0,0.0,102.77372049103772,
640,120.601,-5.03227,-0.0923433,0.23025,367.471,377.47,0.0,-1.0,0.0,0.0,5,114.52672901633903,-0.13884190125,-0.7523882240056992,-56.41838553159431,-1.0,0.0,0.0,99.05757426498874,
641,120.672,-7.06505,-0.119166,0.23631,368.141,378.14,0.0,-1.0,1.0,0.0,5,112.64321504942433,-0.1425800016,-0.0,-61.40633371672938,-1.0,0.0,0.0,96.14905161864199,
642,120.813,-8.73107,-0.135386,0.243111,368.813,378.811,0.0,-1.0,0.0,0.0,5,111.55424337668614,-0.146854846215,-0.0,-64.16156047724824,-1.0,0.0,0.0,94.36699841115907,
643,120.681,-8.72266,-0.136188,0.250253,369.484,379.483,0.0,-1.0,0.0,0.0,5,111.37130989318442,-0.151003911465,-0.0,-64.4057336745529,-1.0,0.0,0.0,94.1188725630812,
644,120.908,-7.23591,-0.123317,0.257544,370.155,380.154,0.0,0.09263062477111816,1.0,0.0,5,112.5537100062077,-0.15569564976,-1.0926306247711182,-63.09589054185966,-1.0,0.0,0.0,95.29625253355144,
645,121.555,-4.63167,-0.106012,0.265071,370.828,380.826,0.0,0.014911413192749023,1.0,0.0,5,114.44150633537207,-0.16110352702500003,-0.07771921157836914,-61.30484149398444,-1.0,0.0,0.0,97.93087667137745,
646,122.175,-2.89197,-0.0916333,0.273035,371.503,381.502,0.0,-1.0,1.0,0.0,5,116.07260883145328,-0.166790255625,-1.014911413192749,-59.665826273258105,-1.0,0.0,0.0,99.68488858355592,
647,122.687,-1.64807,-0.07374,0.280487,372.182,382.181,0.0,-0.9325428605079651,1.0,0.0,5,117.8342191208077,-0.17206054284499997,-0.06745713949203491,-56.76712135933501,-1.0,0.0,0.0,102.45014109628133,
648,122.812,-0.333044,-0.0530592,0.286973,372.864,382.863,0.0,-0.4260266423225403,0.0,0.0,5,119.38254086752242,-0.17621864038,-0.5065162181854248,-51.32653854104319,-1.0,0.0,0.0,105.222732726426,
649,122.761,0.894761,-0.031664,0.292235,373.545,383.544,0.0,-1.0,1.0,0.0,5,120.75623710841867,-0.17937530417500003,-0.5739733576774597,-35.391522492119705,-1.0,0.0,0.0,110.55678917391052,
650,122.77,2.07724,-0.00961256,0.296146,374.227,384.226,0.0,0.8627896904945374,0.0,0.0,5,122.17427008079463,-0.1817892221,-1.8627896904945374,-37.384455555990044,-1.0,0.0,0.0,111.08753006254877,
651,122.518,3.34053,0.0120023,0.298653,374.908,384.907,0.0,-0.02132803201675415,0.0,0.0,5,121.77394418502665,-0.18295184127,-0.8841177225112915,-39.140535418735595,-1.0,0.0,0.0,110.54062317231936,
652,122.314,4.81657,0.0262473,0.300342,375.588,385.587,0.0,0.8600254058837891,0.0,0.0,5,120.66684826953176,-0.18368015693999998,-0.8813534379005432,-40.449194375116235,-1.0,0.0,0.0,109.10646348744254,
653,122.084,5.10349,0.0267318,0.301931,376.268,386.267,0.0,1.0,0.0,0.0,5,120.40881444513606,-0.18430472102000003,-0.13997459411621094,-40.73276153370497,-1.0,0.0,0.0,108.99932696245494,
654,121.831,4.23191,0.0146195,0.303774,376.946,386.945,0.0,1.0,0.0,0.0,5,120.9274583458582,-0.18504545097,-0.0,-40.10932600833485,-1.0,0.0,0.0,109.71508139280449,
655,120.748,2.59272,-0.00594914,0.306266,377.62,387.619,0.0,1.0,0.0,1.0,5,120.38669197388623,-0.18490503484,-0.0,-38.1366496902514,-1.0,0.0,0.0,109.66762451648339,
656,119.388,0.714438,-0.0291482,0.309491,378.286,388.285,0.0,0.7567495703697205,0.0,0.0,5,117.59756024387528,-0.18474755754000002,-0.24325042963027954,-35.79983815874404,-1.0,0.0,0.0,107.38987801776018,
657,118.493,-0.882288,-0.0530616,0.313709,378.946,388.945,0.0,-0.27669164538383484,0.0,0.0,5,115.1839895487145,-0.18586160268500002,-1.0334412157535553,-33.9668194403651,-1.0,0.0,0.0,105.19639072121215,
658,118.251,-2.66343,-0.0767263,0.319036,379.602,389.601,0.0,-0.7667109966278076,1.0,0.0,5,113.37107215626897,-0.18863163018,-0.4900193512439728,-54.489205796888065,-1.0,0.0,0.0,98.41313327149375,
659,118.395,-4.42932,-0.0917209,0.324866,380.259,390.258,0.0,-0.4807705879211426,0.0,0.0,5,112.47529868124968,-0.19231255035,-0.28594040870666504,-58.17161583736762,-1.0,0.0,0.0,96.65430004894579,
660,118.23,-4.74579,-0.0922725,0.330697,380.916,390.915,0.0,-1.0,0.0,0.0,5,112.28008750209587,-0.19549153155000004,-0.5192294120788574,-58.368519898017894,-1.0,0.0,0.0,96.33669717241773,
661,117.993,-3.92481,-0.0805257,0.336265,381.572,391.571,0.0,-1.0,0.0,0.0,5,112.86504860112132,-0.19838458072499998,-0.0,-55.20604594105556,-1.0,0.0,0.0,97.86515253513242,
662,117.723,-2.62649,-0.0612557,0.341161,382.226,392.225,0.0,-1.0,0.2177509069442749,0.0,5,113.89885740634824,-0.200812482015,-0.0,-35.31069023986768,-1.0,0.0,0.0,103.87037236436632,
663,117.493,-1.2418,-0.0388072,0.345025,382.879,392.878,0.0,-0.497151643037796,0.0,0.0,5,115.12532395406652,-0.20269011162500003,-0.502848356962204,-36.87210940705256,-1.0,0.0,0.0,104.5537519835897,
664,117.223,0.246695,-0.0145636,0.347655,383.531,393.53,0.0,-0.025793252512812614,0.0,0.0,5,116.35700454433749,-0.20376581032500002,-0.4713583905249834,-38.51900772514777,-1.0,0.0,0.0,105.38207928556805,
665,117.028,1.80079,0.00841469,0.349141,384.181,394.18,0.0,-0.21355849504470825,0.0,0.0,5,116.5314854631382,-0.20429636473999999,-0.18776524253189564,-40.18807287874357,-1.0,0.0,0.0,105.22384130595273,
666,116.869,3.35948,0.0264966,0.349714,384.831,394.83,0.0,0.6656627058982849,0.0,0.0,5,115.27984289362459,-0.20435362733,-0.8792212009429932,-41.61627380353586,-1.0,0.0,0.0,103.40765445512773,
667,116.713,4.19594,0.0323779,0.350073,385.48,395.479,0.0,0.932456374168396,0.10870981216430664,0.0,5,114.76269775810024,-0.204290350245,-0.2667936682701111,-42.3265496209155,-1.0,0.0,0.0,102.89673190214533,
668,116.653,3.8851,0.0255161,0.350596,386.129,396.128,0.0,0.9115720391273499,0.47365379333496094,0.0,5,115.12692402920099,-0.20449037594000002,-0.020884335041046143,-42.39306733102973,-1.0,0.0,0.0,103.31790151999125,
669,116.516,2.90067,0.00942886,0.351681,386.777,396.776,0.0,1.0,0.0,0.0,5,115.96152231732886,-0.20488231698,-0.08842796087265015,-41.878025750962394,-1.0,0.0,0.0,104.26060517434647,
670,116.674,1.55273,-0.0123011,0.353703,387.425,397.423,0.0,1.0,1.0,0.0,5,115.94758155482819,-0.20633971911,-0.0,-41.38282123382581,-1.0,0.0,0.0,104.39553652726173,
671,116.704,0.0891814,-0.0367451,0.356896,388.073,398.072,0.0,0.22429469227790833,0.0,0.0,5,114.48155425385397,-0.20825595391999996,-0.7757053077220917,-40.661012157596005,-1.0,0.0,0.0,102.87533366821833,
672,116.393,-1.3101,-0.06225,0.361467,388.72,398.719,0.0,1.0,0.0,0.0,5,112.54716488017846,-0.21036114265500003,-0.7757053077220917,-39.58906260093171,-1.0,0.0,0.0,101.2068264949739,
673,116.447,-2.81282,-0.0885319,0.367474,389.365,399.364,0.0,-1.0,1.0,0.0,5,110.84304204425482,-0.21395622439000003,-2.0,-38.887629192856394,-1.0,0.0,0.0,99.30717852165071,
674,116.636,-4.39963,-0.115073,0.374908,390.012,400.01,0.0,-1.0,1.0,0.0,5,109.16859030204236,-0.21863884744000003,-0.0,-38.35377213185613,-1.0,0.0,0.0,98.36150842163832,
675,116.679,-6.04411,-0.139183,0.383662,390.658,400.657,0.0,-1.0,0.0,0.0,5,107.45700005909481,-0.22382649249,-0.0,-65.2045947096035,-1.0,0.0,0.0,89.93202488920393,
676,116.531,-7.30702,-0.152572,0.39315,391.305,401.304,0.0,-1.0,0.0,0.0,5,106.32207750818814,-0.22907081325,-0.0,-67.5120648830475,-1.0,0.0,0.0,88.21499047417626,
677,116.541,-7.1813,-0.1512,0.40286,391.951,401.95,0.0,-1.0,0.3378016948699951,0.0,5,106.43442059400209,-0.2347485363,-0.0,-67.44530568776932,-1.0,0.0,0.0,88.33834563575977,
678,116.456,-5.82409,-0.136574,0.412526,392.597,402.596,0.0,-1.0,0.0,0.0,5,107.44385999731463,-0.24020563928000002,-0.0,-39.48116774945204,-1.0,0.0,0.0,96.33336242067162,
679,116.23,-3.94526,-0.112638,0.421685,393.241,403.24,0.0,-1.0,0.0,0.0,5,108.96133130590793,-0.24506223775000002,-0.0,-40.94073383277002,-1.0,0.0,0.0,97.48108560996542,
680,116.09,-1.9177,-0.0842239,0.42981,393.885,403.884,0.0,-1.0,1.0,0.0,5,110.79549310604023,-0.24948321450000002,-0.0,-42.69236516072198,-1.0,0.0,0.0,98.87291860135973,
681,116.06,0.107134,-0.0540755,0.436673,394.529,404.527,0.0,-0.3380090296268463,0.0,0.0,5,112.75388020592662,-0.2534013419,-0.6619909703731537,-44.63207268861849,-1.0,0.0,0.0,100.14386340076004,
682,115.745,2.04593,-0.0230755,0.442077,395.172,405.171,0.0,-0.9282035827636719,0.0,0.0,5,114.37886713217169,-0.255841011825,-0.5901945531368256,-46.31704021433441,-1.0,0.0,0.0,101.36670770082205,
683,115.374,3.97918,0.0086298,0.445903,395.813,405.812,0.0,1.0,0.07141602039337158,0.0,5,114.87188278339451,-0.25722806361,-1.9282035827636719,-47.961550111273965,-1.0,0.0,0.0,101.04580611713692,
684,114.591,6.01766,0.0399959,0.448174,396.453,406.452,0.0,0.7304602861404419,0.0,0.37546801567077637,5,112.20838403611349,-0.25678353417,-0.2695397138595581,-49.15379957088628,-1.0,0.0,0.0,98.58228869506405,
685,113.675,8.17694,0.0670482,0.449266,397.087,407.086,0.0,1.0,0.0,0.0,5,109.61158748096383,-0.25535156275,-0.2695397138595581,-49.98947260169701,-1.0,0.0,0.0,95.77800585363173,
686,113.321,9.79525,0.08224,0.449859,397.72,407.719,0.0,1.0,0.0,0.0,5,108.28348867126954,-0.25489235869500004,-0.0,-50.84984825777581,-1.0,0.0,0.0,94.31613424813058,
687,113.053,9.82508,0.0818682,0.45031,398.351,408.35,0.0,1.0,0.0,0.0,5,108.05179316141383,-0.25454448215000003,-0.0,-51.13579076056479,-1.0,0.0,0.0,94.01330098912263,
688,112.849,8.32815,0.0666301,0.450765,398.98,408.979,0.0,1.0,0.0,0.0,5,108.84180324996919,-0.254341897425,-0.0,-50.8856430864176,-1.0,0.0,0.0,94.8660505809398,
689,112.673,5.96385,0.0396612,0.451522,399.608,409.607,0.0,1.0,0.0,0.0,5,110.35060623600766,-0.25437169153,-0.0,-50.20599751068569,-1.0,0.0,0.0,96.54473516680625,
690,112.469,3.46691,0.00640827,0.453161,400.234,410.233,0.0,1.0,0.0,0.0,5,112.10632729331702,-0.254832822545,-0.0,-49.26213961285531,-1.0,0.0,0.0,98.5359595675582,
691,112.22,0.938623,-0.0294694,0.45608,400.858,410.857,0.0,0.06148576736450195,0.0,0.0,5,110.51798633613649,-0.255906488,-0.938514232635498,-48.18192382652333,-1.0,0.0,0.0,96.93504462171501,
692,112.366,-1.78206,-0.0658004,0.460361,401.481,411.48,0.0,0.07247090339660645,1.0,0.0,5,108.42863589744869,-0.25864462063000004,-0.010985136032104492,-47.49293008651432,-1.0,0.0,0.0,95.29346321438048,
693,112.571,-4.2638,-0.100758,0.465907,402.105,412.104,0.0,1.0,0.7873406410217285,0.0,5,106.33843962584534,-0.262238084485,-0.9275290966033936,-46.936265293443896,-1.0,0.0,0.0,93.06387648901834,
694,112.507,-6.43863,-0.134447,0.472954,402.73,412.729,0.0,-0.7774981260299683,0.0,0.0,5,103.95134298208981,-0.26605317839,-1.7774981260299683,-46.17554140002649,-1.0,0.0,0.0,90.60815501588421,
695,112.245,-8.52621,-0.164685,0.481426,403.354,413.353,0.0,-0.7599132061004639,0.0,0.0,5,101.525517795289,-0.27018830685000006,-0.017584919929504395,-45.36816993158243,-1.0,0.0,0.0,88.90801152956455,
696,111.944,-9.77174,-0.18911,0.491092,403.976,413.975,0.0,0.3923107087612152,0.0,0.0,5,99.42636732785809,-0.27487401423999996,-1.152223914861679,-44.76768274458625,-1.0,0.0,0.0,86.61390545301303,
697,111.612,-10.6816,-0.211638,0.502281,404.596,414.595,0.0,-1.0,0.0,0.0,5,97.39902974339849,-0.28030293485999996,-1.3923107087612152,-44.21867095327609,-1.0,0.0,0.0,84.64636585759109,
698,111.624,-11.8275,-0.227708,0.514574,405.214,415.213,0.0,-0.3918498754501343,1.0,0.0,5,96.14328267236827,-0.28719404087999995,-0.6081501245498657,-44.28026087007048,-1.0,0.0,0.0,83.6035783766057,
699,111.774,-11.9486,-0.230541,0.527336,405.834,415.833,0.0,-1.0,0.0,0.0,5,96.04636930366577,-0.29471227032,-0.6081501245498657,-45.01667231232214,-1.0,0.0,0.0,83.31504391790027,
700,111.751,-10.5527,-0.208268,0.540105,406.488,416.487,0.0,-1.0,0.0,0.0,5,97.78298334731494,-0.30178636927499997,-0.0,-46.14391501674534,-1.0,0.0,0.0,84.9452182238536,
701,111.681,-8.03898,-0.163128,0.551024,407.176,417.175,0.0,-0.4133140444755554,0.0,0.0,5,101.12953241148674,-0.30769455672,-0.5866859555244446,-47.70377905379134,-1.0,0.0,0.0,87.71988730466158,
702,111.667,-4.97264,-0.111277,0.559473,407.866,417.865,0.0,-0.16653157770633698,0.0,0.0,5,104.77618065037109,-0.312373357455,-0.24678246676921844,-49.546278819382664,-1.0,0.0,0.0,91.00320284803965,
703,111.695,-1.80145,-0.0641975,0.565671,408.557,418.556,0.0,0.6527711749076843,0.0,0.0,5,107.8821059594909,-0.315913111725,-0.8193027526140213,-51.21654763884908,-1.0,0.0,0.0,93.51626511226942,
704,111.712,0.330618,-0.0282811,0.56993,409.249,419.248,0.0,1.0,1.0,0.0,5,110.08786964247763,-0.3183401008000001,-0.3472288250923157,-52.44645520371891,-1.0,0.0,0.0,95.5537470932202,
705,111.786,1.28626,-0.00402206,0.572403,409.942,419.941,0.0,1.0,0.0,0.0,5,111.5602914285523,-0.31993320879000003,-0.0,-53.31434532869794,-1.0,0.0,0.0,96.91177188758782,
706,111.899,1.42039,0.0107914,0.57326,410.636,420.635,0.0,1.0,1.0,0.0,5,111.28872278689322,-0.3207361037,-0.0,-53.90596593555395,-1.0,0.0,0.0,96.49149519930472,
707,111.877,1.0835,0.0193478,0.572761,411.33,421.329,0.0,1.0,0.0,0.0,5,110.7738413943646,-0.320393911985,-0.0,-54.158621644401684,-1.0,0.0,0.0,95.91379207127918,
708,111.567,0.496238,0.0235994,0.571123,412.022,422.021,0.0,1.0,0.0,0.0,5,110.21959890627022,-0.318592398705,-0.0,-53.9856280121774,-1.0,0.0,0.0,95.40459950452087,
709,111.237,-0.283318,0.0247468,0.568585,412.712,422.711,0.0,1.0,0.0,0.0,5,109.8267013235664,-0.316238448225,-0.0,-53.69465385387905,-1.0,0.0,0.0,95.08679941187164,
710,110.889,-1.1756,0.0238215,0.565255,413.4,423.399,0.0,1.0,0.0,0.0,5,109.53689249238191,-0.31340280847499996,-0.0,-53.32138410356044,-1.0,0.0,0.0,94.8931436580168,
711,110.519,-2.1335,0.0213422,0.561235,414.084,424.083,0.0,1.0,0.0,0.0,5,109.3145610613319,-0.31013565482500005,-0.0,-52.87851422827875,-1.0,0.0,0.0,94.78479684943721,
712,110.124,-3.13943,0.0174246,0.556634,414.765,424.764,0.0,1.0,0.0,0.0,5,109.14789790511682,-0.30649381307999995,-0.0,-52.37282338860964,-1.0,0.0,0.0,94.74819824488442,
713,109.703,-4.18287,0.0125505,0.551539,415.442,425.441,0.0,1.0,0.0,0.0,5,109.00596449832605,-0.302527414585,-0.0,-51.810243976469735,-1.0,0.0,0.0,94.75087608962362,
714,109.256,-5.2999,0.00679439,0.545988,416.116,426.115,0.0,1.0,0.0,0.0,5,108.88231709595242,-0.29826232464,-0.0,-51.19236594218374,-1.0,0.0,0.0,94.78596328576647,
715,108.785,-6.47182,0.000261247,0.539992,416.787,426.786,0.0,1.0,0.0,0.0,5,108.7707864104263,-0.29371514860000003,-0.0,-50.523918650612046,-1.0,0.0,0.0,94.84609159917329,
716,108.295,-7.63546,-0.00659704,0.533582,417.454,427.453,0.0,0.9228206872940063,0.0,0.0,5,107.93543282626001,-0.28892131345,-0.07717931270599365,-49.82482298641469,-1.0,0.0,0.0,94.16715197239454,
717,107.779,-8.76622,-0.0136298,0.526807,418.117,428.116,0.0,1.0,0.0,0.0,5,107.03450865883813,-0.283893658265,-0.07717931270599365,-49.09458298832644,-1.0,0.0,0.0,93.45381545967973,
718,107.238,-9.85282,-0.0208454,0.519706,418.777,428.776,0.0,1.0,0.0,0.0,5,106.09707318416051,-0.27866116014000003,-0.0,-48.3384108673074,-1.0,0.0,0.0,92.73380930719365,
719,106.672,-10.8872,-0.0279694,0.512342,419.432,429.431,0.0,1.0,0.0,0.0,5,105.13869721613577,-0.27326272911999994,-0.0,-47.558996354439905,-1.0,0.0,0.0,91.97568539840579,
720,106.083,-11.9059,-0.0350807,0.504721,420.083,430.082,0.0,1.0,0.0,0.0,5,104.15737956070637,-0.267711589215,-0.0,-46.75528640845832,-1.0,0.0,0.0,91.20084636937679,
721,105.475,-12.902,-0.0422287,0.496845,420.73,430.729,0.0,1.0,0.0,0.0,5,103.1545949100727,-0.26202363187499994,-0.0,-45.92899761528906,-1.0,0.0,0.0,90.41032187437544,
722,104.849,-13.846,-0.0492169,0.488748,421.373,431.372,0.0,1.0,0.0,0.0,5,102.14290775443737,-0.25622369526000005,-0.0,-45.088397593397715,-1.0,0.0,0.0,89.61458466082794,
723,104.208,-14.7291,-0.0560249,0.480462,422.012,432.011,0.0,1.0,0.0,0.0,5,101.12690474427781,-0.25033992048,-0.0,-44.23836768496909,-1.0,0.0,0.0,88.81697290255553,
724,103.551,-15.5507,-0.0628047,0.472011,422.646,432.644,0.0,1.0,0.0,0.0,5,100.09723481424903,-0.244386055305,-0.0,-43.378448117933374,-1.0,0.0,0.0,88.00823672946069,
725,102.882,-16.3144,-0.069379,0.463439,423.275,433.274,0.0,1.0,0.0,0.0,5,99.06842815752755,-0.23839765599,-0.0,-42.51138463126287,-1.0,0.0,0.0,87.20218434372183,
726,102.2,-17.0473,-0.0758291,0.454768,423.9,433.899,0.0,1.0,0.0,0.0,5,98.03515845932425,-0.232386448,-0.0,-41.633157586019074,-1.0,0.0,0.0,86.39448261481948,
727,101.507,-17.7527,-0.082252,0.446001,424.52,434.519,0.0,1.0,0.0,0.0,5,96.9939548769812,-0.22636111753500002,-0.0,-40.74207590723083,-1.0,0.0,0.0,85.5820747826385,
728,101.003,-18.4356,-0.0883496,0.437156,425.137,435.136,0.0,1.0,1.0,0.0,5,96.15307415869705,-0.22077033733999998,-0.0,-40.049732655254644,-1.0,0.0,0.0,84.91987065754338,
729,100.65,-19.0804,-0.0938374,0.428221,425.751,435.75,0.0,0.9957247376441956,1.0,0.0,5,95.49175064420334,-0.21550221825000004,-0.004275262355804443,-39.529934555008865,-1.0,0.0,0.0,84.39248220849439,
730,100.279,-19.6261,-0.0987028,0.419191,426.361,436.36,0.0,0.8148360848426819,0.0,0.0,5,94.85004788398602,-0.210180271445,-0.18088865280151367,-39.021615139070775,-1.0,0.0,0.0,83.83019723193287,
731,99.7841,-19.9905,-0.102371,0.410117,426.969,436.968,0.0,1.0,0.0,0.0,5,94.16311390095615,-0.2046157786985,-0.18516391515731812,-38.43733480410723,-1.0,0.0,0.0,83.29361524668364,
732,99.2243,-20.2041,-0.104819,0.401031,427.572,437.571,0.0,1.0,0.0,0.0,4,93.4889305197553,-0.19896010126650002,-0.0,-37.83588415466319,-1.0,0.0,0.0,82.83099937982301,
733,98.6414,-20.3186,-0.10643,0.391932,428.172,438.171,0.0,0.3909674286842346,0.0,0.0,4,92.84395678602932,-0.193303605924,-0.6090325713157654,-37.24454014544392,-1.0,0.0,0.0,82.15680837234962,
734,98.0552,-20.3521,-0.107534,0.38284,428.767,438.766,0.0,0.9632167816162109,0.0,0.0,4,92.22683341521284,-0.18769726384,-0.5722493529319763,-36.66971637398301,-1.0,0.0,0.0,81.7000322519975,
735,97.6598,-20.3523,-0.10829,0.373778,429.358,439.357,0.0,-0.7795556783676147,1.0,0.0,4,91.81028340400728,-0.18251542362200002,-1.7427724599838257,-36.29895254822502,-1.0,0.0,0.0,81.03019810533388,
736,97.3461,-20.3081,-0.108681,0.364765,429.946,439.945,0.0,1.0,0.0,0.0,4,91.49233265498381,-0.17754225083250003,-1.7795556783676147,-36.025865166790176,-1.0,0.0,0.0,80.77445740894348,
737,96.9097,-20.1526,-0.108592,0.355817,430.531,440.53,0.0,0.5041824579238892,0.0,0.0,4,91.08739714250062,-0.1724105936245,-0.49581754207611084,-35.65513608840236,-1.0,0.0,0.0,80.85245726415269,
738,96.4134,-19.911,-0.107877,0.346979,431.112,441.111,0.0,1.0,0.0,0.0,4,90.6626274286568,-0.16726712559299997,-0.49581754207611084,-35.249528310905625,-1.0,0.0,0.0,80.53423296271455,
739,95.8912,-19.6152,-0.106776,0.338271,431.688,441.687,0.0,1.0,0.0,0.0,4,90.23536885114133,-0.162186060576,-0.0,-34.833011359982194,-1.0,0.0,0.0,80.36492995056977,
740,95.3504,-19.2888,-0.105498,0.329688,432.261,442.26,0.0,1.0,0.0,0.0,4,89.79996157542973,-0.15717941337599997,-0.0,-34.40410232737676,-1.0,0.0,0.0,80.04175658020955,
741,94.8025,-18.9375,-0.104131,0.321239,432.828,442.827,0.0,1.0,0.0,0.0,4,89.3619558333099,-0.1522713014875,-0.0,-33.97066622852801,-1.0,0.0,0.0,79.7170179746904,
742,94.2534,-18.5659,-0.102734,0.312955,433.392,443.391,0.0,1.0,0.0,0.0,4,88.92344672485459,-0.14748536398499998,-0.0,-33.53577158781644,-1.0,0.0,0.0,79.39201846391548,
743,93.7113,-18.1798,-0.101404,0.304834,433.951,443.95,0.0,0.20371025800704956,0.0,0.0,4,88.48669511101534,-0.142831952121,-0.7962897419929504,-33.106191304445304,-1.0,0.0,0.0,78.82842841018513,
744,93.3803,-17.8,-0.100097,0.29693,434.506,444.505,0.0,1.0,1.0,0.0,4,88.24713924277506,-0.138637062395,-0.7962897419929504,-32.88958666315796,-1.0,0.0,0.0,78.64721859199268,
745,93.144,-17.4079,-0.0985652,0.289224,435.059,445.058,0.0,0.04382634162902832,0.0,0.0,4,88.10896516729794,-0.13469740128,-0.9561736583709717,-32.775412141743786,-1.0,0.0,0.0,78.49356263307071,
746,92.7815,-16.9324,-0.0964624,0.28175,435.609,445.608,0.0,1.0,0.0,0.0,4,87.88214254490528,-0.130705938125,-0.9561736583709717,-32.55727895896037,-1.0,0.0,0.0,78.3252647695289,
747,92.5589,-16.4242,-0.0937119,0.274483,436.156,446.155,0.0,1.0,1.0,0.0,4,87.82218469949723,-0.12702922274349998,-0.0,-32.505164062924436,-1.0,0.0,0.0,78.56886446102261,
748,92.5275,-15.9352,-0.090446,0.267401,436.701,446.7,0.0,1.0,1.0,0.0,4,87.97062985772777,-0.12370973013750002,-0.0,-32.66469685814906,-1.0,0.0,0.0,78.680745913053,
749,92.4551,-15.3895,-0.0866401,0.260512,437.245,447.244,0.0,1.0,0.0,0.0,4,88.10815894705064,-0.12042831505600002,-0.0,-32.80483931322681,-1.0,0.0,0.0,78.78652080368794,
750,92.3705,-14.742,-0.0818236,0.253809,437.787,447.786,0.0,1.0,1.0,0.0,4,88.2866295562224,-0.11722232117250002,-0.0,-32.97595479591582,-1.0,0.0,0.0,78.92541853607094,
751,92.4354,-14.0842,-0.0763997,0.247258,438.328,448.327,0.0,-0.3902331590652466,1.0,0.0,4,88.63817806982524,-0.114276960666,-1.3902331590652466,-33.32775582430983,-1.0,0.0,0.0,78.77489220536222,
752,92.4351,-13.3367,-0.0703493,0.240856,438.868,448.867,0.0,1.0,0.0,0.0,4,88.95777145252366,-0.11131774222799999,-1.3902331590652466,-33.63987570414413,-1.0,0.0,0.0,79.01941483654007,
753,92.2068,-12.4257,-0.0633465,0.234675,439.406,449.405,0.0,1.0,0.0,0.0,4,89.10332289102408,-0.10819315395,-0.0,-33.76273443299824,-1.0,0.0,0.0,79.55444612882452,
754,91.8762,-11.4418,-0.0557764,0.228746,439.941,449.94,0.0,1.0,0.0,0.0,4,89.17238979347523,-0.105081566226,-0.0,-33.80463036390354,-1.0,0.0,0.0,79.61615063627335,
755,91.5136,-10.4416,-0.048195,0.223042,440.473,450.472,0.0,0.647843599319458,0.0,0.0,4,89.20294323110143,-0.102056881856,-0.352156400680542,-33.81193971192856,-1.0,0.0,0.0,79.54225450105912,
756,91.387,-9.49797,-0.040939,0.217615,441.002,451.001,0.0,1.0,1.0,0.0,4,89.44030460486876,-0.099435910025,-0.352156400680542,-34.0375449023271,-1.0,0.0,0.0,79.72583554905782,
757,91.4944,-8.68526,-0.034286,0.212388,441.531,451.53,0.0,1.0,1.0,0.0,4,89.87244685473412,-0.097161563136,-0.0,-34.46825862606518,-1.0,0.0,0.0,80.15822063508183,
758,91.4795,-7.88709,-0.028132,0.207352,442.059,452.058,0.0,1.0,0.0,0.0,4,90.15672258879492,-0.09484228642,-0.0,-34.757948540259406,-1.0,0.0,0.0,80.37239316731007,
759,91.2008,-7.02116,-0.0217228,0.202574,442.585,452.584,0.0,0.3660646677017212,0.0,0.0,4,90.18879246152316,-0.092374554296,-0.6339353322982788,-34.79237509733143,-1.0,0.0,0.0,80.20814353320482,
760,91.163,-6.21282,-0.0152248,0.198016,443.109,453.108,0.0,1.0,1.0,0.0,4,90.45849224968718,-0.09025866303999999,-0.6339353322982788,-35.06803765934056,-1.0,0.0,0.0,80.41104357212255,
761,91.1106,-5.43389,-0.00897205,0.193645,443.633,453.632,0.0,1.0,0.0,0.0,4,90.69821398275725,-0.08821556068500001,-0.0,-35.315632484999156,-1.0,0.0,0.0,80.78109030082246,
762,91.1155,-4.71525,-0.00287747,0.189453,444.156,454.155,0.0,1.0,1.0,0.0,4,90.98403191168049,-0.0863105241075,-0.0,-35.61073263718691,-1.0,0.0,0.0,80.99503822827626,
763,91.0514,-4.04394,0.00277388,0.185393,444.678,454.677,0.0,0.9111247062683105,0.0,0.0,4,90.92476704004095,-0.084401461001,-0.08887529373168945,-35.815672431695084,-1.0,0.0,0.0,80.85978488299668,
764,90.7457,-3.39634,0.00789189,0.181492,445.199,455.198,0.0,1.0,0.0,0.0,4,90.38480028186223,-0.08234809292199999,-0.08887529373168945,-35.753875153028424,-1.0,0.0,0.0,80.3373208125636,
765,90.4172,-2.84926,0.0118749,0.177757,445.717,455.716,0.0,1.0,0.0,0.0,4,89.87399007617395,-0.08036145110199999,-0.0,-35.620937353720905,-1.0,0.0,0.0,79.88839428664173,
766,90.0846,-2.42469,0.0142951,0.17419,446.233,456.232,0.0,1.0,0.0,0.0,4,89.43153351461697,-0.07845918237,-0.0,-35.4213399435416,-1.0,0.0,0.0,79.49773934636158,
767,89.7514,-2.12823,0.0151286,0.170829,446.747,456.746,0.0,1.0,0.0,0.0,4,89.06224867287722,-0.076660709553,-0.0,-35.15232308472606,-1.0,0.0,0.0,79.19750719214271,
768,89.4194,-1.95277,0.0143875,0.167651,447.259,457.258,0.0,1.0,0.0,0.0,4,88.76690662829537,-0.07495625914699999,-0.0,-34.81636711720126,-1.0,0.0,0.0,78.98785858984806,
769,89.3796,-1.9376,0.0124152,0.164682,447.769,457.768,0.0,0.9942086338996887,0.583672046661377,0.0,4,88.81789317656394,-0.073596056436,-0.005791366100311279,-34.7175253961213,-1.0,0.0,0.0,79.06317836126752,
770,89.2451,-1.94806,0.0098033,0.161887,448.279,458.278,0.0,0.9555518627166748,0.0,0.0,4,88.80337036032637,-0.0722381075185,-0.038656771183013916,-34.4937931662814,-1.0,0.0,0.0,79.0960869298826,
771,89.3358,-2.0849,0.00652373,0.159289,448.788,458.787,0.0,1.0,1.0,0.0,4,89.0424997309029,-0.071151051231,-0.044448137283325195,-34.46324948519342,-1.0,0.0,0.0,79.34220186718855,
772,89.3583,-2.249,0.00266552,0.156806,449.298,459.297,0.0,1.0,0.0,0.0,4,89.23888952808508,-0.070059587949,-0.0,-34.336500683729,-1.0,0.0,0.0,79.58470476920382,
773,89.3049,-2.37442,-0.0009588,0.154531,449.807,459.806,0.0,1.0,0.39626234769821167,0.0,4,89.26204618861978,-0.06900187750950001,-0.0,-34.14273905610659,-1.0,0.0,0.0,79.65735954708362,
774,89.1281,-2.42495,-0.00413442,0.152445,450.315,460.314,0.0,1.0,0.0,0.0,4,88.94309227397149,-0.06793566602250001,-0.0,-33.84312193181226,-1.0,0.0,0.0,79.41437612499591,
775,89.049,-2.4915,-0.00725877,0.150566,450.823,460.822,0.0,1.0,0.40292540192604065,0.0,4,88.7234637591747,-0.06703875867000002,-0.0,-33.620299852874055,-1.0,0.0,0.0,79.2513500372862,
776,88.8734,-2.51117,-0.0102868,0.148893,451.329,461.328,0.0,0.40619027614593506,0.0,0.0,4,88.4115944436332,-0.066163135731,-0.5938097238540649,-33.27207627475043,-1.0,0.0,0.0,78.84926932205838,
777,88.9619,-2.62313,-0.0137275,0.147442,451.835,461.834,0.0,1.0,1.0,0.0,4,88.34292488851284,-0.065583602299,-0.5938097238540649,-33.131843578749624,-1.0,0.0,0.0,78.81623747437021,
778,89.2039,-2.85853,-0.0180357,0.146136,452.343,462.342,0.0,1.0,1.0,0.0,4,88.3850082034413,-0.065179505652,-0.0,-33.06082562746498,-1.0,0.0,0.0,79.05462229092306,
779,89.4148,-3.12001,-0.0226929,0.144956,452.851,462.85,0.0,1.0,1.0,0.0,4,88.37732463680538,-0.064806058744,-0.0,-32.891870139632715,-1.0,0.0,0.0,79.08955104315321,
780,89.6157,-3.37306,-0.0272088,0.143929,453.361,463.36,0.0,1.0,1.0,0.0,4,88.36351254697735,-0.0644914904265,-0.0,-32.66586944713532,-1.0,0.0,0.0,79.13255369476701,
781,89.6008,-3.5017,-0.031256,0.143088,453.871,463.87,0.0,1.0,0.0,0.0,4,88.15698305500474,-0.06410399635200001,-0.0,-32.198765192860975,-1.0,0.0,0.0,79.04318776043749,
782,89.6298,-3.58836,-0.0346198,0.142473,454.381,464.38,0.0,1.0,1.0,0.0,4,88.02492036058726,-0.063849132477,-0.0,-31.758563621294563,-1.0,0.0,0.0,79.02143032278661,
783,89.5825,-3.6214,-0.0376954,0.142052,454.891,464.89,0.0,0.8494642972946167,0.0,0.0,4,87.8308374602618,-0.06362686645,-0.1505357027053833,-31.197597841993428,-1.0,0.0,0.0,78.92265042250185,
784,89.2953,-3.57566,-0.0406265,0.141899,455.4,465.399,0.0,0.5772477388381958,0.0,0.0,4,87.40823980806718,-0.0633545688735,-0.2722165584564209,-30.347811503881687,-1.0,0.0,0.0,78.67626739568632,
785,89.3679,-3.63239,-0.0439694,0.141998,455.908,465.907,0.0,1.0,1.0,0.0,4,87.31743261081911,-0.06345031532100001,-0.4227522611618042,-29.852254998034354,-1.0,0.0,0.0,78.66409286764097,
786,89.407,-3.71691,-0.0479491,0.142314,456.417,466.416,0.0,1.0,0.0,0.0,4,87.16156981966158,-0.06361933899,-0.0,-29.322339728013773,-1.0,0.0,0.0,78.76736554866814,
787,89.4853,-3.83352,-0.0519519,0.14289,456.926,466.925,0.0,1.0,1.0,0.0,4,87.0411465525778,-0.06393277258499999,-0.0,-28.868074725330757,-1.0,0.0,0.0,78.7601950986601,
788,89.6696,-4.03399,-0.0562754,0.143647,457.436,467.435,0.0,0.21858644485473633,0.8276785612106323,0.0,4,87.005884440613,-0.064403845156,-0.7814135551452637,-28.535871175397787,-1.0,0.0,0.0,78.57308873506398,
789,89.8312,-4.20358,-0.0604959,0.144604,457.946,467.945,0.0,1.0,1.0,0.0,4,86.95131752054688,-0.06494975422400001,-0.7814135551452637,-28.224551008190673,-1.0,0.0,0.0,78.59580594773163,
790,89.8224,-4.27315,-0.0642505,0.145796,458.458,468.457,0.0,1.0,0.0,0.0,4,86.75348251012352,-0.06547873315200001,-0.0,-27.792729680063594,-1.0,0.0,0.0,78.73982135695562,
791,89.8509,-4.30761,-0.0673022,0.147242,458.969,468.968,0.0,0.7006422281265259,1.0,0.0,4,86.62618356294736,-0.066149131089,-0.2993577718734741,-27.45782346101212,-1.0,0.0,0.0,78.60577123504328,
792,89.8218,-4.27515,-0.0699515,0.148907,459.481,469.48,0.0,1.0,0.0,0.0,4,86.46310765069396,-0.066875473863,-0.2993577718734741,-27.105180193125832,-1.0,0.0,0.0,78.53012979698745,
793,89.5382,-4.15654,-0.0723825,0.150858,459.992,469.991,0.0,1.0,0.007417082786560059,0.0,4,86.06607643947089,-0.067537768878,-0.0,-26.52551556265834,-1.0,0.0,0.0,78.3671597799283,
794,89.5716,-4.15146,-0.0752101,0.153081,460.502,470.501,0.0,0.4072432518005371,1.0,0.0,4,85.95321601278881,-0.068558550498,-0.5927567481994629,-26.254910257089406,-1.0,0.0,0.0,78.14310287355862,
795,89.6016,-4.17811,-0.0785563,0.155524,461.013,471.012,0.0,1.0,0.0,0.0,4,85.80950581687601,-0.069675996192,-0.5927567481994629,-25.966854773826597,-1.0,0.0,0.0,78.07028910276752,
796,89.3392,-4.12305,-0.0819116,0.158262,461.523,471.522,0.0,0.6418120861053467,0.0,0.0,4,85.38478825797412,-0.070695002352,-0.3581879138946533,-25.399803693810192,-1.0,0.0,0.0,77.85668595800118,
797,89.3894,-4.17393,-0.0856087,0.16129,462.032,472.031,0.0,0.9997050762176514,1.0,0.0,4,85.24045607278713,-0.07208808163,-0.3578929901123047,-25.145116207587776,-1.0,0.0,0.0,77.77472104222649,
798,89.421,-4.25119,-0.0897188,0.164562,462.542,472.541,0.0,1.0,0.0,0.0,4,85.05535282305382,-0.07357649301000001,-0.0002949237823486328,-24.86356510672067,-1.0,0.0,0.0,77.76579657622895,
799,89.4519,-4.3151,-0.093533,0.168106,463.052,473.051,0.0,0.4407230019569397,1.0,0.0,4,84.88364835888434,-0.075187005507,-0.5592769980430603,-24.604917032401573,-1.0,0.0,0.0,77.48944899586402,
800,89.6268,-4.41998,-0.0972033,0.171908,463.564,473.563,0.0,0.9150395393371582,1.0,0.0,4,84.85456071110993,-0.077037819672,-0.4743165373802185,-24.50548551695229,-1.0,0.0,0.0,77.5088565509858,
801,89.8239,-4.53376,-0.100815,0.175929,464.076,474.075,0.0,1.0,1.0,0.0,4,84.84768420769333,-0.0790131445155,-0.0849604606628418,-24.43931466064039,-1.0,0.0,0.0,77.63335425981889,
802,89.9669,-4.61482,-0.104173,0.180141,464.59,474.589,0.0,1.0,0.7654547095298767,0.0,4,84.80159027382066,-0.08103363666449999,-0.0,-24.339186341820493,-1.0,0.0,0.0,77.63576005170104,
803,89.8822,-4.56314,-0.106764,0.184608,465.105,475.104,0.0,-0.7680462598800659,0.0,0.0,4,84.58144137384028,-0.08296486588799999,-1.768046259880066,-24.053476785889274,-1.0,0.0,0.0,76.95469343351593,
804,89.8954,-4.51006,-0.108812,0.189349,465.619,475.618,0.0,0.07273861765861511,1.0,0.0,4,84.48253827967095,-0.08510802047299999,-0.840784877538681,-23.89834552027341,-1.0,0.0,0.0,77.170608415868,
805,89.9242,-4.45327,-0.110281,0.194248,466.134,476.133,0.0,0.21040162444114685,0.0,0.0,4,84.42950872578565,-0.087337980008,-0.13766300678253174,-23.792113990257334,-1.0,0.0,0.0,77.35284334617856,
806,90.1169,-4.3052,-0.111179,0.199368,466.649,476.648,0.0,1.0,1.0,0.0,4,84.56127686033817,-0.089832130596,-0.7895983755588531,-23.878856550634737,-1.0,0.0,0.0,77.26485107941583,
807,90.365,-4.21985,-0.112365,0.204736,467.167,477.165,0.0,-1.0,0.5930227637290955,0.0,4,84.72887566182611,-0.09250484319999999,-2.0,-24.011401755443572,-1.0,0.0,0.0,77.03352037976522,
808,90.6686,-4.44305,-0.111043,0.210114,467.686,477.685,0.0,-0.25749707221984863,1.0,0.0,4,85.08645979813969,-0.095253711102,-0.7425029277801514,-24.31359114610865,-1.0,0.0,0.0,77.69005742217648,
809,91.1589,-4.10799,-0.104316,0.215122,468.208,478.207,0.0,0.9460404515266418,1.0,0.0,4,85.91731452514034,-0.09805142442900001,-1.2035375237464905,-25.041186790906025,-1.0,0.0,0.0,78.19790514586089,
810,91.5778,-3.44351,-0.0978155,0.220205,468.733,478.732,0.0,1.0,1.0,0.0,4,86.66832149736254,-0.10082944724500001,-0.053959548473358154,-25.68610704861196,-1.0,0.0,0.0,79.12977742342254,
811,91.955,-2.90258,-0.0919466,0.225351,469.261,479.26,0.0,-0.8188740015029907,1.0,0.0,4,87.34505115247762,-0.103610756025,-1.8188740015029907,-26.261055073545776,-1.0,0.0,0.0,79.13051442761528,
812,92.2662,-2.44391,-0.0993941,0.231019,469.772,479.771,0.0,0.19635653495788574,0.7646000981330872,0.0,4,87.23300581054411,-0.106576226289,-1.0152305364608765,-26.783683249343568,-1.0,0.0,0.0,79.12593961098096,
813,92.3132,-2.25046,-0.104974,0.23764,470.283,480.282,0.0,-0.12270364165306091,0.0,0.0,4,86.96869325984683,-0.10968654423999999,-0.31906017661094666,-27.129557880216595,-1.0,0.0,0.0,78.98089919256938,
814,92.2383,-1.6475,-0.106673,0.24483,470.794,480.793,0.0,1.0,0.0,0.0,4,86.8036585617684,-0.11291351494499999,-1.122703641653061,-27.517125721407055,-1.0,0.0,0.0,78.4746525239757,
815,92.5126,-0.968041,-0.111034,0.252927,471.305,481.304,0.0,0.5406488180160522,1.0,0.0,4,86.81743734327387,-0.11699467190100002,-0.45935118198394775,-28.14336511251669,-1.0,0.0,0.0,78.52679603864851,
816,92.7303,-0.569267,-0.118766,0.262038,471.817,481.816,0.0,1.0,0.5254063010215759,0.0,4,86.58340402563206,-0.121494311757,-0.45935118198394775,-28.57753232782548,-1.0,0.0,0.0,78.1797212773235,
817,92.5968,-0.307546,-0.128919,0.272195,472.328,482.327,0.0,-0.8022998571395874,0.0,0.0,4,85.87615708213207,-0.12602192988000002,-1.8022998571395874,-28.56434572874784,-1.0,0.0,0.0,77.06835876292322,
818,92.636,-0.324005,-0.141314,0.283424,472.838,482.837,0.0,0.20392970740795135,0.45005011558532715,0.0,4,85.18896536889298,-0.13127632832,-1.0062295645475388,-28.636162500206296,-1.0,0.0,0.0,76.59677954615715,
819,92.6622,-0.715599,-0.151898,0.29543,473.348,483.347,0.0,0.0813140869140625,0.0,0.0,4,84.58468672057441,-0.13687596873000002,-0.12261562049388885,-28.77349677321662,-1.0,0.0,0.0,76.2176518723921,
820,93.033,-0.597656,-0.162407,0.30949,473.909,483.908,0.0,0.6413291692733765,1.0,0.0,4,84.28733473753717,-0.14396391584999998,-0.560015082359314,-29.318649968001715,-1.0,0.0,0.0,75.64570380497895,
821,93.5207,-0.790408,-0.175498,0.324776,474.472,484.471,0.0,-0.9171748161315918,1.0,0.0,4,83.91990758792502,-0.15186639431600002,-1.5585039854049683,-29.885841628192495,-1.0,0.0,0.0,74.8290295909394,
822,94.1137,-1.54519,-0.182946,0.340636,475.037,485.036,0.0,-0.708245038986206,1.0,0.0,4,83.98221009792148,-0.160292571566,-0.20892977714538574,-30.791665920226464,-1.0,0.0,0.0,75.06132211315524,
823,94.2589,-1.74245,-0.17965,0.356349,475.606,485.605,0.0,-1.0,0.0,0.0,4,84.32058886109505,-0.1679453237805,-0.29175496101379395,-31.679619083709504,-1.0,0.0,0.0,75.14521227808304,
824,94.4895,-1.50664,-0.167925,0.371399,476.175,486.174,0.0,0.2660786211490631,1.0,0.0,4,85.26404122286061,-0.1754665290525,-1.266078621149063,-32.979695903417166,-1.0,0.0,0.0,75.46382713160911,
825,94.934,-0.415374,-0.155605,0.385945,476.748,486.747,0.0,0.3199172616004944,0.7896035313606262,0.0,4,86.43067057950506,-0.18319651315,-0.053838640451431274,-34.5154597991643,-1.0,0.0,0.0,76.60245752442856,
826,94.9577,0.496483,-0.153382,0.400915,477.321,487.32,0.0,0.24712765216827393,0.0,0.0,4,86.58901871846813,-0.1903498314775,-0.07278960943222046,-35.25483574710171,-1.0,0.0,0.0,76.56312306738553,
827,94.8562,0.35724,-0.155703,0.416361,477.897,487.896,0.0,-0.0190274715423584,0.0,0.0,4,86.35380632895821,-0.197472111441,-0.2661551237106323,-35.66164619646162,-1.0,0.0,0.0,76.16107613128862,
828,95.2678,0.596726,-0.133055,0.430664,478.539,488.538,0.0,1.0,1.0,0.0,4,88.10650590935768,-0.20514205909599997,-1.0190274715423584,-36.57074726308654,-1.0,0.0,0.0,77.45296879302732,
829,95.3227,0.783556,-0.116408,0.443392,479.188,489.187,0.0,1.0,0.0,0.0,4,89.14193793830763,-0.211326612992,-0.0,-36.907099344010845,-1.0,0.0,0.0,78.70383648931292,
830,95.6029,0.61647,-0.104615,0.454747,479.84,489.839,0.0,1.0,1.0,0.0,4,90.08859156265753,-0.2173756598315,-0.0,-37.2962348578398,-1.0,0.0,0.0,79.54715718836607,
831,95.5888,0.350854,-0.0962131,0.464884,480.497,490.496,0.0,1.0,0.0,0.0,4,90.5553542516311,-0.22218851849600002,-0.0,-37.26917037154644,-1.0,0.0,0.0,80.01587314024849,
832,95.2481,-0.0152924,-0.0903065,0.473986,481.155,491.154,0.0,1.0,0.0,0.0,4,90.56505916623229,-0.225731329633,-0.0,-36.82473481106211,-1.0,0.0,0.0,80.13314413383375,
833,95.433,-0.661492,-0.0874102,0.482107,481.811,491.81,0.0,0.26489365100860596,1.0,0.0,4,90.90305259791029,-0.23004458665500002,-0.735106348991394,-36.831825950327584,-1.0,0.0,0.0,80.24451961897597,
834,95.7625,-1.46144,-0.0872688,0.489366,482.467,492.466,0.0,1.0,1.0,0.0,4,91.22483786802702,-0.23431455787500002,-0.735106348991394,-36.9315285648792,-1.0,0.0,0.0,80.5371092642348,
835,96.0251,-2.26181,-0.0873973,0.495847,483.127,493.126,0.0,1.0,1.0,0.0,4,91.46777233502273,-0.2380687887985,-0.0,-36.94767283868905,-1.0,0.0,0.0,80.99278533655196,
836,95.9858,-2.75915,-0.086453,0.50163,483.789,493.788,0.0,0.2787357568740845,0.12331181764602661,0.0,4,91.48335501159565,-0.24074678427,-0.7212642431259155,-36.69353406252718,-1.0,0.0,0.0,80.85284543875608,
837,95.6181,-3.04443,-0.0847404,0.506909,484.45,494.449,0.0,1.0,0.0,0.0,4,91.22848068985778,-0.2423483772645,-0.7212642431259155,-36.131980610683634,-1.0,0.0,0.0,80.73675788698459,
838,95.2125,-3.41253,-0.083638,0.511683,485.11,495.109,0.0,1.0,0.0,0.0,4,90.90262240686833,-0.24359308818750003,-0.0,-35.50264151750149,-1.0,0.0,0.0,80.78336893930546,
839,94.7836,-3.90689,-0.0853915,0.515997,485.763,495.762,0.0,1.0,0.0,0.0,4,90.39630215098761,-0.24454026624600006,-0.0,-34.80100252373194,-1.0,0.0,0.0,80.45151125380862,
840,94.7803,-4.63113,-0.0884862,0.519918,486.414,496.413,0.0,-0.08738690614700317,1.0,0.0,4,90.22158207469319,-0.24638992007699997,-1.0873869061470032,-34.47770304099665,-1.0,0.0,0.0,80.02955032252294,
841,95.0065,-5.47932,-0.0923667,0.523353,487.066,497.065,0.0,0.7166177034378052,1.0,0.0,4,90.22002693096569,-0.2486096839725,-0.8040046095848083,-34.344274521536065,-1.0,0.0,0.0,80.14414723373372,
842,95.2335,-6.20236,-0.0957119,0.526377,487.722,497.721,0.0,-0.46323883533477783,1.0,0.0,4,90.24709245646196,-0.2506436201475,-1.179856538772583,-34.22060955871703,-1.0,0.0,0.0,80.08733948500341,
843,95.499,-7.04309,-0.0967505,0.528925,488.38,498.379,0.0,0.9931338429450989,0.8478289842605591,0.0,4,90.43979775560835,-0.252559042875,-1.4563726782798767,-34.21494008226935,-1.0,0.0,0.0,80.19659188868204,
844,95.8338,-7.32194,-0.092999,0.530706,489.039,499.038,0.0,0.8048412799835205,0.0,0.0,4,90.96987119635567,-0.254297863314,-0.18829256296157837,-34.47940651428457,-1.0,0.0,0.0,81.03923393558206,
845,95.8518,-7.20927,-0.0892789,0.532133,489.696,499.695,0.0,-0.06949788331985474,0.0,0.0,4,91.19695989656196,-0.25502952944699997,-0.8743391633033752,-34.47570041718193,-1.0,0.0,0.0,81.06070351382847,
846,95.584,-7.00224,-0.0846677,0.533337,490.352,500.351,0.0,0.5367835760116577,1.0,0.0,4,91.19999606953317,-0.25489241904,-0.6062814593315125,-34.21693391402845,-1.0,0.0,0.0,81.2089857341866,
847,95.7009,-6.73236,-0.0793979,0.534287,491.007,501.005,0.0,1.0,0.3438549041748047,0.0,4,91.60417316248366,-0.2556587337915,-0.4632164239883423,-34.36434646134738,-1.0,0.0,0.0,81.61846288615881,
848,95.8576,-6.43707,-0.07424,0.535013,491.663,501.662,0.0,-0.10442763566970825,0.0,0.0,4,92.03859157488515,-0.256425310744,-1.1044276356697083,-34.540887759371834,-1.0,0.0,0.0,81.81561603359727,
849,95.6716,-6.06488,-0.068574,0.535574,492.319,502.318,0.0,-0.03017324209213257,0.0,0.0,4,92.16902349692897,-0.256196107492,-0.07425439357757568,-34.38918490398734,-1.0,0.0,0.0,82.29325484536687,
850,95.3434,-5.75005,-0.0637095,0.535945,492.97,502.969,0.0,-0.4068819284439087,0.10533642768859863,0.0,4,92.11488474421068,-0.255494092565,-0.3767086863517761,-34.097769951808,-1.0,0.0,0.0,82.22193555778814,
851,95.1557,-5.94069,-0.0565116,0.535911,493.617,503.616,0.0,0.7098644971847534,0.0,0.0,4,92.31652810067737,-0.2549749317135,-1.116746425628662,-34.064031173555264,-1.0,0.0,0.0,82.21052144788646,
852,95.066,-5.14112,-0.0412421,0.534896,494.263,504.262,0.0,-0.4055851697921753,1.0,0.0,4,93.02535701207356,-0.25425211568000006,-1.1154496669769287,-34.46231694360482,-1.0,0.0,0.0,82.82089076039927,
853,95.4014,-4.38317,-0.0246193,0.533424,494.91,504.909,0.0,0.8740269541740417,0.5797754526138306,0.0,4,94.1982503767817,-0.254446981968,-1.279612123966217,-35.337593926791484,-1.0,0.0,0.0,83.72552127592596,
854,95.9,-3.20411,-0.00292492,0.530839,495.559,505.558,0.0,0.6722838878631592,0.0,0.0,4,95.7593400664906,-0.2545373005,-0.20174306631088257,-36.58041807294998,-1.0,0.0,0.0,85.29917532785984,
855,95.8725,-1.86312,0.0156479,0.527692,496.208,506.207,0.0,1.0,0.0,0.0,4,95.11069168844176,-0.25295575635000006,-0.3277161121368408,-37.166861429246005,-1.0,0.0,0.0,84.4677057411392,
856,95.6271,-0.973545,0.0286713,0.524098,496.852,506.851,0.0,1.0,0.0,0.0,4,94.21710905334182,-0.25058985927899996,-0.0,-37.36478284731545,-1.0,0.0,0.0,83.62532348223395,
857,95.3324,-0.494223,0.0375247,0.520115,497.493,507.492,0.0,1.0,0.0,0.0,4,93.47704883591922,-0.24791905613,-0.0,-37.35165836969658,-1.0,0.0,0.0,82.89121518736508,
858,95.0124,-0.288524,0.0428927,0.515763,498.132,508.131,0.0,1.0,1.0,0.0,4,92.88796783561952,-0.24501940230599997,-0.0,-37.17700599252392,-1.0,0.0,0.0,82.34869693518255,
859,95.1932,-0.341765,0.0453653,0.511102,498.769,508.768,0.0,0.7845789194107056,1.0,0.0,4,92.93676900503914,-0.243267174532,-0.21542108058929443,-37.38843895041171,-1.0,0.0,0.0,82.28176576872744,
860,95.5606,-0.699518,0.0450473,0.506078,499.408,509.407,0.0,1.0,0.0,0.0,4,93.31201215185973,-0.241805586634,-0.21542108058929443,-37.67393832392818,-1.0,0.0,0.0,82.5870956600669,
861,95.5722,-1.07279,0.0429832,0.500755,500.047,510.046,0.0,0.22120344638824463,1.0,0.0,4,93.43055904885942,-0.23929128505499997,-0.7787965536117554,-37.53969876146988,-1.0,0.0,0.0,82.57270410735342,
862,95.6561,-1.52814,0.039488,0.495317,500.682,510.681,0.0,0.8938172459602356,0.0,0.0,4,93.69338805795881,-0.2369004624185,-0.672613799571991,-37.44991476165956,-1.0,0.0,0.0,82.89222476525383,
863,95.6079,-1.96381,0.0355245,0.489754,501.317,511.316,0.0,1.0,1.0,0.0,4,93.8497239758913,-0.23412175728300003,-0.1061827540397644,-37.20129763348667,-1.0,0.0,0.0,83.2834229840247,
864,95.686,-2.37246,0.0314738,0.484174,501.951,511.95,0.0,1.0,1.0,0.0,4,94.13305821430663,-0.23164336682,-0.0,-37.06603070625165,-1.0,0.0,0.0,83.63490717092373,
865,95.9351,-2.85567,0.0267674,0.478558,502.586,512.585,0.0,1.0,1.0,0.0,4,94.61692032680476,-0.229552547929,-0.0,-37.06436703361,-1.0,0.0,0.0,84.12127602047326,
866,96.1939,-3.46915,0.0210115,0.472871,503.222,513.221,0.0,1.0,0.0,0.0,4,95.1621520821595,-0.2274365284345,-0.0,-37.01722892093372,-1.0,0.0,0.0,84.68040832349158,
867,96.1358,-3.98356,0.0148165,0.46717,503.857,513.856,0.0,-0.021678566932678223,0.0,0.0,4,95.41307592812346,-0.22455880843,-1.0216785669326782,-36.641087629907815,-1.0,0.0,0.0,84.7217416421367,
868,95.7528,-4.3849,0.00862091,0.461646,504.488,514.487,0.0,0.5979750156402588,1.0,0.0,4,95.33650882062987,-0.22101948554399997,-0.619653582572937,-35.95064619263282,-1.0,0.0,0.0,84.94193171215579,
869,95.7183,-4.87137,0.00232476,0.456282,505.118,515.117,0.0,1.0,1.0,0.0,4,95.60678040757135,-0.218372686803,-0.4020249843597412,-35.59087530876613,-1.0,0.0,0.0,85.3700813982689,
870,95.9557,-5.40069,-0.00434953,0.451022,505.748,515.747,0.0,1.0,0.0,0.0,4,95.74611189680984,-0.216390658627,-0.0,-35.47236675851933,-1.0,0.0,0.0,85.661629548553,
871,95.9783,-5.86854,-0.0113676,0.445902,506.379,516.378,0.0,1.0,1.0,0.0,4,95.42658908432185,-0.21398457963300002,-0.0,-35.108011681313684,-1.0,0.0,0.0,85.43560158436043,
872,95.9352,-6.26249,-0.0175584,0.441035,507.009,517.008,0.0,1.0,1.0,0.0,4,95.07822106099346,-0.21155390466000001,-0.0,-34.69956331677443,-1.0,0.0,0.0,85.19177632713985,
873,96.0284,-6.72561,-0.0241526,0.436332,507.638,517.636,0.0,1.0,1.0,0.0,4,94.84083734796917,-0.209501319144,-0.0,-34.419179910795826,-1.0,0.0,0.0,85.02654105112622,
874,96.1481,-7.23563,-0.0311797,0.431813,508.266,518.265,0.0,1.0,1.0,0.0,4,94.60267586169785,-0.2075899975265,-0.0,-34.146293574703,-1.0,0.0,0.0,84.8585124704956,
875,96.2811,-7.7574,-0.0381578,0.427455,508.895,518.894,0.0,1.0,1.0,0.0,4,94.37452326911243,-0.20577918800249997,-0.0,-33.87371582152316,-1.0,0.0,0.0,84.70031512572915,
876,96.4272,-8.20647,-0.0446647,0.423272,509.524,519.523,0.0,1.0,1.0,0.0,4,94.17830291646388,-0.204074668992,-0.0,-33.621556941433994,-1.0,0.0,0.0,84.56883901211337,
877,96.5544,-8.60051,-0.0507363,0.419305,510.155,520.154,0.0,1.0,1.0,0.0,4,93.98179706115958,-0.20242871346,-0.0,-33.35665320472256,-1.0,0.0,0.0,84.44020504651894,
878,96.6689,-8.98308,-0.0564969,0.415525,510.786,520.785,0.0,1.0,1.0,0.0,4,93.78536820707167,-0.20084172336249997,-0.0,-33.079995307435894,-1.0,0.0,0.0,84.3145276568502,
879,96.7758,-9.3716,-0.0627349,0.411941,511.416,521.415,0.0,1.0,1.0,0.0,4,93.55180448895194,-0.199329599139,-0.0,-32.787888641681704,-1.0,0.0,0.0,84.15550272939251,
880,96.8795,-9.76961,-0.0690988,0.408602,512.047,522.046,0.0,1.0,1.0,0.0,4,93.30384376506451,-0.197925787295,-0.0,-32.47984782702626,-1.0,0.0,0.0,83.98595602101294,
881,96.9914,-10.1568,-0.0753902,0.405497,512.678,522.677,0.0,1.0,1.0,0.0,4,93.06325822313575,-0.19664860862900002,-0.0,-32.16851515213165,-1.0,0.0,0.0,83.82448082647383,
882,97.1056,-10.4836,-0.081363,0.402654,513.31,523.309,0.0,0.7651587724685669,1.0,0.0,4,92.83831641927725,-0.19549979131200002,-0.2348412275314331,-31.843690741995587,-1.0,0.0,0.0,83.61144157420692,
883,97.2079,-10.7913,-0.0871485,0.400083,513.942,523.941,0.0,0.6545827388763428,1.0,0.0,4,92.60859162229795,-0.19445614127850003,-0.11057603359222412,-31.454469671233113,-1.0,0.0,0.0,83.5173452531335,
884,97.3183,-11.1046,-0.0927909,0.397771,514.576,524.575,0.0,-1.0,1.0,0.0,4,92.3909880991311,-0.19355198754649997,-1.6545827388763428,-31.013223271290897,-1.0,0.0,0.0,82.94775547209899,
885,97.447,-11.4326,-0.0990427,0.395748,515.208,525.207,0.0,0.06970226019620895,1.0,0.0,4,92.15161825712877,-0.19282227678,-1.069702260196209,-30.52087953870327,-1.0,0.0,0.0,83.00766541761408,
886,97.6145,-11.7891,-0.104842,0.393993,515.842,525.841,0.0,0.25426971912384033,1.0,0.0,4,91.97082895283644,-0.1922971484925,-0.18456745892763138,-30.018594798575265,-1.0,0.0,0.0,83.21851286702184,
887,97.9048,-12.0173,-0.109892,0.392505,516.477,526.476,0.0,1.0,1.0,0.0,4,91.9455768199078,-0.19214061761999998,-0.7457302808761597,-29.607192428431276,-1.0,0.0,0.0,83.12791901091713,
888,98.1897,-12.1534,-0.114404,0.391358,517.114,527.113,0.0,0.6760144829750061,1.0,0.0,4,91.94343042949781,-0.192136623063,-0.3239855170249939,-29.140569665143502,-1.0,0.0,0.0,83.36895573504142,
889,98.437,-12.2492,-0.118487,0.390572,517.753,527.752,0.0,-0.18892496824264526,1.0,0.0,4,91.92870468904582,-0.19223367981999998,-0.8649394512176514,-28.573807974441934,-1.0,0.0,0.0,83.33353718025003,
890,98.6677,-12.3316,-0.122245,0.39012,518.393,528.392,0.0,0.6803641319274902,0.8955028057098389,0.0,4,91.91557335705119,-0.19246121562000001,-0.8692891001701355,-27.92528273850121,-1.0,0.0,0.0,83.48100472675485,
891,98.8825,-12.3744,-0.126064,0.390013,519.033,529.032,0.0,-0.34998518228530884,1.0,0.0,4,91.88154693844261,-0.19282730236249998,-1.030349314212799,-27.194074155935027,-1.0,0.0,0.0,83.5810963028325,
892,99.0877,-12.3769,-0.129439,0.39028,519.674,529.673,0.0,0.9716380834579468,1.0,0.0,4,91.86376418582068,-0.19335973778,-1.3216232657432556,-26.3773045946661,-1.0,0.0,0.0,83.67959131965118,
893,99.3305,-12.338,-0.1324,0.390912,520.317,530.316,0.0,1.0,1.0,0.0,4,91.9046669050468,-0.19414742208,-0.028361916542053223,-25.512648500515127,-1.0,0.0,0.0,84.3238487828754,
894,99.5602,-12.2678,-0.135139,0.391929,520.962,530.961,0.0,0.24290581047534943,1.0,0.0,4,91.94569563193271,-0.19510264812900002,-0.7570941895246506,-24.517588105157202,-1.0,0.0,0.0,84.39406770065702,
895,99.771,-12.2119,-0.137794,0.393321,521.608,531.607,0.0,0.43950366973876953,1.0,0.0,4,91.97312197425508,-0.19621014745499998,-0.1965978592634201,-23.354174627573016,-1.0,0.0,0.0,84.8793888121278,
896,99.9794,-12.1739,-0.140629,0.395064,522.255,532.253,0.0,0.6431893110275269,1.0,0.0,4,91.98555320015242,-0.197491308408,-0.20368564128875732,-22.022427252207905,-1.0,0.0,0.0,85.2213493863058,
897,100.214,-12.133,-0.143714,0.39719,522.902,532.901,0.0,1.0,1.0,0.0,4,92.00456952165338,-0.1990199933,-0.35681068897247314,-20.519182100716222,-1.0,0.0,0.0,85.56871079648258,
898,100.443,-12.0963,-0.146797,0.399707,523.551,533.55,0.0,0.5728431940078735,1.0,0.0,5,92.01678516974889,-0.20073885100499997,-0.42715680599212646,-18.768651517750087,-1.0,0.0,0.0,85.99573639750874,
899,100.534,-11.9572,-0.149513,0.402636,524.201,534.2,0.0,-1.0,1.0,0.0,5,91.92481569009982,-0.20239303812000004,-1.5728431940078735,-16.663013359803628,-1.0,0.0,0.0,86.08481635382655,
900,100.307,-11.5824,-0.150812,0.406047,524.851,534.85,0.0,-1.0,1.0,0.0,5,91.63334593997294,-0.203646782145,-0.0,-14.212540247934655,-1.0,0.0,0.0,86.87656409584427,
901,99.9927,-11.166,-0.150708,0.409902,525.498,535.497,0.0,-1.0,1.0,0.0,5,91.35292629825187,-0.204936038577,-0.0,-11.683053867768209,-1.0,0.0,0.0,87.22722679273282,
902,100.026,-11.1862,-0.144165,0.413682,526.144,536.143,0.0,-0.7298758029937744,1.0,0.0,4,91.80317672981211,-0.20689477865999997,-0.2701241970062256,-10.894914513509931,-1.0,0.0,0.0,87.79151606367276,
903,100.188,-10.2442,-0.121689,0.416489,526.791,536.79,0.0,-1.0,1.0,0.0,5,93.36625730593532,-0.20863599966000002,-0.2701241970062256,-13.8989045127949,-1.0,0.0,0.0,88.60185791897473,
904,100.124,-7.9913,-0.0828808,0.417954,527.437,537.436,0.0,-0.5339758396148682,0.0,0.0,5,95.63587959981159,-0.20923613147999998,-0.46602416038513184,-19.58012872477508,-1.0,0.0,0.0,89.39180403902228,
905,100.005,-5.30324,-0.0327495,0.417431,528.081,538.08,0.0,0.0061075687408447266,1.0,0.0,5,98.31411145619528,-0.20872593577499998,-0.5400834083557129,-25.94623414476851,-1.0,0.0,0.0,90.45680196172142,
906,100.028,-2.18872,0.0183017,0.414567,528.724,538.722,0.0,1.0,1.0,0.0,5,99.09595804172801,-0.20734153938000002,-0.9938924312591553,-31.32498696563593,-1.0,0.0,0.0,89.75920203156127,
907,100.011,0.495676,0.0570371,0.410089,529.365,539.364,0.0,0.4688100814819336,1.0,0.0,5,96.99774217136017,-0.205067054895,-0.5311899185180664,-34.577320598639716,-1.0,0.0,0.0,86.98898799124981,
908,100.072,1.76482,0.0785434,0.40441,530.004,540.003,0.0,1.0,1.0,0.0,5,95.83752521030374,-0.20235058760000002,-0.5311899185180664,-36.05697676326284,-1.0,0.0,0.0,85.46157345633262,
909,100.491,1.94616,0.086373,0.397863,530.645,540.644,0.0,1.0,1.0,0.0,5,95.78192623714847,-0.199908253665,-0.0,-36.600042893379666,-1.0,0.0,0.0,85.43200726013855,
910,100.85,1.62495,0.08662,0.390727,531.287,541.286,0.0,0.8359372615814209,1.0,0.0,5,96.1095429131783,-0.19702408975,-0.1640627384185791,-36.3409866762791,-1.0,0.0,0.0,85.77805333283295,
911,101.183,1.09418,0.0832478,0.383279,531.931,541.93,0.0,1.0,1.0,0.0,5,96.62582522694645,-0.19390659528499998,-0.1640627384185791,-35.613677904983646,-1.0,0.0,0.0,86.47928033388996,
912,101.432,0.498654,0.0779912,0.37566,532.576,542.575,0.0,1.0,1.0,0.0,5,97.17227676450273,-0.19051972560000002,-0.0,-34.46372094192654,-1.0,0.0,0.0,87.3658268034211,
913,101.603,-0.10842,0.0712601,0.368012,533.222,543.221,0.0,1.0,1.0,0.0,5,97.72808211618701,-0.18695561618,-0.0,-32.89317537498731,-1.0,0.0,0.0,88.31783265626018,
914,101.744,-0.741055,0.0629575,0.360503,533.867,543.866,0.0,1.0,1.0,0.0,5,98.34176937108249,-0.18339508616000003,-0.0,-30.86350338774423,-1.0,0.0,0.0,89.44249843798643,
915,101.862,-1.41464,0.0534226,0.35324,534.512,544.511,0.0,1.0,1.0,0.0,5,98.99710639583024,-0.17990866439999997,-0.0,-28.269217745216338,-1.0,0.0,0.0,90.74989329512616,
916,101.961,-2.14427,0.0428035,0.346296,535.158,545.157,0.0,1.0,1.0,0.0,5,99.68613330553585,-0.17654343227999997,-0.0,-24.968397757966372,-1.0,0.0,0.0,92.26749043376425,
917,102.055,-2.90666,0.0315272,0.339725,535.805,545.804,0.0,1.0,1.0,0.0,5,100.39579698176487,-0.173353174375,-0.0,-20.822356315333437,-1.0,0.0,0.0,94.01685472855652,
918,102.136,-3.66251,0.0199897,0.333569,536.451,546.45,0.0,0.849119246006012,1.0,0.0,5,101.09482849865668,-0.17034701692,-0.15088075399398804,-15.600273273982367,-1.0,0.0,0.0,95.97914893704288,
919,102.211,-4.39766,0.00815171,0.32787,537.098,547.097,0.0,0.28763091564178467,1.0,0.0,5,101.79101143753844,-0.16755960285000002,-0.5614883303642273,-0.0,-1.0,0.0,0.0,100.45500533557917,
920,102.293,-5.09941,-0.00354797,0.322675,537.745,547.744,0.0,0.2544454336166382,1.0,0.0,5,102.11089029698658,-0.16503696887500002,-0.033185482025146484,-0.13380658110108357,-1.0,0.0,0.0,100.90244603822876,
921,102.403,-5.78194,-0.0144666,0.317938,538.392,548.391,0.0,-0.4461325407028198,1.0,0.0,5,101.6515988243217,-0.16278902507,-0.700577974319458,-6.529758686273695,-1.0,0.0,0.0,98.64619673538743,
922,102.629,-6.64255,-0.0227197,0.313527,539.04,549.039,0.0,-0.9027392864227295,1.0,0.0,5,101.43676362684721,-0.16088481241500002,-0.45660674571990967,-13.037848651220031,-1.0,0.0,0.0,96.87943462791122,
923,102.974,-7.31221,-0.0187982,0.308561,539.691,549.69,0.0,-0.20264208316802979,1.0,0.0,5,101.98800053321524,-0.15886880207,-0.7000972032546997,-16.0335238108279,-1.0,0.0,0.0,96.61072161746186,
924,103.443,-6.29198,-0.00149471,0.302638,540.341,550.34,0.0,-0.7257792949676514,1.0,0.0,5,103.36557583154095,-0.15652891317,-0.5231372117996216,-14.100038329815817,-1.0,0.0,0.0,98.5270961723771,
925,103.904,-4.96019,0.0121519,0.296587,540.975,550.974,0.0,0.6868754625320435,1.0,0.0,5,103.26502844014632,-0.15408287824,-1.4126547574996948,-10.493037045965536,-1.0,0.0,0.0,99.06388987316502,
926,104.375,-3.23224,0.0330154,0.290147,541.611,551.61,0.0,0.9022579193115234,1.0,0.0,5,102.59544173399982,-0.151420465625,-0.21538245677947998,-5.596775679049571,-1.0,0.0,0.0,99.98021261157858,
927,104.99,-1.16627,0.0484158,0.283687,542.25,552.249,0.0,0.8296090364456177,1.0,0.0,5,102.32637646124059,-0.14892149065000002,-0.07264888286590576,-2.675871943313709,-1.0,0.0,0.0,100.48669231990239,
928,105.515,0.00980131,0.0528404,0.277725,542.892,552.891,0.0,1.0,1.0,0.0,5,102.58129932845678,-0.146520766875,-0.17039096355438232,-2.4396799665409787,-1.0,0.0,0.0,100.77374128088022,
929,105.94,0.453047,0.0488049,0.272477,543.538,553.537,0.0,0.06887510418891907,1.0,0.0,5,103.22968544369202,-0.1443310669,-0.9311248958110809,-4.1290693491116315,-1.0,0.0,0.0,100.7737495707708,
930,106.316,0.446658,0.0393588,0.268115,544.186,554.185,0.0,0.514523983001709,1.0,0.0,5,104.14196782077107,-0.14252457170000002,-0.4456488788127899,-7.063014150706778,-1.0,0.0,0.0,101.09999504775055,
931,106.611,0.182383,0.0266244,0.264763,544.836,554.835,0.0,0.5174869894981384,1.0,0.0,5,105.1541568776567,-0.14113324096500002,-0.0029630064964294434,-10.737157894866868,-1.0,0.0,0.0,101.32784526102606,
932,106.865,-0.204638,0.0116469,0.262573,545.489,555.487,0.0,-0.1931144893169403,1.0,0.0,5,106.23544303373768,-0.140299318225,-0.7106014788150787,-15.000708787363948,-1.0,0.0,0.0,101.13178607502718,
933,107.187,-0.811934,-0.00499613,0.261616,546.143,556.142,0.0,0.5600934624671936,1.0,0.0,5,106.91790325933276,-0.14020917096000002,-0.7532079517841339,-19.924059412371392,-1.0,0.0,0.0,100.57071684974467,
934,107.631,-1.35104,-0.0217431,0.261827,546.799,556.798,0.0,0.2614377439022064,1.0,0.0,5,106.43553545507086,-0.140903509185,-0.2986557185649872,-25.314673551354346,-1.0,0.0,0.0,98.87636684247778,
935,108.001,-1.93309,-0.0399936,0.263439,547.458,557.457,0.0,0.24192368984222412,1.0,0.0,5,105.7555396442191,-0.142258377195,-0.0195140540599823,-31.795897808611272,-1.0,0.0,0.0,96.65845259865327,
936,108.333,-2.49148,-0.0577205,0.266452,548.119,558.118,0.0,-0.7715907096862793,1.0,0.0,5,105.02780427465179,-0.14432772258,-1.0135143995285034,-37.742088403676206,-1.0,0.0,0.0,94.14390013129417,
937,108.705,-3.30455,-0.0722402,0.270699,548.782,558.781,0.0,0.7540184259414673,1.0,0.0,5,104.49845560071091,-0.14713167397500002,-1.5256091356277466,-41.991259286410866,-1.0,0.0,0.0,92.39582636444487,
938,109.206,-3.08225,-0.0788954,0.275692,549.448,559.447,0.0,-0.9137988090515137,1.0,0.0,5,104.56284293714133,-0.15053610276,-1.667817234992981,-44.21528066254383,-1.0,0.0,0.0,91.85814149824748,
939,109.733,-2.87828,-0.0849841,0.281884,550.116,560.115,0.0,-0.5020819902420044,1.0,0.0,5,104.67980677886402,-0.15465988486000004,-0.4117168188095093,-46.296341828245716,-1.0,0.0,0.0,91.82754639129975,
940,110.281,-2.91066,-0.0822271,0.288371,550.788,560.786,0.0,1.0,1.0,0.0,5,105.37945297522998,-0.159009211255,-1.5020819902420044,-46.565971945387965,-1.0,0.0,0.0,92.12832618055539,
941,110.794,-2.10306,-0.0704978,0.294461,551.462,561.461,0.0,-0.1144399642944336,1.0,0.0,5,106.61666172843266,-0.16312256016999999,-1.1144399642944336,-44.77251258870335,-1.0,0.0,0.0,93.9260790317985,
942,111.373,-0.961836,-0.0593384,0.300388,552.141,562.139,0.0,-0.7647897005081177,1.0,0.0,5,107.8745737870574,-0.16727556362,-0.6503497362136841,-42.865295323810486,-1.0,0.0,0.0,95.79586947162068,
943,111.896,-0.56191,-0.0477307,0.305834,552.822,562.821,0.0,0.4988040030002594,1.0,0.0,5,109.09913901465544,-0.17110800631999998,-1.263593703508377,-40.38244324325632,-1.0,0.0,0.0,97.45334208646885,
944,112.368,0.0914146,-0.0327027,0.310225,553.507,563.506,0.0,1.0,1.0,0.0,5,110.47087743053795,-0.174296814,-0.5011959969997406,-36.90583994610279,-1.0,0.0,0.0,99.91976183091234,
945,112.939,1.29556,-0.0233863,0.314185,554.195,564.194,0.0,-1.0,0.4334239959716797,0.0,5,111.58762487042948,-0.17741869857499998,-2.0,-35.48320615602728,-1.0,0.0,0.0,100.93940463284767,
946,113.267,1.18963,-0.0235398,0.318269,554.886,564.885,0.0,-1.0,1.0,0.0,5,111.90260142419326,-0.180246874115,-0.0,-36.25700584339718,-1.0,0.0,0.0,101.65810308922897,
947,113.631,0.511466,-0.0206788,0.321698,555.579,565.578,0.0,-1.0,1.0,0.0,5,112.43191320125662,-0.18277432718999997,-0.0,-36.334883668065174,-1.0,0.0,0.0,102.16541795705032,
948,114.065,0.292495,-0.0121482,0.32404,556.275,566.274,0.0,-1.0,1.0,0.0,5,113.36375814253707,-0.184808113,-0.0,-35.190213154012255,-1.0,0.0,0.0,103.381396741034,
949,114.428,0.465864,0.000859912,0.325154,556.974,566.972,0.0,-1.0,1.0,0.0,5,114.37875869408303,-0.18603360955999998,-0.0,-33.05552308058947,-1.0,0.0,0.0,104.92884431437567,
950,114.68,0.903649,0.0170953,0.324932,557.674,567.673,0.0,-0.4716704189777374,1.0,0.0,5,113.68304607753771,-0.18631600880000002,-0.5283295810222626,-30.2115064654282,-1.0,0.0,0.0,104.78535457807398,
951,114.846,1.48779,0.0353152,0.323207,558.375,568.374,0.0,-0.12996861338615417,1.0,0.0,5,112.74690834716543,-0.18559515561,-0.34170180559158325,-26.94192500913283,-1.0,0.0,0.0,104.72332139759475,
952,115.011,2.19934,0.0545313,0.319946,559.077,569.076,0.0,-0.02180912345647812,1.0,0.0,5,111.7057446683972,-0.18398654703,-0.10815948992967606,-23.511570493581758,-1.0,0.0,0.0,104.61141765099286,
953,115.325,3.19924,0.0708324,0.315401,559.781,569.78,0.0,0.9560753107070923,1.0,0.0,5,110.95485622934271,-0.181868101625,-0.9778844341635704,-20.859844519262026,-1.0,0.0,0.0,104.26466166765313,
954,115.763,3.82338,0.0767443,0.310271,560.487,570.486,0.0,0.4888283610343933,1.0,0.0,5,110.98454725501357,-0.17958950886500002,-0.467246949672699,-20.511039390257167,-1.0,0.0,0.0,104.53702381368245,
955,116.256,3.43047,0.0691096,0.30527,561.195,571.194,0.0,0.8145378828048706,1.0,0.0,5,111.96447739330125,-0.1774473456,-0.3257095217704773,-23.027506501499232,-1.0,0.0,0.0,104.9324405657953,
956,116.742,2.38649,0.0525958,0.300835,561.907,571.906,0.0,1.0,1.0,0.0,5,113.51191028922177,-0.17560039785000003,-0.1854621171951294,-27.3106766283759,-1.0,0.0,0.0,105.45300209911925,
957,117.163,1.0896,0.031409,0.297403,562.622,572.621,0.0,1.0,1.0,0.0,5,115.26552880396137,-0.17422313844499998,-0.0,-32.3732553370987,-1.0,0.0,0.0,105.9979918312417,
958,117.462,-0.26341,0.0081765,0.295248,563.339,573.338,0.0,-1.0,1.0,0.0,5,116.97786488120758,-0.17340210288,-2.0,-37.58363246535393,-1.0,0.0,0.0,105.80855466198909,
959,117.656,-1.58237,-0.0157355,0.294574,564.057,574.056,0.0,-0.7546605467796326,1.0,0.0,5,116.71578434362819,-0.17329199272,-0.24533945322036743,-42.661472199633124,-1.0,0.0,0.0,104.8035224650338,
960,117.826,-2.90635,-0.0397614,0.295429,564.777,574.776,0.0,0.04153251647949219,0.6618638038635254,0.0,5,115.39102646766256,-0.17404608676999997,-0.7961930632591248,-47.552397559254146,-1.0,0.0,0.0,102.09002307210127,
961,118.016,-4.32665,-0.0602821,0.297633,565.498,575.497,0.0,-0.5576636791229248,1.0,0.0,5,114.24666173704799,-0.17562728064,-0.599196195602417,-51.65437253351905,-1.0,0.0,0.0,99.9776824643475,
962,118.31,-5.26292,-0.0702737,0.300619,566.22,576.219,0.0,-0.5144539475440979,1.0,0.0,5,113.86436951734126,-0.17783116945000002,-0.043209731578826904,-53.951504057350746,-1.0,0.0,0.0,99.18569941407992,
963,118.795,-5.01576,-0.0650943,0.303635,566.945,576.944,0.0,-0.009942054748535156,1.0,0.0,5,114.67969699859769,-0.180351599125,-0.5045118927955627,-53.949016315580494,-1.0,0.0,0.0,99.8607377527389,
964,119.401,-3.45222,-0.0495284,0.306355,567.673,577.672,0.0,0.13511276245117188,1.0,0.0,5,116.29891938814444,-0.182895466775,-0.14505481719970703,-52.43282845560138,-1.0,0.0,0.0,101.96430036230919,
965,119.995,-1.36601,-0.0377734,0.309351,568.405,578.404,0.0,-0.5770286321640015,0.0,0.0,5,117.64363329523184,-0.185602866225,-0.7121413946151733,-51.56858404826394,-1.0,0.0,0.0,103.35224199855631,
966,120.04,-0.751095,-0.0324014,0.312776,569.139,579.138,0.0,-0.555959165096283,1.0,0.0,5,118.03260170610362,-0.18772815520000002,-0.021069467067718506,-51.233732843584676,-1.0,0.0,0.0,104.03011949988714,
967,120.237,-0.601406,-0.022322,0.315526,569.872,579.871,0.0,0.901264488697052,1.0,0.0,5,118.86519218166653,-0.18968949830999998,-1.457223653793335,-50.29727738116199,-1.0,0.0,0.0,104.66401624192804,
968,120.699,0.0443305,-0.00747854,0.317184,570.609,580.608,0.0,-0.7315337657928467,1.0,0.0,5,120.24430281232917,-0.19141895808,-1.6327982544898987,-48.8384350147454,-1.0,0.0,0.0,106.35343562421583,
969,121.202,0.780176,0.00902384,0.317676,571.348,581.347,0.0,-1.0,1.0,0.0,5,120.65021900676042,-0.19251483276000003,-0.2684662342071533,-47.11242178551696,-1.0,0.0,0.0,107.59905885735904,
970,121.637,1.57716,0.0277964,0.316748,572.09,582.089,0.0,-0.17211851477622986,1.0,0.0,5,119.89969456262631,-0.19264138237999998,-0.8278814852237701,-44.876385098867274,-1.0,0.0,0.0,107.23959245996235,
971,121.964,2.46432,0.0479652,0.314268,572.835,582.833,0.0,0.23536330461502075,1.0,0.0,5,118.89983564493053,-0.19164691176,-0.4074818193912506,-42.20551455801083,-1.0,0.0,0.0,107.03456554785043,
972,122.211,3.37182,0.0679642,0.310171,573.581,583.579,0.0,-1.0,0.0,0.0,5,117.77906426860218,-0.18953154040499998,-1.2353633046150208,-39.3843955784737,-1.0,0.0,0.0,106.37282484219426,
973,122.21,3.95924,0.0863778,0.304467,574.327,584.326,0.0,0.6898647546768188,1.0,0.0,5,116.4828169240229,-0.18604456035,-1.6898647546768188,-36.507481950645115,-1.0,0.0,0.0,105.66294244960858,
974,122.1,4.39889,0.103993,0.296994,575.072,585.071,0.0,1.0,1.0,0.0,5,115.1030312208822,-0.18131483699999998,-0.31013524532318115,-33.57561691827499,-1.0,0.0,0.0,105.4347715807165,
975,122.454,5.30272,0.117633,0.288095,575.818,585.817,0.0,1.0,1.0,0.0,5,114.4220296997707,-0.17639192564999998,-0.0,-31.803391618147415,-1.0,0.0,0.0,105.29478986958385,
976,123.022,5.5625,0.117688,0.27888,576.567,586.566,0.0,1.0,1.0,0.0,5,114.94861960019023,-0.17154187680000002,-0.0,-32.89177421530556,-1.0,0.0,0.0,105.55413416956384,
977,123.564,4.46377,0.104084,0.26989,577.32,587.318,0.0,-0.09208208322525024,1.0,0.0,5,116.47637686619859,-0.1667434398,-1.0920820832252502,-36.565241388166925,-1.0,0.0,0.0,105.8406984543893,
978,123.923,2.70147,0.0819136,0.261579,578.075,588.074,0.0,0.7331322431564331,1.0,0.0,5,118.43766531960803,-0.162078272085,-0.8252143263816833,-41.49059860346176,-1.0,0.0,0.0,106.65537309874308,
979,124.212,0.839544,0.0562941,0.254399,578.832,588.831,0.0,0.1865328997373581,1.0,0.0,5,120.5208813856509,-0.15799704294,-0.546599343419075,-46.66757660282721,-1.0,0.0,0.0,107.53201038897836,
980,124.47,-1.01796,0.0294544,0.248635,579.591,589.59,0.0,0.37590491771698,1.0,0.0,5,122.58318166054401,-0.15473799224999998,-0.1893720179796219,-51.66539574999395,-1.0,0.0,0.0,108.45528312540164,
981,124.745,-2.76455,0.00311917,0.244404,580.352,590.351,0.0,0.34570538997650146,1.0,0.0,5,124.54984304927025,-0.15244088490000002,-0.030199527740478516,-56.243181046048136,-1.0,0.0,0.0,109.32754704453606,
982,125.025,-4.3083,-0.0221346,0.241794,581.115,591.114,0.0,-0.6445107460021973,1.0,0.0,5,123.6107976461657,-0.15115147425000003,-0.9902161359786987,-60.344332099923406,-1.0,0.0,0.0,107.07649830614123,
983,125.318,-5.8551,-0.0450934,0.240779,581.881,591.88,0.0,-1.0,1.0,0.0,5,122.36605997887007,-0.15086971360999998,-0.35548925399780273,-63.88831336560474,-1.0,0.0,0.0,105.13646514765954,
984,125.715,-7.13668,-0.0565942,0.24059,582.649,592.648,0.0,-1.0,0.18397188186645508,0.0,5,121.9582559797748,-0.15122885925,-0.0,-66.06244598929565,-1.0,0.0,0.0,104.29141562320089,
985,125.841,-6.61139,-0.0510324,0.240548,583.42,593.419,0.0,-0.45284950733184814,1.0,0.0,5,122.46758075852256,-0.15135400434000001,-0.5471504926681519,-66.09196486134692,-1.0,0.0,0.0,104.62909039104538,
986,125.941,-4.75117,-0.0315803,0.24029,584.19,594.189,0.0,0.310901939868927,0.7485651969909668,0.0,5,123.88990702355565,-0.15131181445000003,-0.7637514472007751,-64.5596217163544,-1.0,0.0,0.0,106.36956434585682,
987,126.371,-2.14278,-0.00815708,0.239483,584.961,594.96,0.0,-1.0,1.0,0.0,5,125.85139232676428,-0.15131853096499998,-1.310901939868927,-62.790814407317114,-1.0,0.0,0.0,108.60909961200933,
988,126.896,-0.526496,0.0109507,0.238279,585.735,595.734,0.0,0.18667441606521606,0.38219618797302246,0.0,5,126.19360540232593,-0.15118325992,-1.186674416065216,-61.527603966442626,-1.0,0.0,0.0,109.30451882597569,
989,127.19,0.889524,0.0309679,0.23586,586.511,596.51,0.0,-1.0,1.0,0.0,5,125.15992774442398,-0.14999516699999998,-1.186674416065216,-59.79667095327609,-1.0,0.0,0.0,108.70476251428539,
990,127.457,1.70112,0.0473353,0.23231,587.289,597.288,0.0,-0.3948516845703125,1.0,0.0,5,124.29875335617525,-0.14804767835,-0.6051483154296875,-58.424972650370464,-1.0,0.0,0.0,108.36291802060373,
991,127.87,2.36398,0.064294,0.227251,588.069,598.068,0.0,0.2813456058502197,1.0,0.0,5,123.49799630134083,-0.14529292685000003,-0.6761972904205322,-57.01276889406418,-1.0,0.0,0.0,107.89665196384863,
992,128.366,3.29688,0.0762708,0.22095,588.844,598.843,0.0,0.3924103379249573,1.0,0.0,5,123.10226940991124,-0.14181233850000002,-0.11106473207473755,-55.561989121477666,-1.0,0.0,0.0,108.03664037141941,
993,128.912,4.32367,0.0772807,0.214802,589.621,599.62,0.0,0.5386651158332825,1.0,0.0,5,123.55099248937313,-0.13845277712,-0.1462547779083252,-55.44886638864362,-1.0,0.0,0.0,108.50644668171972,
994,129.377,3.99416,0.0638692,0.209662,590.4,600.399,0.0,0.06306755542755127,1.0,0.0,5,124.98441320315283,-0.13562720287,-0.4755975604057312,-57.5011069620697,-1.0,0.0,15.0,124.33082999164368,
995,129.891,2.55322,0.0408189,0.205952,591.183,601.182,0.0,0.22203411161899567,1.0,0.0,5,127.13253620705522,-0.13375655616,-0.1589665561914444,-60.97275277910791,-1.0,0.0,0.0,110.70790148926082,
996,130.514,0.967477,0.0163457,0.203739,591.97,601.969,0.0,0.8838208317756653,1.0,0.0,5,129.4299410520779,-0.13295395923000003,-0.6617867201566696,-64.61454931943668,-1.0,0.0,0.0,111.94481374694173,
997,131.087,-0.271056,-0.00947124,0.203424,592.762,602.761,0.0,-1.0,1.0,0.0,5,130.46035156655984,-0.13333120944,-1.8838208317756653,-68.23757995494309,-1.0,0.0,0.0,111.70247911885137,
998,131.594,-1.63906,-0.0375341,0.205414,593.556,603.555,0.0,-0.6481608152389526,1.0,0.0,5,129.03226415282805,-0.13515624958,-0.35183918476104736,-71.85074933517593,-1.0,0.0,0.0,109.82886881402575,
999,132.1,-3.3822,-0.0618203,0.209476,594.353,604.352,0.0,-0.7138537168502808,0.8163952827453613,0.0,5,127.76702336399939,-0.13835889799999998,-0.06569290161132812,-74.85874215218536,-1.0,0.0,0.0,107.89427105746964,
1000,132.51,-4.02425,-0.0714882,0.21468,595.153,605.152,0.0,-0.9199775457382202,1.0,0.0,5,127.43912644398199,-0.142236234,-0.20612382888793945,-76.22641802443628,-1.0,0.0,0.0,107.17844855520654,
1001,132.937,-3.26482,-0.0668243,0.220459,595.955,605.954,0.0,-0.8065145611763,1.0,0.0,5,128.20189021916192,-0.146535790415,-0.11346298456192017,-76.24046042305581,-1.0,0.0,0.0,107.9612004276144,
1002,133.425,-1.76825,-0.0535014,0.226266,596.76,606.759,0.0,-0.18019473552703857,1.0,0.0,5,129.6665780595173,-0.15094770525,-0.6263198256492615,-75.38294628030467,-1.0,0.0,0.0,109.48199783649635,
1003,133.795,0.0377899,-0.0359343,0.231725,597.567,607.566,0.0,-0.6151999235153198,1.0,0.0,5,131.3052287825501,-0.155018231875,-0.43500518798828125,-73.79968018253422,-1.0,0.0,0.0,111.56978894864505,
1004,134.079,1.81287,-0.0171178,0.236537,598.377,608.376,0.0,-0.033104538917541504,1.0,0.0,5,132.91184391659715,-0.15857322211500002,-0.5820953845977783,-71.763634318653,-1.0,0.0,0.0,113.63773349943958,
1005,134.335,3.55227,0.00230473,0.240509,599.188,609.187,0.0,-1.0,0.0,0.0,5,134.17984040592125,-0.161543882575,-0.9668954610824585,-69.40657171161465,-1.0,0.0,0.0,115.37658495711787,
1006,134.303,4.94718,0.0204217,0.24354,600.001,610.0,0.0,-0.6401221752166748,1.0,0.0,5,132.90374324977162,-0.1635407631,-0.3598778247833252,-66.65449669061407,-1.0,0.0,0.0,114.9686149665831,
1007,134.069,6.0785,0.0375015,0.245374,600.813,610.812,0.0,0.08997613191604614,1.0,0.0,5,131.46143113896824,-0.16448523403,-0.730098307132721,-63.56565539848481,-1.0,0.0,0.0,114.18650256317723,
1008,134.229,7.23904,0.0541646,0.246063,601.625,611.624,0.0,0.20431070029735565,1.0,0.0,5,130.39869455418074,-0.16514395213500002,-0.11433456838130951,-60.64688260725302,-1.0,0.0,0.0,114.0375295797181,
1009,134.516,8.67311,0.0695397,0.245776,602.439,612.438,0.0,0.5441402196884155,1.0,0.0,5,129.51755434593147,-0.16530402207999997,-0.3398295193910599,-57.8759164927386,-1.0,0.0,0.0,113.78132234484951,
1010,134.932,9.66158,0.0723798,0.245415,603.256,613.255,0.0,0.6786648631095886,1.0,0.0,5,129.69979799204225,-0.1655716839,-0.1345246434211731,-57.45687366902844,-1.0,0.0,0.0,114.1296504978588,
1011,135.482,8.56773,0.0573527,0.245631,604.076,614.075,0.0,-0.9883871674537659,1.0,0.0,5,131.37623873155422,-0.16639289571,-1.6670520305633545,-60.549518391554656,-1.0,0.0,0.0,114.57235062878655,
1012,136.068,5.79523,0.0288588,0.246717,604.899,614.898,0.0,0.3509376049041748,1.0,0.0,5,134.04823606958226,-0.16785144378,-1.3393247723579407,-65.87794942301296,-1.0,0.0,0.0,116.00909983834163,
1013,136.602,2.85385,-0.00316078,0.248983,605.725,615.724,0.0,-0.37507766485214233,1.0,0.0,5,136.38543356205082,-0.17005787883,-0.7260152697563171,-71.28594378102733,-1.0,0.0,0.0,117.17608515703711,
1014,137.194,-0.101933,-0.0329192,0.252734,606.553,616.552,0.0,0.08337965607643127,1.0,0.0,5,134.8619194127112,-0.17336794198,-0.4584573209285736,-75.93167879030374,-1.0,0.0,0.0,114.56809457687669,
1015,137.856,-1.72531,-0.0536798,0.257647,607.385,617.384,0.0,-0.5533438920974731,1.0,0.0,5,133.9591656615775,-0.17759092416000002,-0.6367235481739044,-79.18299428186756,-1.0,0.0,0.0,112.79480910249842,
1016,138.446,-2.79448,-0.0668891,0.263832,608.22,618.219,0.0,-1.0,1.0,0.0,5,133.50958906451902,-0.18263242536000002,-0.44665610790252686,-81.36761179570678,-1.0,0.0,0.0,111.85105685786155,
1017,138.908,-2.70641,-0.0667413,0.270531,609.059,619.058,0.0,-1.0,1.0,0.0,5,133.96672919011442,-0.18789460074,-0.0,-81.93579625115419,-1.0,0.0,0.0,112.29488552658586,
1018,139.347,-1.68034,-0.0567582,0.277222,609.901,619.899,0.0,-1.0,1.0,0.0,5,135.170188004085,-0.19315027017000005,-0.0,-81.33832478671833,-1.0,0.0,0.0,113.6424565372354,
1019,139.774,-0.147638,-0.0409616,0.28344,610.744,620.743,0.0,-0.06622922420501709,1.0,0.0,5,136.79487342510626,-0.1980877128,-0.9337707757949829,-79.90217691100429,-1.0,0.0,0.0,115.3411102518167,
1020,140.077,1.58963,-0.0222324,0.288928,611.59,621.589,0.0,-0.13397836685180664,0.0,0.0,5,138.4853871486668,-0.20236083728,-0.06774914264678955,-77.72224717393227,-1.0,0.0,0.0,117.83213977510971,
1021,139.944,3.22063,-0.00283844,0.293416,612.438,622.437,0.0,-0.2786978781223297,1.0,0.0,5,139.74482519706615,-0.20530904352,-0.14471951127052307,-74.73087248720545,-1.0,0.0,0.0,119.81338217836363,
1022,139.745,4.59715,0.0151097,0.296733,613.284,623.282,0.0,0.30122727155685425,1.0,0.0,5,138.67333585794947,-0.20733476542500004,-0.579925149679184,-71.55553453795082,-1.0,0.0,0.0,119.403139913133,
1023,140.056,6.18283,0.0304334,0.299037,614.13,624.129,0.0,0.6847971677780151,1.0,0.0,5,137.86028447538504,-0.20940963036000004,-0.3835698962211609,-69.03069746632544,-1.0,0.0,0.0,119.27812950957734,
1024,140.614,7.25273,0.0326287,0.30142,614.98,624.979,0.0,1.0,1.0,0.0,5,138.2455365703751,-0.21191935940000003,-0.31520283222198486,-69.05042267186471,-1.0,0.0,0.0,119.6764506933423,
1025,141.225,6.28717,0.0182425,0.304537,615.834,625.833,0.0,-0.28243452310562134,1.0,0.0,5,139.91342451655967,-0.215041189125,-1.2824345231056213,-72.24503769209495,-1.0,0.0,0.0,120.25239354747923,
1026,141.697,3.96302,-0.00844795,0.308767,616.691,626.69,0.0,0.29806429147720337,1.0,0.0,5,141.0934262579347,-0.218756787995,-0.5804988145828247,-77.1965813967072,-1.0,0.0,0.0,120.40137447638807,
1027,142.093,1.29044,-0.0390022,0.314562,617.549,627.548,0.0,-0.7855596542358398,1.0,0.0,5,139.21467244516285,-0.22348529133,-1.0836239457130432,-82.15963700408594,-1.0,0.0,0.0,117.12619071909744,
1028,142.63,-1.4054,-0.0657271,0.321958,618.409,628.408,0.0,-1.0,0.0,0.0,5,137.63807246182225,-0.2296043477,-0.21444034576416016,-86.2744430424115,-1.0,0.0,0.0,114.77552524979014,
1029,142.768,-2.86789,-0.0781053,0.330147,619.272,629.271,0.0,-1.0,0.0,0.0,5,136.7629460145133,-0.23567213448000002,-0.0,-88.06918831272475,-1.0,0.0,0.0,113.50997680185209,
1030,142.414,-2.67057,-0.0757364,0.338598,620.133,630.132,0.0,-1.0,1.0,0.0,5,136.61794404436932,-0.24110547786,-0.0,-87.66755901978648,-1.0,0.0,0.0,113.4599488115627,
1031,142.454,-1.49166,-0.0629814,0.346736,620.993,630.992,0.0,-0.7887136340141296,0.0,0.0,5,137.68854927558047,-0.24696965072000002,-0.21128636598587036,-86.39781390069425,-1.0,0.0,0.0,114.77874023989116,
1032,142.369,0.166566,-0.0443218,0.354111,621.853,631.852,0.0,-0.9264171123504639,1.0,0.0,5,139.07519418853383,-0.252072144795,-0.13770347833633423,-84.07307904492802,-1.0,0.0,0.0,116.76354123900592,
1033,142.088,1.98328,-0.0228408,0.360336,622.712,632.711,0.0,-0.9406567811965942,0.0,0.0,5,140.4283770997845,-0.25599710783999996,-0.014239668846130371,-80.8273241956963,-1.0,0.0,0.0,118.96127704236662,
1034,141.832,3.81372,-0.000190083,0.36525,623.571,633.57,0.0,-0.1978769600391388,0.0,0.0,5,141.81851751174838,-0.25902069,-0.7427798211574554,-76.93851188293235,-1.0,0.0,0.0,121.10203490466806,
1035,141.267,5.60071,0.0230967,0.368668,624.427,634.426,0.0,0.5162183046340942,0.0,0.0,5,139.5980659849618,-0.26040311178000003,-0.714095264673233,-72.02741594579008,-1.0,0.0,0.0,120.11658030733231,
1036,140.671,7.41689,0.0466458,0.370534,625.28,635.279,0.0,0.08551401644945145,0.9598221778869629,0.0,5,137.2383235785836,-0.26061694157,-0.4307042881846428,-66.35533812445723,-1.0,0.0,0.0,119.2596608194439,
1037,140.375,9.4219,0.065993,0.37118,626.131,636.13,0.0,0.7499071359634399,1.0,0.0,5,135.44091663383696,-0.26052196250000004,-0.6643931195139885,-61.32186343983561,-1.0,0.0,0.0,118.65061087552385,
1038,140.718,10.4783,0.0710775,0.371511,626.983,636.982,0.0,-0.1338200569152832,1.0,0.0,5,135.36596309522437,-0.26139142448999997,-0.8837271928787231,-60.179134847826404,-1.0,0.0,0.0,118.79466980091416,
1039,141.438,9.02244,0.0607545,0.372012,627.839,637.838,0.0,-0.5714067816734314,0.0,0.0,5,136.88319389199214,-0.26308316628,-0.4375867247581482,-63.28971019145715,-1.0,0.0,0.0,119.66640716042039,
1040,141.822,6.2669,0.0489995,0.371722,628.698,638.697,0.0,0.32582738995552063,1.0,0.0,5,138.17856690589406,-0.26359178742,-0.897234171628952,-66.30166101770993,-1.0,0.0,0.0,120.07038961255789,
1041,142.107,4.14277,0.0396544,0.370399,629.557,639.556,0.0,-0.13650700449943542,1.0,0.0,5,139.17843950069852,-0.263181453465,-0.46233439445495605,-68.52811172353852,-1.0,0.0,0.0,120.64452979801241,
1042,142.689,2.58994,0.0323512,0.36854,630.419,640.418,0.0,-0.4915049076080322,1.0,0.0,5,140.3066597450857,-0.2629330203,-0.3549979031085968,-70.50782793969053,-1.0,0.0,0.0,121.3102703689305,
1043,143.293,1.62974,0.0304467,0.366109,631.285,641.284,0.0,-0.3935149908065796,1.0,0.0,5,141.04552623422953,-0.262304284685,-0.09798991680145264,-71.28260075100265,-1.0,0.0,0.0,121.93317478675343,
1044,143.847,1.38363,0.0341946,0.362961,632.154,642.153,0.0,-1.0,1.0,0.0,5,141.30399409716892,-0.261054254835,-0.6064850091934204,-70.75202616458503,-1.0,0.0,0.0,122.17298779842966,
1045,144.265,1.59763,0.0421826,0.358966,633.027,643.026,0.0,0.07702380418777466,0.42743539810180664,0.0,5,141.09483438366095,-0.25893114995,-1.0770238041877747,-69.05237340047216,-1.0,0.0,0.0,122.24970274233657,
1046,144.274,2.04334,0.0529038,0.353968,633.9,643.899,0.0,-0.3175520598888397,0.6796655654907227,0.0,5,140.25760770465453,-0.25534189616,-0.3945758640766144,-66.12543379434271,-1.0,0.0,0.0,122.35253460068589,
1047,144.192,2.60333,0.0646955,0.347834,634.773,644.772,0.0,-0.4606870412826538,1.0,0.0,5,139.2293131575688,-0.25077440064,-0.1431349813938141,-62.60285366300246,-1.0,0.0,0.0,122.28488484676005,
1048,144.43,3.27706,0.0780036,0.34049,635.647,645.646,0.0,-0.4752964973449707,1.0,0.0,5,138.36350684061776,-0.24588485350000003,-0.014609456062316895,-58.75016806739174,-1.0,0.0,0.0,122.42569713345111,
1049,144.834,4.23437,0.0934188,0.331863,636.522,646.521,0.0,-1.0,1.0,0.0,5,137.4471974970316,-0.24032522871,-0.5247035026550293,-54.1253499163393,-1.0,0.0,0.0,122.51812373844028,
1050,145.155,5.29689,0.110102,0.321897,637.4,647.399,0.0,0.40933823585510254,1.0,1.0,5,136.3012785415922,-0.233624795175,-1.4093382358551025,-48.34957866420909,-1.0,0.0,0.0,122.55745760960842,
1051,144.532,6.27615,0.125639,0.310516,638.277,648.276,0.0,-0.33265602588653564,1.0,0.0,5,134.33720939173912,-0.22439749256000002,-0.7419942617416382,-40.4875710285265,-1.0,0.0,0.0,122.76832086352499,
1052,143.587,6.76064,0.135554,0.298131,639.149,649.148,0.0,-0.27156269550323486,1.0,0.0,5,132.5677016073426,-0.214038679485,-0.06109333038330078,-33.39145018059939,-1.0,0.0,0.0,122.98747238359276,
1053,143.242,6.68131,0.14262,0.284749,640.016,650.015,0.0,0.3061372637748718,1.0,0.0,5,131.6076692853357,-0.20394008129,-0.5776999592781067,-40.892762582225345,-1.0,0.0,0.0,120.00722857070593,
1054,143.204,6.72169,0.149255,0.270274,640.882,650.881,0.0,0.9257923364639282,1.0,0.0,5,130.96455555493515,-0.19352158948000003,-0.6196550726890564,-49.13157683571663,-1.0,0.0,0.0,117.30224323471927,
1055,143.622,6.78999,0.145861,0.255539,641.75,651.749,0.0,1.0,1.0,0.0,5,131.65957437071205,-0.18350511129000005,-0.07420766353607178,-48.85230864247791,-1.0,0.0,0.0,118.24072979974174,
1056,144.112,5.16552,0.12694,0.241425,642.621,652.62,0.0,1.0,0.0,0.0,5,133.830221385754,-0.17396119799999998,-0.0,-32.874135942836446,-1.0,0.0,0.0,124.43772620204487,
1057,144.057,2.66882,0.0980918,0.228566,643.494,653.493,0.0,1.0,0.8838982582092285,0.0,5,136.31041711382173,-0.16463266130999998,-0.0,-45.42320457469964,-1.0,0.0,0.0,123.78998330883681,
1058,144.198,-0.0506398,0.0649831,0.217616,644.368,654.367,0.0,0.6135655045509338,1.0,0.0,5,139.21172746525252,-0.15689895984000002,-0.38643449544906616,-56.11334072268883,-1.0,0.0,0.0,123.91056297610561,
1059,144.467,-2.78372,0.0307681,0.208801,645.245,655.244,0.0,0.9134916067123413,1.0,0.0,5,142.17648676986008,-0.150824270335,-0.29992610216140747,-64.74463174616551,-1.0,0.0,0.0,124.74952673233528,
1060,144.658,-5.38398,-0.00327045,0.202281,646.124,656.123,0.0,-1.0,1.0,0.0,5,144.42067842467705,-0.14630782449,-1.9134916067123413,-71.96711473919167,-1.0,0.0,0.0,124.70854443337542,
1061,144.735,-7.7347,-0.0362356,0.198196,647.005,657.004,0.0,-0.5360919237136841,1.0,0.0,5,142.0182845448761,-0.14342949030000002,-0.4639080762863159,-77.7933896219997,-1.0,0.0,0.0,121.28733522619027,
1062,144.77,-9.83723,-0.0674165,0.196615,647.888,657.887,0.0,0.05666658282279968,1.0,0.0,5,139.56488823615956,-0.14231976775000002,-0.5927585065364838,-82.46514946651425,-1.0,0.0,0.0,117.62845354982005,
1063,144.882,-11.6243,-0.0950063,0.197454,648.771,658.77,0.0,0.3872378468513489,1.0,0.0,5,137.3566224664356,-0.14303765214,-0.3305712640285492,-86.1601744152994,-1.0,0.0,0.0,114.57436983126217,
1064,145.069,-12.6992,-0.119304,0.200724,649.657,659.656,0.0,-1.0,1.0,0.0,5,135.40466617713605,-0.14559414978,-1.3872378468513489,-89.1912477187924,-1.0,0.0,0.0,111.54508874360255,
1065,145.252,-13.5028,-0.141755,0.206594,650.543,660.542,0.0,-1.0,1.0,0.0,5,133.53440630398921,-0.15004095844,-0.0,-91.80550338890303,-1.0,0.0,0.0,109.43298949832345,
1066,145.5,-14.3535,-0.158132,0.214701,651.43,661.429,0.0,-1.0,0.2485683560371399,0.0,5,132.22840266434326,-0.1561949775,-0.0,-93.78348039552546,-1.0,0.0,0.0,107.6263375879619,
1067,145.704,-13.5517,-0.156678,0.224004,652.319,662.318,0.0,-1.0,1.0,0.0,5,132.55162161488968,-0.16319139408000002,-0.0,-94.11669923711845,-1.0,0.0,0.0,107.85925541153007,
1068,145.968,-10.2381,-0.135456,0.233999,653.207,663.206,0.0,-1.0,0.0,0.0,5,134.77499582500965,-0.17078183015999998,-0.0,-92.66989496801973,-1.0,0.0,0.0,110.43674025284473,
1069,146.064,-5.74581,-0.100987,0.244008,654.095,664.094,0.0,-1.0,1.0,0.0,5,137.9570721152692,-0.17820392256,-0.0,-89.32594927564043,-1.0,0.0,0.0,114.4473808737991,
1070,145.869,-1.19595,-0.0613311,0.253062,654.98,664.979,0.0,-1.0,1.0,0.0,5,141.12439324041625,-0.18456950439,-0.0,-84.14850745497894,-1.0,0.0,0.0,118.90269687228152,
1071,146.004,3.26111,-0.0206092,0.260712,655.867,665.866,0.0,-0.10653090476989746,1.0,0.0,5,144.46858797547222,-0.19032497424,-0.8934690952301025,-77.71039854276243,-1.0,0.0,0.0,123.58262263697257,
1072,146.017,7.61733,0.0201794,0.266785,656.754,666.753,0.0,-0.880212664604187,0.0,0.0,5,144.5141036109486,-0.194775726725,-0.7736817598342896,-69.14006978033007,-1.0,0.0,0.0,125.8022059111908,
1073,145.647,11.5676,0.0593612,0.271133,657.643,667.642,0.0,-1.0,1.0,0.0,5,141.07011138918688,-0.197448540255,-0.11978733539581299,-56.38538899056323,-1.0,0.0,0.0,125.74037940067231,
1074,144.932,15.01,0.0957429,0.273585,658.53,668.529,0.0,-0.3802424669265747,1.0,0.0,5,137.34072306221825,-0.1982561061,-0.6197575330734253,-37.8571626197826,-1.0,0.0,0.0,126.49224904125057,
1075,144.449,18.1227,0.129696,0.274175,659.415,669.414,0.0,0.5741287469863892,1.0,0.0,5,133.8948202030202,-0.19802152287500002,-0.9543712139129639,-52.96105981114232,-1.0,0.0,0.0,119.17022236318574,
1076,144.046,21.0216,0.161947,0.272909,660.3,670.299,0.0,0.04873502254486084,0.4317483901977539,1.0,5,130.5481987183957,-0.19655724907,-0.5253937244415283,-64.37241592095909,-1.0,0.0,0.0,113.10091937175348,
1077,142.845,23.6475,0.190576,0.269953,661.183,671.182,0.0,0.8705151081085205,1.0,1.0,5,126.7296614158588,-0.192807181425,-0.8217800855636597,-70.45744305821614,-1.0,0.0,0.0,107.67595944421068,
1078,140.925,25.379,0.209782,0.265895,662.058,672.057,0.0,1.0,1.0,0.0,5,123.16182563217066,-0.187356264375,-0.1294848918914795,-72.43810782346742,-1.0,0.0,0.0,103.82609694436137,
1079,139.322,25.8179,0.217951,0.261169,662.923,672.922,0.0,1.0,1.0,0.0,5,120.96323030014591,-0.18193293709,-0.0,-72.39663261214027,-1.0,0.0,0.0,101.68213921002085,
1080,138.489,24.9093,0.213108,0.256068,663.781,673.78,0.0,1.0,1.0,0.6048287153244019,5,120.7110278293359,-0.17731300626000004,-0.0,-70.98892000004741,-1.0,0.0,0.0,101.78648482306406,
1081,138.121,22.0598,0.193677,0.250819,664.634,674.633,0.0,1.0,1.0,1.0,5,122.24660763829084,-0.17321685549500002,-0.0,-67.42093493638073,-1.0,0.0,0.0,104.21815704870066,
1082,137.516,17.2452,0.161945,0.245295,665.48,675.479,0.0,1.0,1.0,0.0,5,124.63027110957242,-0.1686599361,-0.0,-60.282877571860396,-1.0,0.0,0.0,108.39089178050732,
1083,136.946,11.6118,0.122219,0.239497,666.319,676.318,0.0,1.0,1.0,0.0,5,127.57657563172624,-0.16399078081,-0.0,-48.16440731322737,-1.0,0.0,0.0,114.3714830226094,
1084,136.796,6.3363,0.0781171,0.23407,667.153,677.152,0.0,0.6606920957565308,1.0,0.0,5,131.04120744132527,-0.1600991986,-0.33930790424346924,-33.276054095841005,-1.0,0.0,0.0,121.46030234749199,
1085,136.674,1.67832,0.0330412,0.229889,667.984,677.983,0.0,1.0,1.0,0.0,5,134.34187618868017,-0.15709924593000002,-0.33930790424346924,-50.16431961681977,-1.0,0.0,0.0,120.5419046672722,
1086,136.659,-2.35237,-0.0110739,0.227539,668.816,678.815,0.0,-1.0,0.5950281620025635,0.0,5,135.89396216803814,-0.15547626100499998,-2.0,-63.54334367387516,-1.0,0.0,0.0,118.25264998856437,
1087,136.516,-5.99027,-0.0539153,0.227376,669.648,679.647,0.0,-0.05642986297607422,1.0,0.0,5,132.63926377887879,-0.15520231008,-0.9435701370239258,-71.9580074661549,-1.0,0.0,0.0,113.21148856115289,
1088,136.304,-9.16496,-0.0936249,0.229548,670.48,680.479,0.0,-1.0,1.0,0.0,5,129.33563515317545,-0.15644155296,-0.9435701370239258,-77.61038194829015,-1.0,0.0,0.0,108.49352707203573,
1089,136.269,-12.1357,-0.128214,0.233897,671.311,681.31,0.0,-1.0,0.0,0.0,5,126.4386000034485,-0.159364551465,-0.0,-81.75663076145011,-1.0,0.0,0.0,104.84007776162096,
1090,136.235,-14.1067,-0.147934,0.239604,672.144,682.143,0.0,-1.0,0.0,0.0,5,124.70682150738142,-0.16321225470000003,-0.0,-83.88872219536523,-1.0,0.0,0.0,102.57142870384011,
1091,136.03,-13.4994,-0.146879,0.246124,672.976,682.975,0.0,-1.0,0.0,0.0,5,124.61122424137048,-0.1674012386,-0.0,-83.7732033128704,-1.0,0.0,0.0,102.50052217455288,
1092,135.834,-10.5293,-0.12612,0.253169,673.805,683.804,0.0,-1.0,0.9404895901679993,0.0,5,126.2121240478259,-0.17194478973,-0.0,-81.66639344405182,-1.0,0.0,0.0,104.62358089708293,
1093,135.888,-6.37253,-0.0912688,0.260111,674.633,684.632,0.0,-1.0,1.0,0.0,5,129.12985801664996,-0.17672981784,-0.0,-77.73911522995476,-1.0,0.0,0.0,108.51834939132127,
1094,136.285,-2.04614,-0.0506757,0.266159,675.46,685.459,0.0,-1.0,1.0,0.0,5,132.65835458940086,-0.18136739657499998,-0.0,-71.79797804984324,-1.0,0.0,0.0,113.52749268036504,
1095,136.526,2.27493,-0.00817806,0.270864,676.29,686.289,0.0,-0.6557257771492004,1.0,0.0,5,135.9631818635725,-0.18489989232,-0.34427422285079956,-61.96012040349822,-1.0,0.0,0.0,119.18496960352269,
1096,136.566,6.38254,0.0337736,0.273972,677.121,687.12,0.0,-1.0,1.0,0.0,5,134.182395655021,-0.18707630076,-0.34427422285079956,-45.053587727128516,-1.0,0.0,0.0,121.62864015562363,
1097,136.462,10.1764,0.0740029,0.275345,677.954,687.953,0.0,-0.8209514617919922,1.0,0.8193633556365967,5,131.04382380534386,-0.18787064695,-0.1790485382080078,-36.88383371843001,-1.0,0.0,0.0,120.58128016732395,
1098,135.754,13.6049,0.111323,0.274968,678.785,688.784,0.0,-0.7685728073120117,0.0,0.0,5,127.3730078772902,-0.18664002936,-0.05237865447998047,-49.12164576672291,-1.0,0.0,0.0,113.89024280990547,
1099,134.495,16.2898,0.142811,0.273,679.612,689.611,0.0,0.44789913296699524,1.0,0.18469178676605225,5,123.55474637206365,-0.18358567500000003,-1.216471940279007,-56.46832763727522,-1.0,0.0,0.0,107.88913720566114,
1100,133.264,18.322,0.170332,0.269435,680.433,690.432,0.0,0.5601608753204346,1.0,0.0,5,120.04071530059274,-0.1795299292,-0.11226174235343933,-61.00755668869385,-1.0,0.0,0.0,103.57561767651325,
1101,132.288,19.9948,0.194911,0.264323,681.248,691.247,0.0,1.0,1.0,0.0,5,116.97239654056658,-0.17483380512,-0.43983912467956543,-64.27869475432058,-1.0,0.0,0.0,99.59593730946256,
1102,131.675,21.6221,0.216542,0.257767,682.06,692.059,0.0,1.0,0.14951848983764648,0.0,5,114.45446650488635,-0.16970734862500003,-0.0,-66.90133868616041,-1.0,0.0,0.0,96.55942448472126,
1103,131.53,22.7721,0.225666,0.250493,682.872,692.87,0.0,1.0,1.0,0.0,5,113.47981444615185,-0.16473672145000004,-0.0,-68.18352417063757,-1.0,0.0,0.0,95.26919668204246,
1104,131.711,21.426,0.214135,0.243098,683.683,693.682,0.0,1.0,1.0,0.0,5,114.70835354234818,-0.16009340339000003,-0.0,-67.32812028807659,-1.0,0.0,0.0,96.71623006693903,
1105,132.507,17.6211,0.183118,0.235672,684.495,694.494,0.0,1.0,1.0,0.0,5,118.22705660040157,-0.15614094852,-0.0,-64.34256352466487,-1.0,0.0,0.0,100.98527477071535,
1106,133.565,12.0403,0.136665,0.228444,685.309,695.308,0.0,1.0,0.0,0.0,5,123.22117581004055,-0.1525606143,-0.0,-57.83159389674857,-1.0,0.0,0.0,107.6107167215534,
1107,134.043,6.13275,0.0821969,0.222056,686.126,696.125,0.0,1.0,1.0,0.0,5,128.08767725965453,-0.14882526204000002,-0.0,-36.29263222575581,-1.0,0.0,0.0,117.86569394117556,
1108,134.337,0.610091,0.0267999,0.217448,686.943,696.942,0.0,1.0,1.0,0.0,5,132.48886653654242,-0.14605655988,-0.0,-43.97452991423927,-1.0,0.0,0.0,120.34917749810259,
1109,134.492,-4.57738,-0.027397,0.21489,687.762,697.761,0.0,1.0,1.0,0.0,5,132.59942040933177,-0.14450492939999998,-0.0,-56.87036384100114,-1.0,0.0,0.0,117.2373245196815,
1110,134.418,-9.47961,-0.0801871,0.214554,688.582,698.581,0.0,-0.8484134674072266,0.9585809707641602,0.0,5,128.60255843048995,-0.14419959786,-1.8484134674072266,-69.8293446493891,-1.0,0.0,0.0,109.44649863006052,
1111,134.102,-14.061,-0.131172,0.216532,689.403,699.402,0.0,-0.17643654346466064,1.0,0.0,5,124.1799538897005,-0.14518687132000002,-0.6719769239425659,-77.43721728621912,-1.0,0.0,0.0,103.47386961964295,
1112,133.637,-18.3197,-0.180076,0.220881,690.224,700.223,0.0,-0.9735323190689087,0.0,0.0,5,119.50861721696705,-0.147589370985,-0.797095775604248,-82.41780047482195,-1.0,0.0,0.0,97.51744899459528,
1113,132.975,-22.2456,-0.226035,0.227595,691.045,701.044,0.0,-1.0,0.0,0.0,5,114.6916147066438,-0.151322225625,-0.02646768093109131,-85.73964036338879,-1.0,0.0,0.0,92.09744208589228,
1114,132.15,-25.8387,-0.262793,0.236226,691.864,701.863,0.0,-1.0,0.0,0.0,5,110.44817467377578,-0.1560863295,-0.0,-87.59669709213469,-1.0,0.0,0.0,87.3929140712421,
1115,131.459,-27.6219,-0.280578,0.24587,692.681,702.68,0.0,-1.0,0.0,0.0,5,108.1171396985823,-0.16160912165000002,-0.0,-88.16942619752419,-1.0,0.0,0.0,84.91317402755126,
1116,131.155,-26.7487,-0.277009,0.256129,693.495,703.494,0.0,-1.0,0.0,0.0,5,108.22094396781098,-0.167962994975,-0.0,-87.85511547359508,-1.0,0.0,0.0,85.08920210443722,
1117,131.255,-23.2389,-0.252821,0.266876,694.306,704.305,0.0,-1.0,0.0,0.0,5,110.6666693854094,-0.1751440469,-0.0,-86.64613989351442,-1.0,0.0,0.0,87.8299903651308,
1118,131.589,-17.3191,-0.208627,0.277985,695.114,705.113,0.0,-1.0,1.0,0.0,5,115.10850079552682,-0.182898840825,-0.0,-83.94839546983057,-1.0,0.0,0.0,92.93850308724417,
1119,131.971,-10.2534,-0.148977,0.288818,695.921,705.92,0.0,-1.0,0.0,0.0,5,120.71521517324798,-0.19057800139000003,-0.0,-78.76388769346715,-1.0,0.0,0.0,99.8336652484912,
1120,132.265,-3.5577,-0.0854743,0.298338,696.728,706.727,0.0,-1.0,1.0,0.0,5,126.1363907876524,-0.19729837784999998,-0.0,-69.65742218389214,-1.0,0.0,0.0,107.52473686382936,
1121,131.893,2.73526,-0.0228303,0.305889,697.533,707.532,0.0,-0.18858885765075684,1.0,0.0,5,130.35318109478663,-0.201723089385,-0.8114111423492432,-54.99528091809225,-1.0,0.0,0.0,115.15921443317379,
1122,131.668,8.68746,0.0376212,0.311355,698.339,708.338,0.0,-1.0,0.0,0.0,5,129.09866265434385,-0.2049774507,-0.8114111423492432,-46.98081088617948,-1.0,0.0,0.0,115.90505913939421,
1123,131.117,14.2702,0.095905,0.314721,699.145,709.144,0.0,-0.704979419708252,1.0,0.0,5,124.23671604900704,-0.20632636678499996,-0.29502058029174805,-41.088444530082555,-1.0,0.0,0.0,112.66977237561387,
1124,130.118,19.3552,0.151027,0.315903,699.95,709.949,0.0,1.0,1.0,0.0,5,118.84852203072563,-0.20552333276999998,-1.704979419708252,-57.370876345521395,-1.0,0.0,0.0,102.78878578566281,
1125,129.143,24.0541,0.203117,0.314946,700.753,710.752,0.0,1.0,1.0,0.0,5,113.46257980651225,-0.20336535639,-0.0,-64.22166914487966,-1.0,0.0,0.0,96.20379716390235,
1126,128.145,28.4317,0.252959,0.311868,701.555,711.554,0.0,1.0,1.0,0.0,5,108.03151083298638,-0.19982162430000003,-0.0,-68.36753267325555,-1.0,0.0,0.0,89.7398060403725,
1127,127.137,32.7002,0.299653,0.306777,702.357,712.356,0.0,1.0,1.0,0.0,5,102.70694317722217,-0.19501353724500003,-0.0,-71.22137785376971,-1.0,0.0,0.0,83.70658517653474,
1128,126.239,36.546,0.335468,0.30032,703.159,713.158,0.0,1.0,1.0,0.0,5,98.4223352334183,-0.1895604824,-0.0,-72.8586890230115,-1.0,0.0,0.0,79.01810249526542,
1129,125.804,38.458,0.35321,0.29315,703.961,713.96,0.0,1.0,0.0,0.0,5,96.27924317232481,-0.18439721300000003,-0.0,-73.63476768822451,-1.0,0.0,0.0,76.6861540372687,
1130,126.013,37.8156,0.352825,0.28525,704.764,714.763,0.0,1.0,1.0,0.0,5,96.47872803223532,-0.17972604125,-0.0,-73.981132841498,-1.0,0.0,0.0,76.80371878061082,
1131,126.775,34.9705,0.336321,0.276425,705.566,715.565,0.0,1.0,1.0,0.0,5,98.75353601578631,-0.175218896875,-0.0,-73.9399661682705,-1.0,0.0,0.0,79.09332557684368,
1132,128.063,30.3989,0.305425,0.266663,706.367,716.366,0.0,1.0,0.7507935762405396,1.0,5,102.88196914837648,-0.17074831884499997,-0.0,-73.4176561910349,-1.0,0.0,0.0,83.35680678177276,
1133,128.755,23.9324,0.262034,0.256059,707.168,717.167,0.0,1.0,1.0,0.0,5,107.68324634975792,-0.164844382725,-0.0,-71.0394908191914,-1.0,0.0,0.0,88.75852926223507,
1134,128.834,16.6652,0.210977,0.244713,707.961,717.96,0.0,1.0,1.0,0.0,5,112.48742799122738,-0.15763677321000003,-0.0,-66.39812569683997,-1.0,0.0,0.0,94.73025979380739,
1135,129.195,9.80968,0.153856,0.233364,708.751,718.75,0.0,1.0,1.0,1.0,5,117.76933506598223,-0.1507473099,-0.0,-42.18655903017225,-1.0,0.0,0.0,106.07194799853917,
1136,128.803,3.31999,0.0950171,0.223039,709.539,719.538,0.0,1.0,1.0,0.0,5,122.11196427007387,-0.143640461585,-0.0,-47.08934385856915,-1.0,0.0,0.0,109.19598784384658,
1137,127.838,-2.1956,0.04197,0.214045,710.32,720.319,0.0,-0.26249241828918457,1.0,0.0,5,125.04353151114539,-0.13681542355,-1.2624924182891846,-51.27028878959486,-1.0,0.0,0.0,110.7103961647099,
1138,127.183,-6.86379,-0.00770981,0.20668,711.099,721.098,0.0,-0.4248243272304535,1.0,0.0,5,126.68894654003734,-0.1314309122,-0.16233190894126892,-55.720304836719194,-1.0,0.0,0.0,111.57873984597515,
1139,126.657,-11.1722,-0.0557864,0.20111,711.875,721.874,0.0,-1.0,1.0,0.0,5,122.92892819867075,-0.12735994635,-0.5751756727695465,-60.334985555322575,-1.0,0.0,0.0,106.54526916165923,
1140,126.346,-15.4175,-0.100064,0.197276,712.652,722.651,0.0,-1.0,0.0,0.0,5,119.4031894509795,-0.12462516748000001,-0.0,-64.86382697399189,-1.0,0.0,0.0,102.06260754000152,
1141,126.106,-18.7785,-0.130116,0.194438,713.431,723.43,0.0,-1.0,1.0,0.0,5,116.85893303087776,-0.12259899214,-0.0,-67.93693605704145,-1.0,0.0,0.0,98.7521000244774,
1142,126.064,-19.7205,-0.139542,0.192182,714.21,724.209,0.0,-1.0,0.0,0.0,5,116.07153862234836,-0.12113615824,-0.0,-69.04000505050527,-1.0,0.0,0.0,97.69040120148203,
1143,126.29,-18.1439,-0.128734,0.190395,714.99,724.989,0.0,-1.0,1.0,0.0,5,117.13850313096856,-0.12022492275000002,-0.0,-68.5136449747823,-1.0,0.0,0.0,98.88986696452298,
1144,126.666,-14.3701,-0.0995124,0.18899,715.769,725.768,0.0,-1.0,0.0,0.0,5,119.74732642950337,-0.11969303669999999,-0.0,-66.64596334556268,-1.0,0.0,0.0,101.9661425564127,
1145,127.043,-9.36701,-0.0565503,0.18757,716.548,726.547,0.0,-1.0,0.0,0.0,5,123.24967080600715,-0.11914727755000001,-0.0,-63.84422786002881,-1.0,0.0,0.0,106.16946656344994,
1146,126.929,-4.38687,-0.00625307,0.185221,717.325,727.324,0.0,-0.9427998661994934,1.0,0.0,5,126.52967311517052,-0.117549581545,-0.05720013380050659,-60.208028784047215,-1.0,0.0,0.0,110.34295629747356,
1147,126.62,0.43364,0.0455682,0.181208,718.099,728.098,0.0,-1.0,1.0,0.0,5,123.60463756889276,-0.1147227848,-0.05720013380050659,-56.50076440804564,-1.0,0.0,0.0,108.34756364194119,
1148,126.571,5.09738,0.0971429,0.175347,718.872,728.871,0.0,-0.9145621061325073,1.0,0.0,5,119.83618803740013,-0.110969225685,-0.08543789386749268,-53.29068340679743,-1.0,0.0,0.0,105.37691659185553,
1149,126.453,9.7525,0.14885,0.167562,719.646,729.645,0.0,-0.47029995918273926,0.0,0.0,5,115.67816803438033,-0.10594358793,-0.44426214694976807,-50.19708350822869,-1.0,0.0,0.0,101.88967492530824,
1150,126.031,14.2294,0.199954,0.157798,720.419,730.418,0.0,1.0,0.0,0.0,5,111.00351624222826,-0.09943719869,-1.4702999591827393,-47.01667218535616,-1.0,0.0,0.0,97.70882100944439,
1151,125.204,18.2868,0.24863,0.14596,721.19,731.188,0.0,1.0,1.0,0.0,5,105.94916443548777,-0.09137387920000001,-0.0,-43.74379621925807,-1.0,0.0,0.0,93.92184150147325,
1152,124.251,22.0642,0.292932,0.132159,721.957,731.956,0.0,1.0,1.0,0.0,5,101.0186802797297,-0.082104439545,-0.0,-40.74755336454669,-1.0,0.0,0.0,89.74968749904801,
1153,123.652,25.4144,0.325207,0.117062,722.723,732.722,0.0,1.0,1.0,0.0,5,97.41701950772232,-0.07237475212,-0.0,-69.70642742912075,-1.0,0.0,0.0,78.91803789832213,
1154,123.499,26.8988,0.338691,0.10137,723.489,733.488,0.0,1.0,0.0,0.0,5,95.9666296343546,-0.06259546815,-0.0,-70.97408019996604,-1.0,0.0,0.0,77.16051411621311,
1155,123.73,25.9749,0.332938,0.0852284,724.256,734.255,0.0,1.0,1.0,0.5312909483909607,5,96.71673118231993,-0.052726549660000004,-0.0,-69.23321844365486,-1.0,0.0,0.0,78.35570002174623,
1156,123.87,22.5941,0.309776,0.0686018,725.02,735.019,0.0,1.0,0.0,0.0,5,99.09342673594541,-0.042488524830000006,-0.0,-42.44188691858322,-1.0,0.0,0.0,87.4404664814696,
1157,123.852,17.5867,0.273188,0.0514639,725.78,735.779,0.0,1.0,1.0,0.0,5,102.5512359504071,-0.031869534714,-0.0,-45.44625531250915,-1.0,0.0,0.0,90.15780258756581,
1158,124.311,11.8083,0.223909,0.0342679,726.536,736.535,0.0,1.0,1.0,0.0,5,107.40663968713136,-0.0212993845845,-0.0,-49.730541433429096,-1.0,0.0,0.0,93.95270494418959,
1159,124.945,5.92917,0.167286,0.0178084,727.294,737.293,0.0,1.0,0.0,0.0,5,112.7987056382145,-0.011125352689999998,-0.0,-54.641998641594256,-1.0,0.0,0.0,98.12708062512593,
1160,125.167,0.278119,0.108577,0.00278568,728.053,738.052,0.0,1.0,1.0,0.0,5,117.64814455668677,-0.0017433760428000001,-0.0,-59.19929881222174,-1.0,0.0,0.0,101.84657647758854,
1161,125.094,-5.08568,0.0508162,-0.0103832,728.814,738.813,0.0,0.950503408908844,0.0,0.0,5,121.75548738492101,-0.006494380104,-0.049496591091156006,-63.25183962376475,-1.0,0.0,0.0,104.92118412154848,
1162,124.7,-10.1034,-0.00519687,-0.0215939,729.576,739.575,0.0,0.8723289966583252,1.0,0.0,5,124.3742927028088,-0.01346379665,-0.0781744122505188,-66.66439713417289,-1.0,0.0,0.0,106.67127729894042,
1163,124.112,-14.7364,-0.0586432,-0.030714,730.338,740.337,0.0,-1.0,0.0,0.0,5,120.26157210807251,-0.019059879840000002,-1.8723289966583252,-69.49130062696011,-1.0,0.0,0.0,101.30798837249498,
1164,123.344,-19.0085,-0.109587,-0.0377526,731.101,741.099,0.0,-1.0,0.224884033203125,0.0,5,115.85917251680804,-0.023282783471999996,-0.0,-71.75655966807425,-1.0,0.0,0.0,96.89674981631748,
1165,122.297,-22.8627,-0.157496,-0.042696,731.861,741.86,0.0,-1.0,0.0,0.0,5,111.1924659676056,-0.026107963559999996,-0.0,-73.36759779641693,-1.0,0.0,0.0,91.82445855494137,
1166,121.146,-26.4299,-0.207669,-0.0455023,732.622,742.621,0.0,-1.0,1.0,0.0,5,106.05416490296271,-0.027562108179,-0.0,-74.53252555322656,-1.0,0.0,0.0,86.39347140647708,
1167,120.259,-29.8649,-0.260681,-0.0451431,733.383,743.382,0.0,-1.0,0.0,0.0,5,100.6983180898594,-0.0271443203145,-0.0,-75.48918874285933,-1.0,0.0,0.0,80.79887658383007,
1168,119.707,-31.8372,-0.296484,-0.0419229,734.145,744.144,0.0,-1.0,1.0,0.0,5,96.99737534096099,-0.025092322951499997,-0.0,-76.13477031181442,-1.0,0.0,0.0,76.93859044005589,
1169,119.652,-31.5742,-0.313374,-0.0361322,734.905,744.904,0.0,-1.0,1.0,0.0,5,95.38224893968318,-0.021616449972,-0.0,-76.68948610707237,-1.0,0.0,0.0,75.18826096294309,
1170,120.29,-29.2093,-0.313376,-0.0277042,735.663,745.661,0.0,-1.0,1.0,0.0,5,95.89065088021985,-0.01666269109,-0.0,-77.46731442331063,-1.0,0.0,0.0,75.50715958330218,
1171,121.435,-25.0175,-0.298089,-0.0165952,736.419,746.418,0.0,-1.0,1.0,0.0,5,98.24728711021544,-0.010076190560000002,-0.0,-78.33327845665559,-1.0,0.0,0.0,77.65389130549154,
1172,122.846,-19.222,-0.268501,-0.00288391,737.174,747.173,0.0,-1.0,0.0,0.0,5,102.1496947573076,-0.0017713840393,-0.0,-79.03630244340872,-1.0,0.0,0.0,81.38884776241612,
1173,123.955,-12.3273,-0.226867,0.0130882,737.929,747.927,0.0,-1.0,0.2152693271636963,0.0,5,106.83841505683851,-0.008111739154999999,-0.0,-79.00158411199433,-1.0,0.0,0.0,86.07990728968494,
1174,124.163,-5.81387,-0.179733,0.0303033,738.68,748.679,0.0,-1.0,0.0,0.0,5,111.06479906677957,-0.0188127431895,-0.0,-77.76037938434942,-1.0,0.0,0.0,90.60589147750272,
1175,123.94,0.285938,-0.132002,0.0478147,739.427,749.426,0.0,-1.0,0.0,0.0,5,114.7053402911562,-0.02963076959,-0.0,-75.90821052677717,-1.0,0.0,0.0,94.69865688987191,
1176,123.347,6.19449,-0.0843852,0.0653432,740.17,750.169,0.0,-1.0,0.0,0.0,5,117.7099357841387,-0.04029943845200001,-0.0,-73.51780373917316,-1.0,0.0,0.0,98.2901854108934,
1177,122.401,11.9806,-0.0367854,0.0828069,740.908,750.907,0.0,-1.0,1.0,0.0,5,120.0674177433344,-0.050678236834500005,-0.0,-70.59239839756336,-1.0,0.0,0.0,101.36863990710907,
1178,121.059,17.6528,0.0103928,0.100161,741.641,751.64,0.0,-1.0,1.0,0.0,5,120.42340258658142,-0.060626952495000004,-0.0,-67.10622064619841,-1.0,0.0,0.0,102.58622047253681,
1179,119.746,23.1241,0.0565659,0.117423,742.37,752.369,0.0,-0.5110939741134644,1.0,0.0,5,116.16951106512141,-0.07030467279,-0.48890602588653564,-63.52475134791117,-1.0,0.0,0.0,99.07134674758767,
1180,118.33,28.4551,0.101984,0.134609,743.095,753.094,0.0,-1.0,1.0,0.0,5,111.69174427752256,-0.07964141485000001,-0.48890602588653564,-59.72071745875061,-1.0,0.0,0.0,95.53525169021896,
1181,116.717,33.6141,0.146477,0.151733,743.816,753.815,0.0,-0.8244950771331787,0.0,0.0,5,106.94948246299367,-0.088549102805,-0.1755049228668213,-55.63393524388286,-1.0,0.0,0.0,91.8997980723579,
1182,114.841,38.4997,0.189518,0.1688,744.535,754.534,0.0,-0.31110191345214844,1.0,0.0,5,101.967596936994,-0.096925804,-0.5133931636810303,-51.25809663753942,-1.0,0.0,0.0,87.90212902450483,
1183,112.727,42.9964,0.230225,0.185794,745.249,755.248,0.0,-0.2692674398422241,1.0,0.0,5,96.89074795380839,-0.10472000119,-0.041834473609924316,-46.70529447825511,-1.0,0.0,0.0,84.09715399097163,
1184,110.589,47.1667,0.268612,0.202735,745.96,755.958,0.0,0.2650550901889801,1.0,0.0,5,91.94850057876475,-0.112101304575,-0.5343225300312042,-42.21784818872803,-1.0,0.0,0.0,80.12164046799839,
1185,108.434,51.0567,0.305138,0.219645,746.666,756.665,0.0,0.8086155652999878,1.0,0.0,5,87.13681435858426,-0.11908492965000002,-0.5435604751110077,-37.79526841455885,-1.0,0.0,0.0,76.40584418276124,
1186,106.266,54.6999,0.34008,0.236532,747.368,757.367,0.0,1.0,1.0,1.0,5,82.45675497860299,-0.12567654756000002,-0.1913844347000122,-33.44112512884077,-1.0,0.0,0.0,72.91338181842278,
1187,103.616,58.1162,0.372807,0.253487,748.067,758.066,0.0,1.0,1.0,0.0,5,77.6283918376856,-0.13132654496,-0.0,-28.741096327273993,-1.0,0.0,0.0,69.3117912109071,
1188,100.708,61.0481,0.400714,0.270876,748.757,758.756,0.0,1.0,1.0,0.0,5,73.08830472851615,-0.13639690104,-0.0,-24.101462419973586,-1.0,0.0,0.0,65.92654222248275,
1189,98.1795,63.395,0.425724,0.288649,749.44,759.439,0.0,1.0,1.0,0.0,5,69.1428972771987,-0.14169707247750002,-0.0,-20.03286859467326,-1.0,0.0,0.0,62.992983056052886,
1190,96.0267,65.5451,0.450693,0.306508,750.117,760.116,0.0,1.0,1.0,0.0,4,65.523889354738,-0.147164758818,-0.0,-16.342724195576196,-1.0,0.0,0.0,60.291043547025964,
1191,94.0068,67.6222,0.475743,0.324286,750.79,760.789,0.0,1.0,1.0,0.0,4,62.04008293862578,-0.15242544572400002,-0.0,-12.78319751894773,-1.0,0.0,0.0,57.69185811316485,
1192,91.9805,69.4933,0.499613,0.34192,751.458,761.457,0.0,1.0,0.0,0.0,4,58.70426332507756,-0.15724986280000003,-0.0,-9.2999775052794,-1.0,0.0,0.0,55.22201908595771,
1193,89.9963,71.0668,0.521135,0.359407,752.121,762.12,0.0,1.0,0.0,1.0,4,55.646716119888005,-0.1617265009705,-0.0,-6.01481632651398,-1.0,0.0,0.0,52.98128553728901,
1194,87.6613,72.257,0.539687,0.376835,752.778,762.777,0.0,1.0,1.0,0.0,4,52.67881450387296,-0.1651692299275,-0.0,-30.47050353763204,-1.0,0.0,0.0,43.89601938953744,
1195,85.1241,73.1452,0.555192,0.394533,753.426,763.425,0.0,1.0,1.0,0.0,4,49.903664473930505,-0.1679213327265,-0.0,-30.12782376242187,-1.0,0.0,0.0,41.20378720059854,
1196,83.0059,73.8051,0.56948,0.412439,754.065,764.064,0.0,1.0,1.0,0.0,4,47.52788148451963,-0.1711743519505,-0.0,-29.32779273083485,-1.0,0.0,0.0,39.02475894986042,
1197,81.1624,74.4042,0.583962,0.430353,754.696,764.695,0.0,1.0,1.0,0.0,4,45.33877542657472,-0.17464241163600003,-0.0,-28.534088227722904,-1.0,0.0,0.0,37.030610958008,
1198,79.5136,74.9971,0.598725,0.448122,755.321,765.32,0.0,1.0,1.0,0.0,4,43.27607250164564,-0.178158967296,-0.0,-27.7778715331078,-1.0,0.0,0.0,35.153445651072694,
1199,78.0175,75.5725,0.613313,0.465659,755.941,765.94,0.0,1.0,0.0,0.0,3,41.34581965524288,-0.18164775516249998,-0.0,-27.030913528654416,-1.0,0.0,0.0,33.40644351791677,
1200,76.6168,76.0624,0.627068,0.482922,756.555,766.554,0.0,1.0,0.0,1.0,3,39.56222312424918,-0.184999691448,-0.0,-26.227944089193684,-1.0,0.0,0.0,31.820237410502756,
1201,74.9246,76.2953,0.638919,0.499968,757.164,767.163,0.0,1.0,0.0,0.0,3,37.80521819383387,-0.187299512064,-0.0,-24.94679692703569,-1.0,0.0,0.0,30.38121945001095,
1202,72.9962,76.2825,0.648074,0.517104,757.764,767.763,0.0,1.0,1.0,0.0,3,36.16391587096065,-0.188733135024,-0.0,-23.222664863343297,-1.0,0.0,0.0,29.169516520100824,
1203,71.3489,76.0994,0.655869,0.534353,758.355,768.354,0.0,1.0,0.0,0.0,3,34.78930863224775,-0.1906274938085,-0.0,-21.67933587869932,-1.0,0.0,0.0,28.178847168764424,
1204,69.9321,75.8548,0.663605,0.551542,758.938,768.937,0.0,1.0,1.0,0.0,3,33.55317155723789,-0.19285245149100003,-0.0,-20.356848109565803,-1.0,0.0,0.0,27.27110707835544,
1205,68.6601,75.5814,0.671497,0.568549,759.513,769.512,0.0,1.0,1.0,0.0,3,32.394647842495196,-0.1951831559745,-0.0,-19.185015361365977,-1.0,0.0,0.0,26.403210846179206,
1206,67.6209,75.3302,0.679433,0.585258,760.082,770.081,0.0,1.0,0.17208611965179443,0.0,3,31.35940198411125,-0.197878363461,-0.0,-18.247644081436157,-1.0,0.0,0.0,25.59961260029121,
1207,66.6954,75.0628,0.687101,0.601592,760.646,770.645,0.0,1.0,1.0,0.0,3,30.409017885011373,-0.20061962984800003,-0.0,-17.410448950009105,-1.0,0.0,0.0,24.855786017661096,
1208,65.8804,74.7064,0.693607,0.617516,761.204,771.203,0.0,1.0,1.0,0.0,3,29.59924373037337,-0.20371781568799996,-0.0,-16.626429601665606,-1.0,0.0,0.0,24.23891851426897,
1209,65.3068,74.2997,0.69865,0.632988,761.757,771.756,0.0,1.0,1.0,0.0,3,29.003984319461647,-0.207780311736,-0.0,-16.0157135847058,-1.0,0.0,0.0,23.7922756115492,
1210,64.9438,73.8448,0.702238,0.647983,762.306,772.305,0.0,1.0,0.0,0.8611607551574707,3,28.603497825364645,-0.21271476006599996,-0.0,-15.551007003450394,-1.0,0.0,0.0,23.503031314436047,
1211,64.4167,73.2153,0.704239,0.662528,762.85,772.849,0.0,1.0,0.0,0.0,3,28.23882914388453,-0.217299087872,-0.0,-14.852632370314886,-1.0,0.0,0.0,23.308371963433807,
1212,63.6056,72.3449,0.703898,0.67687,763.388,773.387,0.0,1.0,1.0,0.0,3,27.905567364037026,-0.22117260926,-0.0,-13.756612046381527,-1.0,0.0,0.0,23.245241743181644,
1213,62.9862,71.3489,0.702279,0.691048,763.918,773.917,0.0,1.0,1.0,0.27931368350982666,3,27.7386492121845,-0.225922175992,-0.0,-12.788319566658991,-1.0,0.0,0.0,23.315647144527752,
1214,62.4971,70.3418,0.700688,0.704941,764.441,774.44,0.0,1.0,0.303592324256897,0.0,3,27.625400088052924,-0.23129645433650006,-0.0,-11.953732482589764,-1.0,0.0,0.0,23.405670513068983,
1215,61.9946,69.326,0.699467,0.718519,764.958,774.957,0.0,1.0,0.0,0.0,3,27.4809959971829,-0.236768243348,-0.0,-11.128894460805903,-1.0,0.0,0.0,23.462004138633425,
1216,61.5273,68.2786,0.69854,0.731712,765.468,775.467,0.0,1.0,1.0,0.23040354251861572,3,27.332381006272733,-0.242449369632,-0.0,-10.359857226298672,-1.0,0.0,0.0,23.499967330066067,
1217,61.0755,67.2098,0.697583,0.744457,765.971,775.97,0.0,1.0,0.0,0.0,3,27.19163308729822,-0.24820824236650005,-0.0,-9.61060711174072,-1.0,0.0,0.0,23.540773066996543,
1218,60.6468,66.1212,0.696414,0.756744,766.468,776.467,0.0,1.0,1.0,0.0,3,27.073460240114876,-0.254039191632,-0.0,-8.879072601552231,-1.0,0.0,0.0,23.599652898094817,
1219,60.3529,65.0112,0.694841,0.76855,766.959,776.958,0.0,1.0,0.0,0.0,3,27.039539094587543,-0.260330208975,-0.0,-8.264882183999354,-1.0,0.0,0.0,23.712988339612707,
1220,60.2023,63.8869,0.692744,0.779762,767.444,777.443,0.0,1.0,0.019326627254486084,0.0,3,27.10132444549191,-0.267031705907,-0.0,-7.769852031208764,-1.0,0.0,0.0,23.89182973178272,
1221,60.0857,62.6846,0.689569,0.790379,767.923,777.922,0.0,1.0,1.0,0.0,3,27.24393388733354,-0.2736965410425001,-0.0,-7.24685065598041,-1.0,0.0,0.0,24.158524682295937,
1222,60.1301,61.4101,0.684947,0.800365,768.397,778.396,0.0,1.0,1.0,0.0,3,27.547799238821955,-0.2807762706575,-0.0,-6.791753568937857,-1.0,0.0,0.0,24.569084575929992,
1223,60.4444,60.1188,0.679096,0.809671,768.867,778.866,0.0,1.0,0.0,0.0,3,28.051998769303562,-0.288662317203,-0.0,-6.514712442959578,-1.0,0.0,0.0,25.13465834136067,
1224,60.865,58.7747,0.672181,0.818228,769.333,779.332,0.0,1.0,1.0,1.0,3,28.674622657301708,-0.296630696084,-0.0,-6.247991660106472,-1.0,0.0,0.0,25.815994046191086,
1225,60.9329,57.2598,0.66363,0.826118,769.794,779.793,0.0,1.0,1.0,0.0,3,29.23384923624127,-0.30281817733500005,-0.0,-5.460052587955239,-1.0,0.0,0.0,26.566017911917463,
1226,60.7858,55.658,0.653107,0.833631,770.249,780.248,0.0,1.0,0.5526344776153564,0.0,3,29.807604984522417,-0.30794808036000004,-0.0,-4.195016298057865,-1.0,0.0,0.0,27.45090282964795,
1227,60.8667,53.9991,0.642143,0.840729,770.697,780.696,0.0,1.0,1.0,0.0,3,30.51598550854023,-0.3138124505625,-0.0,-2.952432327862418,-1.0,0.0,0.0,28.464064976012125,
1228,61.0846,52.3414,0.631872,0.847261,771.14,781.139,0.0,1.0,1.0,0.7544872760772705,3,31.250578259470036,-0.319910998524,-0.0,-1.6918731725508351,-1.0,0.0,0.0,29.507698967808324,
1229,61.1612,50.7536,0.622406,0.853146,771.578,781.577,0.0,1.0,1.0,0.0,3,31.863902492833187,-0.324980062992,-0.0,-0.05703974883542884,-1.0,0.0,0.0,30.52466249263233,
1230,61.0736,49.1756,0.612469,0.858554,772.01,782.009,0.0,0.7566846013069153,0.0,0.3367828130722046,3,32.417036266664255,-0.3290250887880001,-0.24331539869308472,-0.0,-1.0,0.0,0.0,31.01501655826833,
1231,61.0269,47.5529,0.602525,0.863436,772.436,782.435,0.0,1.0,1.0,0.0,3,32.987782081156865,-0.332862638238,-0.24331539869308472,-0.0,-1.0,0.0,0.0,31.581924823310942,
1232,60.9236,45.9012,0.592411,0.867792,772.856,782.855,0.0,0.5405313968658447,1.0,0.0,3,33.533292410855864,-0.33605761872,-0.4594686031341553,-0.0,-1.0,0.0,0.0,32.05939421119562,
1233,61.1087,44.2624,0.582862,0.871496,773.271,783.27,0.0,0.6029840111732483,1.0,0.0,3,34.20149804934394,-0.3399900160920001,-0.062452614307403564,-0.0,-1.0,0.0,0.0,32.84277224895972,
1234,61.4985,42.7155,0.57453,0.874358,773.682,783.681,0.0,-0.23157012462615967,1.0,0.0,3,34.914399310898965,-0.344130839479,-0.834554135799408,-0.0,-1.0,0.0,0.0,33.31990223068014,
1235,62.0019,41.2719,0.567152,0.876307,774.091,784.09,0.0,0.2759125232696533,1.0,0.0,3,35.639830849481015,-0.34800905316549996,-0.507482647895813,-0.0,-1.0,0.0,0.0,34.139577001946776,
1236,62.579,39.9037,0.560221,0.87729,774.497,784.496,0.0,0.821688175201416,1.0,1.0,3,36.38662112840606,-0.3513893986500001,-0.5457756519317627,-0.0,-1.0,0.0,0.0,34.87149903417654,
1237,62.8205,38.549,0.552763,0.877384,774.903,784.901,0.0,1.0,1.0,0.0,3,36.97342660602729,-0.35253039131600006,-0.17831182479858398,-0.0,-1.0,0.0,0.0,35.567402667271715,
1238,62.7845,37.0798,0.542117,0.876929,775.304,785.303,0.0,1.0,1.0,0.355579137802124,3,37.585503351753616,-0.3519774150435,-0.0,-0.0,-1.0,0.0,0.0,36.233525936710116,
1239,62.8323,35.4853,0.528896,0.875987,775.701,785.7,0.0,0.9129438996315002,1.0,0.0,3,38.39521041584513,-0.3513702140695,-0.08705610036849976,-0.0,-1.0,0.0,0.0,37.01772337166508,
1240,62.9311,33.7779,0.514149,0.874594,776.094,786.093,0.0,1.0,1.0,0.0,3,39.32026557037899,-0.35059767720300006,-0.08705610036849976,-0.0,-1.0,0.0,0.0,37.94355106306544,
1241,63.1899,32.0381,0.49953,0.87263,776.483,786.482,0.0,1.0,1.0,0.0,3,40.33419430740209,-0.350034129085,-0.0,-0.0,-1.0,0.0,0.0,38.98416017831709,
1242,63.7222,30.3471,0.48662,0.86995,776.87,786.869,0.0,1.0,1.0,0.0,3,41.42567928623425,-0.35004864195,-0.0,-0.0,-1.0,0.0,0.0,40.075630644284246,
1243,64.5251,28.8474,0.475776,0.866359,777.256,787.255,0.0,1.0,1.0,0.0,3,42.58162073098109,-0.3504566224354999,-0.0,-0.0,-1.0,0.0,0.0,41.23116410854559,
1244,65.4451,27.4958,0.465458,0.861828,777.644,787.643,0.0,0.717896044254303,1.0,0.0,3,43.79586300682181,-0.35056599979800007,-0.282103955745697,-0.0,-1.0,0.0,0.0,42.3606658203001,
1245,66.4465,26.0867,0.454648,0.856386,778.034,788.033,0.0,0.49603015184402466,1.0,0.0,3,45.106715745058665,-0.350253042741,-0.22186589241027832,-0.0,-1.0,0.0,0.0,43.68990293459458,
1246,67.452,24.6532,0.443737,0.849967,778.425,788.424,0.0,0.9234758615493774,0.6907937526702881,0.0,3,46.440354193385886,-0.34914337150900004,-0.4274457097053528,-0.0,-1.0,0.0,0.0,44.962977108965276,
1247,68.3921,23.2364,0.432359,0.842608,778.819,788.818,0.0,0.5638342499732971,0.0,0.0,3,47.770026909817446,-0.346997294648,-0.3596416115760803,-0.0,-1.0,0.0,0.0,46.31513713169662,
1248,69.2256,21.5736,0.418838,0.834375,779.215,789.214,0.0,0.622105062007904,1.0,0.0,3,49.164890391046626,-0.343732190625,-0.058270812034606934,-0.0,-1.0,0.0,0.0,47.803676956811245,
1249,69.9748,19.6582,0.403186,0.825182,779.612,789.611,0.0,0.8724711537361145,1.0,0.0,3,50.63657854538104,-0.339416660192,-0.25036609172821045,-0.0,-1.0,0.0,0.0,49.22205205767058,
1250,70.7508,18.0153,0.38472,0.815197,780.01,790.009,0.0,-0.05429452657699585,1.0,0.0,3,52.302793767342415,-0.334688948347,-0.9267656803131104,-0.0,-1.0,0.0,0.0,50.69007511490148,
1251,71.7455,15.8954,0.36166,0.804721,780.41,790.409,0.0,1.0,0.496356725692749,0.0,3,54.411578512295804,-0.33058624036850004,-1.0542945265769958,-2.2897529375718335,-1.0,0.0,0.0,52.192265679561245,
1252,72.6136,13.8791,0.337133,0.79354,780.813,790.812,0.0,1.0,1.0,0.0,3,56.516288453474786,-0.3255667123200001,-0.0,-5.720407521243246,-1.0,0.0,0.0,53.760619860843974,
1253,73.3114,11.8773,0.302451,0.782435,781.219,791.218,0.0,1.0,1.0,0.0,3,59.065446429311415,-0.32008955552,-0.0,-9.814162264803997,-1.0,0.0,0.0,55.291816307590416,
1254,74.154,9.41629,0.257384,0.77183,781.628,791.627,0.0,0.15636342763900757,0.9505505561828613,0.0,3,62.27329779145641,-0.315696958,-0.8436365723609924,-14.800199784681013,-1.0,0.0,0.0,57.00445991557786,
1255,75.0139,6.69607,0.207478,0.762079,782.041,792.04,0.0,-1.0,1.0,0.0,3,65.67896151208026,-0.3121021917315,-1.1563634276390076,-20.310876317574554,-1.0,0.0,0.0,58.94223121266342,
1256,75.9401,3.92492,0.163705,0.752983,782.459,792.458,0.0,0.13035082817077637,1.0,0.0,3,68.73663808814973,-0.30931181988049994,-1.1303508281707764,-25.236443327132704,-1.0,0.0,0.0,60.77911018803482,
1257,76.7707,1.86415,0.130933,0.744288,782.881,792.88,0.0,-0.4579777717590332,1.0,0.0,3,71.10202113155212,-0.306516580752,-0.5883285999298096,-28.887842942384907,-1.0,0.0,0.0,62.39704523522495,
1258,77.5107,0.527431,0.108493,0.736022,783.309,793.308,0.0,-1.0,1.0,0.0,3,72.85852814634451,-0.30374988666099995,-0.5420222282409668,-31.388219581011256,-1.0,0.0,0.0,63.54511669595841,
1259,78.148,-0.265836,0.0959463,0.728025,783.74,793.739,0.0,-0.9681462049484253,1.0,0.0,3,74.04531628945395,-0.30085888912500003,-0.03185379505157471,-32.84470210680021,-1.0,0.0,0.0,64.52372573511343,
1260,78.671,-0.666425,0.0910633,0.720101,784.176,794.175,0.0,-0.19996774196624756,1.0,0.0,3,74.76796292400874,-0.29767957905600007,-0.7681784629821777,-33.5007620108107,-1.0,0.0,0.0,64.86463930335542,
1261,79.1337,-0.793887,0.0915031,0.712072,784.614,794.613,0.0,-0.9614748954772949,0.0,0.0,3,75.18720581455709,-0.29430459331600006,-0.7615071535110474,-33.63518134279535,-1.0,0.0,0.0,65.25565373948893,
1262,79.1358,-0.838229,0.0954895,0.703786,785.055,795.054,0.0,-0.3818703591823578,1.0,0.0,3,75.00270460839315,-0.28924487449,-0.5796045362949371,-33.004266316412156,-1.0,0.0,0.0,65.28851179391162,
1263,79.1784,-0.746931,0.102315,0.695087,785.495,795.494,0.0,0.13265931606292725,0.0,0.0,3,74.72082188288586,-0.284220920173,-0.514529675245285,-32.16733747212258,-1.0,0.0,0.0,65.24040769210862,
1264,79.245,-0.401833,0.111004,0.685966,785.936,795.935,0.0,0.13739633560180664,1.0,0.0,3,74.36804802276113,-0.279187031506,-0.0047370195388793945,-31.191479837581106,-1.0,0.0,0.0,65.2895699259982,
1265,79.4834,0.555847,0.113521,0.677003,786.378,796.377,0.0,-0.5460631847381592,0.9453620910644531,0.0,3,74.46996402534087,-0.27498196326,-0.6834595203399658,-30.93127543268575,-1.0,0.0,0.0,65.25712534780743,
1266,80.1634,0.575737,0.108329,0.668715,786.824,796.823,0.0,-0.9361127614974976,1.0,0.0,3,75.35997106464842,-0.27275409138,-0.3900495767593384,-31.791788490768674,-1.0,0.0,0.0,66.02225497754846,
1267,80.8393,0.230252,0.106605,0.660349,787.274,797.273,0.0,0.017644762992858887,1.0,0.0,4,76.07960081252246,-0.27055275637949994,-0.9537575244903564,-32.35306277746436,-1.0,0.0,0.0,66.43465510442977,
1268,81.033,0.0299,0.108089,0.651675,787.728,797.727,0.0,-1.0,1.0,0.0,4,76.18923164151316,-0.266706207,-1.0176447629928589,-32.16072565144937,-1.0,0.0,0.0,66.57705059275297,
1269,80.8786,-0.155316,0.110757,0.642658,788.181,798.18,0.0,-0.06545404344797134,1.0,0.0,4,75.91324954673424,-0.26170610155800006,-0.9345459565520287,-31.51992902923743,-1.0,0.0,0.0,66.49119740090126,
1270,80.7404,-0.184899,0.115697,0.633228,788.633,798.632,0.0,0.5278950929641724,0.35112929344177246,0.0,4,75.5403174659647,-0.25673951004,-0.5933491364121437,-30.704428939172168,-1.0,0.0,0.0,66.42946598020802,
1271,80.7174,0.523134,0.117098,0.623816,789.086,799.085,0.0,-0.9862394332885742,1.0,0.0,4,75.44950572673677,-0.252331229848,-1.5141345262527466,-30.303116309759986,-1.0,0.0,0.0,66.16715506157297,
1272,81.1027,0.430302,0.110884,0.615056,789.541,799.539,0.0,0.17076817154884338,1.0,0.0,4,76.11733390644468,-0.24964019439200003,-1.1570076048374176,-30.949446865233156,-1.0,0.0,0.0,66.78322971429317,
1273,81.6175,0.508204,0.105525,0.606469,789.998,799.997,0.0,0.6104857921600342,1.0,0.0,4,76.86513909265872,-0.24753426599850006,-0.4397176206111908,-31.655546475342867,-1.0,0.0,0.0,67.57180292164115,
1274,82.1253,0.937005,0.0929978,0.598916,790.46,800.459,0.0,-0.3671974539756775,1.0,0.0,4,77.957187775479,-0.245930780874,-0.9776832461357117,-32.937740597240435,-1.0,0.0,0.0,68.18351687145417,
1275,82.5838,0.927215,0.0741677,0.592864,790.926,800.925,0.0,-1.0,1.0,0.0,4,79.29704537262326,-0.24480481001599996,-0.6328025460243225,-34.66531922274663,-1.0,0.0,0.0,69.1960699931133,
1276,83.132,0.147127,0.0579233,0.587838,791.395,801.394,0.0,-0.10491564869880676,0.0,0.0,4,80.58628674159567,-0.24434074308,-0.8950843513011932,-36.272960317138384,-1.0,0.0,0.0,70.00518061384072,
1277,83.2098,-0.243665,0.0484848,0.583251,791.867,801.866,0.0,-0.8869332075119019,1.0,0.0,4,81.09560034917595,-0.24266099529899998,-0.7820175588130951,-36.899438308473556,-1.0,0.0,0.0,70.39347450911463,
1278,83.504,-0.566255,0.0434933,0.578984,792.34,802.339,0.0,-1.0,0.27330803871154785,0.0,4,81.60967177052791,-0.24173739968000005,-0.11306679248809814,-37.42321875662263,-1.0,0.0,0.0,70.97820964394582,
1279,83.6251,-0.753675,0.0434959,0.574645,792.814,802.813,0.0,-0.4170348346233368,1.0,0.0,4,81.72790649537468,-0.24027372794750002,-0.5829651653766632,-37.41590610960629,-1.0,0.0,0.0,70.95876669041262,
1280,83.8384,-0.721431,0.0471592,0.570076,793.289,803.288,0.0,-1.0,0.2629690170288086,0.0,4,81.7690461298552,-0.23897129859199998,-0.5829651653766632,-37.205004241166385,-1.0,0.0,0.0,71.0539342213586,
1281,83.9523,-0.55739,0.053591,0.565212,793.766,803.765,0.0,-0.9993621110916138,1.0,0.0,4,81.58330631600333,-0.237254236938,-0.0006378889083862305,-36.59454667491077,-1.0,0.0,0.0,71.19722404366513,
1282,84.0449,-0.331716,0.0617223,0.559912,794.243,804.242,0.0,-0.376329243183136,1.0,0.0,4,81.29278459342669,-0.23528874024399998,-0.6230328679084778,-35.68638885666557,-1.0,0.0,0.0,70.94898877864375,
1283,84.3138,0.0703559,0.0717993,0.55416,794.721,804.72,0.0,0.18427547812461853,1.0,0.0,4,81.07233269245438,-0.23361667704,-0.5606047213077545,-34.585272975765704,-1.0,0.0,0.0,71.02421635508063,
1284,84.6238,0.667157,0.0829604,0.547972,795.202,805.201,0.0,-0.4151044189929962,1.0,0.0,4,80.82657130584816,-0.23185736466800003,-0.5993798971176147,-33.14547834903706,-1.0,0.0,0.0,71.12853038478562,
1285,84.9798,1.12416,0.0929933,0.541421,795.684,805.683,0.0,1.0,1.0,0.0,4,80.66703898753588,-0.230049241479,-1.4151044189929962,-31.543407906221816,-1.0,0.0,0.0,71.12660644380352,
1286,85.3551,1.741,0.10135,0.534469,796.169,806.168,0.0,1.0,1.0,0.0,4,80.59913030705731,-0.22809827470949998,-0.0,-29.800802236460576,-1.0,0.0,0.0,71.92083147323267,
1287,85.8147,2.49684,0.0996959,0.527881,796.657,806.656,0.0,0.4872395098209381,1.0,0.0,4,81.11798105872174,-0.22649974825350003,-0.5127604901790619,-29.388918658489096,-1.0,0.0,0.0,72.39042349879225,
1288,86.302,2.56406,0.0854099,0.52231,797.148,807.147,0.0,-0.699546754360199,0.0,0.0,4,82.30636785408998,-0.22538198810000004,-1.186786264181137,-30.956105843341923,-1.0,0.0,0.0,72.98592352590018,
1289,86.3738,1.96667,0.0636261,0.518058,797.642,807.641,0.0,-0.44543296098709106,1.0,0.0,4,83.4530658772313,-0.22373319040200002,-0.2541137933731079,-33.16303417202116,-1.0,0.0,0.0,73.86234000581207,
1290,86.8237,0.777586,0.0455704,0.514598,798.138,808.137,0.0,-1.0,1.0,0.0,4,84.75595315676581,-0.223396511863,-0.5545670390129089,-35.10606664347449,-1.0,0.0,0.0,74.58966987233032,
1291,87.3377,0.018169,0.0356987,0.511381,798.636,808.635,0.0,0.5519381761550903,1.0,0.0,4,85.72346436808571,-0.22331420181849998,-1.5519381761550903,-35.99101948411854,-1.0,0.0,0.0,75.03681384239107,
1292,87.7935,-0.288399,0.0320539,0.50824,799.138,809.137,0.0,-1.0,1.0,0.0,4,86.34158093680759,-0.22310084219999998,-1.5519381761550903,-35.96266747726311,-1.0,0.0,0.0,75.6622317724453,
1293,88.1844,-0.366611,0.0321214,0.50508,799.642,809.641,0.0,1.0,1.0,0.0,4,86.72285061771248,-0.22270088375999997,-2.0,-35.2488920681779,-1.0,0.0,0.0,76.08792671690802,
1294,88.5053,-0.262658,0.0349758,0.501797,800.148,810.147,0.0,0.051941171288490295,0.7817373275756836,0.0,4,86.90371467160355,-0.22205847012050003,-0.9480588287115097,-33.83426927988279,-1.0,0.0,0.0,76.9386712328989,
1295,88.924,0.465541,0.0356903,0.498673,800.657,810.656,0.0,-0.32603219151496887,1.0,0.0,4,87.28084517664337,-0.22171998926,-0.37797336280345917,-32.610491851421656,-1.0,0.0,0.0,77.79311021568692,
1296,89.445,0.397102,0.0309622,0.496215,801.169,811.168,0.0,-0.2624989449977875,1.0,0.0,4,88.01764409349235,-0.221919753375,-0.0635332465171814,-32.32739500819383,-1.0,0.0,0.0,78.69481561411374,
1297,89.9731,0.223653,0.0288746,0.493825,801.684,811.683,0.0,1.0,1.0,0.0,4,88.63680726282209,-0.22215483053750001,-1.2624989449977875,-31.376226363260642,-1.0,0.0,0.0,79.19184615797009,
1298,90.5451,0.667013,0.026577,0.491659,802.202,812.201,0.0,0.2253459393978119,1.0,0.0,4,89.31005728702601,-0.22258656660450005,-0.7746540606021881,-30.292909998307948,-1.0,0.0,0.0,80.28184700266387,
1299,91.0633,1.13151,0.0157189,0.49063,802.724,812.723,0.0,-0.7077832818031311,1.0,0.0,4,90.33637211749519,-0.22339193439500002,-0.933129221200943,-31.056820349882216,-1.0,0.0,0.0,81.06883632926935,
1300,91.5912,0.645784,0.000483036,0.490861,803.248,813.247,0.0,-0.9482758045196533,1.0,0.0,4,91.56906839221645,-0.224792740116,-0.24049252271652222,-32.83002914713152,-1.0,0.0,0.0,82.06462060850261,
1301,92.1468,-0.00201096,-0.00909638,0.491585,803.776,813.775,0.0,-0.553714394569397,1.0,0.0,4,91.72389234830662,-0.22648992339,-0.39456140995025635,-33.30713990580843,-1.0,0.0,0.0,82.05224902547944,
1302,92.6432,-0.264624,-0.0127883,0.492495,804.307,814.306,0.0,-0.3683703541755676,1.0,0.0,4,92.04326626900504,-0.22813156391999997,-0.18534404039382935,-32.26077871698088,-1.0,0.0,0.0,82.69433681372168,
1303,93.0446,-0.2272,-0.0125474,0.493501,804.84,814.839,0.0,-0.20021867752075195,1.0,0.0,4,92.45355716303753,-0.229588015723,-0.16815167665481567,-29.785020488277034,-1.0,0.0,0.0,83.72726852224883,
1304,93.4365,0.0730578,-0.0110301,0.494594,805.376,815.375,0.0,-0.9106482267379761,1.0,0.0,4,92.91551964980987,-0.23106566140499998,-0.7104295492172241,-26.262969498767603,-1.0,0.0,0.0,84.90558274894781,
1305,93.9113,0.22228,-0.00895882,0.495779,805.914,815.913,0.0,0.6642299890518188,1.0,0.0,4,93.48686975413675,-0.23279625201350002,-1.574878215789795,-21.587129766253113,-1.0,0.0,0.0,86.38482759582304,
1306,94.4125,0.57636,0.00247884,0.496693,806.475,816.474,0.0,0.10379576683044434,1.0,0.0,4,94.29519331345863,-0.2344701393125,-0.5604342222213745,-14.019395818111363,-1.0,0.0,0.0,89.38774395295187,
1307,94.9597,1.5076,0.0148549,0.496914,807.054,817.053,0.0,-0.761978030204773,1.0,0.0,4,94.24394042234961,-0.23593402182900003,-0.8657737970352173,-6.004646180669411,-1.0,0.0,0.0,91.2471127162427,
1308,95.4623,1.30821,0.0201517,0.496769,807.636,817.635,0.0,-1.0,1.0,0.0,4,94.48111874881788,-0.2371135565435,-0.23802196979522705,-1.874300769329409,-1.0,0.0,0.0,92.70402340900345,
1309,95.9461,0.869531,0.0278001,0.495559,808.221,818.22,0.0,-0.413579523563385,1.0,0.0,4,94.57554282008897,-0.2377347668495,-0.586420476436615,-0.0,-1.0,0.0,0.0,93.16188191030848,
1310,96.4497,0.745134,0.0388261,0.493166,808.809,818.808,0.0,-0.5017359256744385,1.0,0.0,4,94.50509934977137,-0.237828563751,-0.08815640211105347,-0.0,-1.0,0.0,0.0,93.24082386538706,
1311,96.8839,0.798656,0.0523292,0.489544,809.4,819.399,0.0,-0.11636027693748474,1.0,0.4881610870361328,4,94.21750775747041,-0.237144659708,-0.38537564873695374,-0.0,-1.0,0.0,0.0,92.86475040314133,
1312,96.5818,1.08009,0.0659831,0.48467,809.991,819.99,0.0,-0.0449180006980896,1.0,0.0,4,93.18755716547773,-0.23405150503000002,-0.07144227623939514,-0.0,-1.0,0.0,0.0,91.93207297757591,
1313,96.2225,1.38446,0.0744485,0.479074,810.578,820.577,0.0,1.0,1.0,0.0,4,92.37746016369614,-0.230488489825,-1.0449180006980896,-1.940217465050722,-1.0,0.0,0.0,90.34844190739904,
1314,96.6288,1.80962,0.0768421,0.473221,811.167,821.166,0.0,-0.11534124612808228,1.0,0.0,4,92.63473049011999,-0.22863388682400002,-1.1153412461280823,-3.298881967249102,-1.0,0.0,0.0,90.2467737376453,
1315,97.1127,1.37596,0.07151,0.467604,811.758,821.757,0.0,1.0,1.0,0.0,4,93.39519814916223,-0.22705143485400003,-1.1153412461280823,-2.23200017121502,-1.0,0.0,0.0,91.27554429766604,
1316,97.6798,1.12168,0.0663985,0.461893,812.352,822.351,0.0,1.0,1.0,0.0,4,94.22404189429771,-0.225588079307,-0.0,-1.2348810047517276,-1.0,0.0,0.0,92.68973356380278,
1317,98.2395,1.00314,0.0555973,0.456809,812.95,822.949,0.0,0.9873597621917725,1.0,0.0,4,95.3581882380135,-0.22438343877750003,-0.012640237808227539,-0.0,-1.0,0.0,0.0,94.13001272789353,
1318,98.7387,0.601269,0.0401676,0.452758,813.552,823.551,0.0,0.8013098239898682,1.0,0.0,4,96.67654132570479,-0.223523681673,-0.1860499382019043,-0.0,-1.0,0.0,0.0,95.39720266257122,
1319,99.1308,0.0443483,0.0220574,0.449834,814.156,824.155,0.0,0.9770821332931519,1.0,0.0,4,98.01349077467174,-0.222962021436,-0.1757723093032837,-0.0,-1.0,0.0,0.0,96.73779706044475,
1320,99.4269,-0.545912,0.0026983,0.448195,814.763,824.762,0.0,0.006451010704040527,1.0,0.0,4,99.29239640603697,-0.2228131972275,-0.9706311225891113,-15.112232236911467,-1.0,0.0,0.0,94.00033581280488,
1321,99.6955,-1.17953,-0.017616,0.447949,815.372,825.371,0.0,-0.29841864109039307,1.0,0.0,4,98.80195892603513,-0.22329249764749998,-0.3048696517944336,-25.78689698248924,-1.0,0.0,0.0,91.04048128722698,
1322,99.968,-1.90739,-0.0384091,0.4491,815.982,825.981,0.0,-0.807282030582428,1.0,0.0,4,97.97490127536429,-0.224478144,-0.5088633894920349,-33.58467679303784,-1.0,0.0,0.0,88.20159491625722,
1323,100.402,-3.07325,-0.0549442,0.451303,816.594,826.593,0.0,-0.6684346199035645,1.0,0.0,4,97.4936218800465,-0.22655861903000005,-0.13884741067886353,-38.67800790616343,-1.0,0.0,0.0,86.55590706127198,
1324,100.915,-3.6385,-0.0583388,0.453663,817.21,827.209,0.0,-1.0,1.0,0.0,5,97.80136030526086,-0.22890700822499999,-0.33156538009643555,-40.140834436003985,-1.0,0.0,0.0,86.43777507400594,
1325,101.043,-3.21837,-0.0489706,0.455784,817.827,827.826,0.0,-0.1847670078277588,1.0,0.0,5,98.44878817323583,-0.23026891356000004,-0.8152329921722412,-38.05248642851052,-1.0,0.0,0.0,87.46082775489653,
1326,100.816,-2.37692,-0.0308017,0.457196,818.444,828.443,0.0,-1.0,1.0,0.0,5,99.21577286347915,-0.23046335967999998,-0.8152329921722412,-32.48561437252093,-1.0,0.0,0.0,89.61933601301723,
1327,100.595,-1.39749,-0.00767028,0.45744,819.06,829.059,0.0,-0.0017763078212738037,1.0,0.0,5,100.20624872649174,-0.23008088399999999,-0.9982236921787262,-22.774560525527733,-1.0,0.0,0.0,92.98306060345618,
1328,100.486,-0.265626,0.0182762,0.456219,819.674,829.673,0.0,-0.6742308139801025,1.0,0.0,5,99.55101832757511,-0.22921811217000002,-0.6724545061588287,-4.985449216247986,-1.0,0.0,0.0,96.87370155949546,
1329,100.73,0.985276,0.0456551,0.453498,820.289,830.288,0.0,0.21397876739501953,1.0,0.024084091186523438,5,98.32641764312694,-0.22840426770000002,-0.8882095813751221,-0.0,-1.0,0.0,0.0,96.8315505010144,
1330,100.945,2.3281,0.0737932,0.449234,820.904,830.903,0.0,1.0,1.0,0.0,5,96.9491319833388,-0.22673963065,-0.7860212326049805,-7.407405418997428,-1.0,0.0,0.0,93.63473462815794,
1331,101.217,3.95617,0.0975895,0.443688,821.522,831.521,0.0,0.770141065120697,1.0,0.0,5,95.8043791286938,-0.22454384148,-0.22985893487930298,-14.694836365472227,-1.0,0.0,0.0,90.83716851538195,
1332,101.595,4.92929,0.1073,0.437689,822.141,832.14,0.0,0.13958793878555298,1.0,0.0,5,95.5705957943687,-0.22233506977499998,-0.630553126335144,-17.629549962499453,-1.0,0.0,0.0,89.7517072960683,
1333,102.019,4.30846,0.103203,0.431495,822.763,832.762,0.0,0.8326377868652344,1.0,0.0,5,96.22119358109973,-0.22010344202500004,-0.6930498480796814,-17.258641341013657,-1.0,0.0,0.0,90.47851484939741,
1334,102.489,3.42456,0.0926589,0.425033,823.387,833.386,0.0,0.30442118644714355,1.0,0.0,5,97.3078788210084,-0.217806035685,-0.5282166004180908,-15.244873550135196,-1.0,0.0,0.0,92.12038941766417,
1335,102.961,2.35109,0.0759583,0.419023,824.014,834.013,0.0,-0.26902520656585693,1.0,0.0,5,98.75750553679626,-0.21571513551499996,-0.5734463930130005,-11.088636364356006,-1.0,0.0,0.0,94.59759739228835,
1336,103.502,0.827064,0.060636,0.413429,824.644,834.643,0.0,0.7009002566337585,1.0,0.0,5,100.17573304355747,-0.21395364179,-0.9699254631996155,-6.609672130348727,-1.0,0.0,0.0,97.0183837302204,
1337,104.035,0.271511,0.0517335,0.40786,825.278,835.277,0.0,0.028170287609100342,1.0,0.0,5,101.20596661890849,-0.21215857549999997,-0.6727299690246582,-3.87366614306697,-1.0,0.0,0.0,98.82357251693435,
1338,104.534,-0.211793,0.0422531,0.402937,825.914,835.913,0.0,-0.36349159479141235,1.0,0.0,5,102.23291462335186,-0.21060308179000004,-0.3916618824005127,-0.42385063885463126,-1.0,0.0,0.0,100.79885031712806,
1339,105.059,-0.898145,0.0393901,0.398037,826.554,836.553,0.0,0.6302919983863831,1.0,0.0,5,102.90889959111945,-0.20908684591499996,-0.9937835931777954,-0.0,-1.0,0.0,0.0,101.40167766725112,
1340,105.555,-0.749335,0.0439906,0.392657,827.197,837.196,0.0,-0.1294792890548706,1.0,0.0,5,103.1319177380127,-0.20723454817499998,-0.7597712874412537,-2.6184292391669004,-1.0,0.0,0.0,101.04214449381361,
1341,106.077,-0.541264,0.0488554,0.387091,827.843,837.842,0.0,0.8972054123878479,0.9494333267211914,0.0,5,103.36024378065,-0.205307260035,-1.0266847014427185,-5.464603149512442,-1.0,0.0,0.0,100.48078032280407,
1342,106.586,0.135918,0.0526608,0.381345,828.492,838.491,0.0,0.4963648021221161,1.0,0.0,5,103.63308907147929,-0.20323019085,-0.4008406102657318,-7.746785110362197,-1.0,0.0,0.0,100.37291041995903,
1343,107.043,0.557549,0.0485381,0.376174,829.144,839.143,0.0,0.09114444255828857,1.0,0.0,5,104.32011894826167,-0.20133396741,-0.4052203595638275,-6.693721975691318,-1.0,0.0,0.0,101.32378837905969,
1344,107.477,0.371885,0.0385996,0.371871,829.8,839.799,0.0,1.0,1.0,0.0,5,105.32317383114203,-0.19983789733500001,-0.9088555574417114,-2.8126450361442323,-1.0,0.0,0.0,103.14751800753845,
1345,107.95,0.090633,0.0267868,0.368417,830.458,840.457,0.0,0.3359857499599457,1.0,0.0,5,106.46562885804362,-0.19885307575000002,-0.6640142500400543,-0.0,-1.0,0.0,0.0,105.0675715072816,
1346,108.393,-0.312133,0.0120082,0.366092,831.119,841.118,0.0,0.7574408650398254,1.0,0.23373889923095703,5,107.73439835759069,-0.19840905077999998,-0.42145511507987976,-11.026771768646597,-1.0,0.0,0.0,103.65285983012508,
1347,108.556,-0.773859,-0.00437677,0.365006,831.782,841.781,0.0,-1.0,1.0,0.0,5,108.31739868241664,-0.19811795668,-1.7574408650398254,-22.522360067703744,-1.0,0.0,0.0,100.96145844929876,
1348,108.538,-1.27296,-0.021376,0.365306,832.445,842.444,0.0,-0.4967094659805298,1.0,0.0,5,107.353237825388,-0.19824791314,-0.5032905340194702,-30.9367732055736,-1.0,0.0,0.0,98.26980945064876,
1349,108.715,-2.11579,-0.0371232,0.366804,833.109,843.108,0.0,-0.06601141393184662,1.0,0.0,5,106.62263591220216,-0.19938548430000003,-0.43069805204868317,-37.12094438083564,-1.0,0.0,0.0,96.01380491707864,
1350,109.143,-2.64259,-0.0437936,0.368783,833.775,843.774,0.0,-1.0,1.0,0.0,5,106.64923657262074,-0.20125041484500003,-0.9339885860681534,-39.78258477632937,-1.0,0.0,0.0,95.22214338787295,
1351,109.631,-2.65172,-0.0412027,0.370899,834.444,844.443,0.0,-1.0,1.0,0.0,5,107.2800473318521,-0.203310141345,-0.0,-39.58696813432283,-1.0,0.0,0.0,96.1799951569264,
1352,110.096,-2.14908,-0.0290548,0.372501,835.115,845.114,0.0,-1.0,1.0,0.0,5,108.45034916309972,-0.20505435048000004,-0.0,-35.98378238373918,-1.0,0.0,0.0,98.24934921668492,
1353,110.481,-1.27769,-0.01091,0.373148,835.789,845.788,0.0,-0.019390299916267395,1.0,0.0,5,109.8717629942437,-0.20612882094,-0.9806097000837326,-28.525831767606007,-1.0,0.0,0.0,101.23999332137709,
1354,110.763,-0.246025,0.0102999,0.372567,836.466,846.464,0.0,-1.0,1.0,0.0,5,110.1867109166379,-0.206333193105,-0.9806097000837326,-15.29411920630892,-1.0,0.0,0.0,104.86266501193057,
1355,110.967,0.785813,0.0326791,0.370569,837.143,847.142,0.0,-1.0,1.0,0.0,5,109.09492499077572,-0.20560465111499998,-0.0,-3.3843396871038323,-1.0,0.0,0.0,107.04323541788477,
1356,111.132,1.80285,0.0557537,0.367054,837.821,847.82,0.0,-0.6397137641906738,1.0,0.6773898601531982,5,107.86291388360615,-0.20395722564000002,-0.36028623580932617,-14.017741520619126,-1.0,0.0,0.0,103.04643540706857,
1357,110.667,2.82239,0.0781858,0.361969,838.499,848.498,0.0,0.649821400642395,1.0,0.0,5,106.00702999849666,-0.20029011661499999,-1.2895351648330688,-21.335563204211255,-1.0,0.0,0.0,99.08598853137893,
1358,109.933,3.63688,0.096475,0.355593,839.172,849.171,0.0,1.0,1.0,0.0,5,104.12712920259706,-0.19545702634500003,-0.350178599357605,-25.814283889968934,-1.0,0.0,0.0,96.37304762395256,
1359,109.647,4.378,0.110666,0.348132,839.841,849.84,0.0,1.0,1.0,0.0,5,102.9215424414388,-0.19085814702,-0.0,-29.092581126793547,-1.0,0.0,0.0,94.45753901272042,
1360,110.0,4.90695,0.113559,0.340312,840.511,850.51,0.0,0.28838521242141724,1.0,0.0,5,103.05917148090627,-0.18717160000000002,-0.7116147875785828,-30.30852492267445,-1.0,0.0,0.0,94.08138421396409,
1361,110.437,4.07165,0.10342,0.332625,841.184,851.183,0.0,1.0,1.0,0.0,5,104.14640317549086,-0.18367053562500002,-0.7116147875785828,-28.70678037469861,-1.0,0.0,0.0,95.57255310991764,
1362,110.9,2.90234,0.0860331,0.325303,841.859,851.858,0.0,1.0,1.0,0.0,5,105.72517657644389,-0.1803805135,-0.0,-25.00933461661856,-1.0,0.0,0.0,98.29246240878925,
1363,111.324,1.57831,0.0635912,0.318898,842.538,852.537,0.0,0.6915231347084045,1.0,0.0,5,107.56175932826267,-0.17750500476,-0.30847686529159546,-18.764319793119427,-1.0,0.0,0.0,101.60063131563533,
1364,111.705,0.169541,0.0389396,0.313777,843.219,853.218,0.0,0.619513213634491,1.0,0.41973376274108887,5,109.44599755007555,-0.175252298925,-0.07200992107391357,-9.440284677460724,-1.0,0.0,0.0,105.88907110546319,
1365,111.577,-1.17489,0.0146315,0.31003,843.901,853.9,0.0,-0.6640146970748901,1.0,0.0,5,110.7488166533279,-0.17296108654999998,-1.283527910709381,-7.612598400221614,-1.0,0.0,0.0,107.28764759350969,
1366,111.195,-2.26298,-0.00647557,0.307659,844.581,854.58,0.0,1.0,1.0,0.0,5,110.83264565087818,-0.171050712525,-1.6640146970748901,-22.602404372600077,-1.0,0.0,0.0,103.51178943608069,
1367,111.257,-2.98303,-0.0263422,0.306682,845.261,855.26,0.0,0.02211815118789673,1.0,0.0,5,109.75319337126592,-0.17060259637000003,-0.9778818488121033,-32.26718799870454,-1.0,0.0,0.0,100.22242922057615,
1368,111.441,-3.71352,-0.0471855,0.307303,845.942,855.941,0.0,-0.20936636626720428,1.0,0.0,5,108.68873879438631,-0.17123076811500001,-0.231484517455101,-39.837592259865175,-1.0,0.0,0.0,97.4886646060685,
1369,111.73,-4.8458,-0.0651773,0.309302,846.624,856.623,0.0,-0.06063586473464966,1.0,0.0,5,107.85421254384963,-0.1727915623,-0.14873050153255463,-45.13994668871334,-1.0,0.0,0.0,95.35181515891152,
1370,112.169,-5.05236,-0.0732139,0.312072,847.309,857.308,0.0,-1.0,0.0,0.0,5,107.7660083164871,-0.17502402084000002,-0.9393641352653503,-47.59461498550682,-1.0,0.0,0.0,94.41052130869079,
1371,112.295,-4.72633,-0.0718611,0.315506,847.995,857.994,0.0,-1.0,1.0,0.0,5,107.97382870839978,-0.17714873135000003,-0.0,-47.57727445282089,-1.0,0.0,0.0,94.90236136384456,
1372,112.499,-3.75617,-0.0580269,0.318784,848.682,858.681,0.0,-0.641552746295929,1.0,0.0,5,109.04750154354477,-0.17931440608,-0.35844725370407104,-44.55398693796579,-1.0,0.0,0.0,96.6221562268621,
1373,112.926,-2.36807,-0.036574,0.321306,849.371,859.37,0.0,-0.5904167294502258,1.0,0.0,5,110.78586286645017,-0.18141900678,-0.051136016845703125,-38.61392291962227,-1.0,0.0,0.0,99.93562232471089,
1374,113.344,-0.815168,-0.0115963,0.322676,850.063,860.062,0.0,0.1030089259147644,1.0,0.0,5,112.67920838041046,-0.18286694272,-0.6934256553649902,-28.51248698744081,-1.0,0.0,0.0,104.16019199422077,
1375,113.701,0.825381,0.0142931,0.322716,850.757,860.756,0.0,-0.29420310258865356,1.0,0.0,5,112.87684384033264,-0.18346565957999997,-0.39721202850341797,-11.01086415434051,-1.0,0.0,0.0,108.8214985336165,
1376,114.043,2.16531,0.0379426,0.321384,851.453,861.451,0.0,0.32254883646965027,1.0,0.0,5,111.79789448244397,-0.18325797756,-0.6167519390583038,-11.011206848565436,-1.0,0.0,0.0,107.6768092110251,
1377,114.464,3.58826,0.0579274,0.31877,852.151,862.15,0.0,0.769018292427063,1.0,0.0,5,110.95855979219738,-0.1824384464,-0.4464694559574127,-19.890828328537054,-1.0,0.0,0.0,104.6694734268759,
1378,115.017,4.53877,0.0652202,0.315762,852.852,862.851,0.0,1.0,1.0,0.0,5,111.02440687731873,-0.18158998977,-0.230981707572937,-23.123400658152477,-1.0,0.0,0.0,103.99267221073872,
1379,115.518,4.15194,0.058241,0.312855,853.557,863.556,0.0,0.5069869756698608,1.0,0.0,5,111.96009554741092,-0.18070191945,-0.49301302433013916,-21.272151285056594,-1.0,0.0,0.0,105.31345189939773,
1380,115.858,2.96723,0.0411944,0.310444,854.265,864.264,0.0,1.0,1.0,0.0,5,113.37403410413982,-0.17983710476000003,-0.49301302433013916,-14.761578698353532,-1.0,0.0,0.0,108.3558984174924,
1381,116.219,1.56887,0.0191675,0.308951,854.974,864.973,0.0,-0.921585202217102,1.0,0.0,5,115.08390598555589,-0.179529881345,-1.921585202217102,-7.6181381249669755,-1.0,0.0,0.0,111.423366012304,
1382,116.603,0.0351174,-0.00581193,0.308768,855.685,865.684,0.0,-0.9634677171707153,1.0,0.0,5,116.26218833726952,-0.18001637551999997,-0.04188251495361328,-27.694579701357867,-1.0,0.0,0.0,108.14596228192397,
1383,116.947,-1.67306,-0.0310888,0.309955,856.399,866.398,0.0,-0.06079554557800293,1.0,0.08196806907653809,5,115.07291099731908,-0.181241536925,-0.9026721715927124,-40.01370941653411,-1.0,0.0,0.0,103.61744045478275,
1384,117.238,-3.33481,-0.0478977,0.311978,857.115,867.114,0.0,-1.0,1.0,0.0,5,114.29690077730938,-0.18287838382,-0.9392044544219971,-46.091863070437896,-1.0,0.0,0.0,101.3092952895533,
1385,117.577,-3.8343,-0.0511547,0.314278,857.833,867.832,0.0,0.15765106678009033,1.0,0.0,5,114.41719893777544,-0.18475932203,-1.1576510667800903,-47.50799401304454,-1.0,0.0,0.0,101.00814579245028,
1386,118.006,-2.97256,-0.0428821,0.316445,858.553,868.552,0.0,-1.0,1.0,0.0,5,115.3681203405561,-0.18671204335,-1.1576510667800903,-45.53732538813753,-1.0,0.0,0.0,102.4497816301377,
1387,118.519,-2.08271,-0.0318727,0.318609,859.276,869.275,0.0,-0.42343875765800476,1.0,0.0,5,116.57036471371785,-0.188806100355,-0.5765612423419952,-42.36389511529775,-1.0,0.0,0.0,104.61761646183582,
1388,119.025,-1.16723,-0.0153319,0.319964,860.002,870.001,0.0,0.3388667702674866,1.0,0.0,5,118.0986068880829,-0.19041857550000002,-0.7623055279254913,-35.90500962463963,-1.0,0.0,0.0,107.70324424804534,
1389,119.547,0.216313,0.00310528,0.320296,860.731,870.73,0.0,-0.4873078465461731,1.0,0.0,5,119.36081046294078,-0.19145212956000002,-0.8261746168136597,-25.685058831068275,-1.0,0.0,0.0,111.50024124056961,
1390,120.114,1.02233,0.0181932,0.319851,861.463,871.462,0.0,-0.31315046548843384,1.0,0.0,5,119.0015533920882,-0.19209291507,-0.17415738105773926,-13.393782608917064,-1.0,0.0,0.0,114.40876761047161,
1391,120.622,1.64453,0.0345275,0.318097,862.199,872.198,0.0,-0.710972011089325,1.0,0.0,5,118.46813316453958,-0.19184748167000001,-0.3978215456008911,-16.05420381015962,-1.0,0.0,0.0,113.14338826664941,
1392,121.024,2.23555,0.0517555,0.314912,862.937,872.936,0.0,-0.18536490201950073,1.0,0.0,5,117.73151597807946,-0.19055954944,-0.5256071090698242,-24.234198884386586,-1.0,0.0,0.0,110.32472457482186,
1393,121.316,2.83379,0.0696143,0.310123,863.678,873.677,0.0,0.28046318888664246,1.0,0.0,5,116.80290645691876,-0.18811440933999998,-0.4658280909061432,-31.06690471367594,-1.0,0.0,0.0,107.70831744188794,
1394,121.632,3.72373,0.0858635,0.303875,864.419,874.418,0.0,1.0,1.0,0.0,5,115.96844640204317,-0.18480462,-0.7195368111133575,-36.392459879232106,-1.0,0.0,0.0,105.46966576890115,
1395,122.068,4.40843,0.0906649,0.29708,865.163,875.162,0.0,-0.2642902135848999,1.0,0.0,5,116.04057310793287,-0.18131980720000002,-1.2642902135849,-38.32175471103197,-1.0,0.0,0.0,104.89952755889941,
1396,122.618,3.5131,0.0829567,0.290284,865.91,875.909,0.0,1.0,1.0,0.0,5,117.11616391670003,-0.17797021756,-1.2642902135849,-37.027458466487076,-1.0,0.0,0.0,106.30204201844279,
1397,123.238,2.48159,0.0717621,0.283417,866.661,876.66,0.0,0.654146134853363,1.0,0.0,5,118.50269619904195,-0.17463872123,-0.34585386514663696,-34.58918274900674,-1.0,0.0,0.0,108.57700563101628,
1398,123.759,1.40834,0.0542628,0.277278,867.415,877.414,0.0,-0.06861269474029541,1.0,0.0,5,120.22073613403036,-0.17157824001000002,-0.7227588295936584,-29.32830160165075,-1.0,0.0,0.0,111.50025484472957,
1399,124.231,0.0324382,0.0330139,0.272314,868.172,878.171,0.0,-0.09742283821105957,1.0,0.0,5,122.11300295789759,-0.16914920267,-0.02881014347076416,-20.744653074427248,-1.0,0.0,0.0,115.74904744357954,
1400,124.715,-1.77113,0.014502,0.268346,868.933,878.932,0.0,0.3938973546028137,1.0,0.0,5,123.79760918036023,-0.16733385694999997,-0.4913201928138733,-17.78139817157566,-1.0,0.0,0.0,118.03752972267216,
1401,125.187,-2.16513,0.00464702,0.264928,869.696,879.695,0.0,-1.0,0.03674459457397461,0.0,5,124.89477610915934,-0.16582770768,-1.3938973546028137,-26.43079108126922,-1.0,0.0,0.0,116.7030814247812,
1402,125.255,-2.35123,-0.00422955,0.262661,870.462,880.461,0.0,-0.8739975094795227,1.0,0.0,5,124.98899429962208,-0.164498017775,-0.1260024905204773,-32.45503448276503,-1.0,0.0,0.0,115.67293691399968,
1403,125.584,-2.66597,-0.00333989,0.260657,871.228,881.227,0.0,-0.5037201642990112,1.0,0.0,5,125.37358158137118,-0.16367174344000002,-0.3702773451805115,-32.09568201320553,-1.0,0.0,0.0,116.07490613107564,
1404,126.117,-2.07556,0.00839746,0.258041,871.997,881.996,0.0,-0.5959957242012024,1.0,0.0,5,125.58302830088618,-0.16271678398500003,-0.09227555990219116,-23.918698644253382,-1.0,0.0,0.0,118.41295418786719,
1405,126.614,-0.942022,0.0268013,0.254414,872.77,882.768,0.0,-0.5378554463386536,1.0,0.11324584484100342,5,124.87202191174845,-0.16106187098,-0.05814027786254883,-20.61690570020329,-1.0,0.0,0.0,118.53929153235886,
1406,126.875,0.406552,0.0484509,0.24951,873.544,883.543,0.0,0.8564479351043701,1.0,0.0,5,123.65370868371099,-0.15828290625000002,-1.3943033814430237,-31.220245805553404,-1.0,0.0,0.0,114.27207331163973,
1407,126.992,1.79549,0.0703046,0.243127,874.319,884.318,0.0,0.4918896555900574,0.8365111351013184,0.0,5,122.2179008907365,-0.15437591992000002,-0.36455827951431274,-39.2961346470656,-1.0,0.0,0.0,111.1301238251958,
1408,127.307,3.40982,0.0855852,0.235747,875.095,885.094,0.0,0.36960458755493164,1.0,0.0,5,121.39988442176335,-0.15006121664500002,-0.12228506803512573,-44.25061433339397,-1.0,0.0,0.0,109.15048410135931,
1409,127.699,3.7632,0.0856657,0.228265,875.873,885.872,0.0,-0.8263211846351624,1.0,0.0,5,121.76769521495089,-0.145746061175,-1.195925772190094,-44.915697335754956,-1.0,0.0,0.0,109.03424708818012,
1410,128.254,2.53147,0.0759867,0.220939,876.654,886.653,0.0,1.0,1.0,0.0,5,123.01579897655569,-0.14168155253,-1.8263211846351624,-43.04309928888205,-1.0,0.0,0.0,110.56544624641462,
1411,128.889,1.61975,0.0664382,0.213474,877.439,887.438,0.0,0.11810308694839478,1.0,0.0,5,124.32621694098023,-0.13757225193,-0.8818969130516052,-41.032526134951226,-1.0,0.0,0.0,112.66594408139694,
1412,129.496,0.540253,0.053043,0.206653,878.227,888.226,0.0,1.0,1.0,0.0,5,125.88105243994927,-0.13380368444000001,-0.8818969130516052,-37.26095243130192,-1.0,0.0,0.0,115.16744157376831,
1413,130.09,-0.196229,0.0391597,0.200546,879.02,889.019,0.0,0.8050650358200073,1.0,0.0,5,127.44377566557093,-0.13044514570000001,-0.19493496417999268,-32.42990374774354,-1.0,0.0,0.0,118.14737409368105,
1414,130.59,-1.01594,0.0221077,0.195705,879.816,889.815,0.0,0.41655439138412476,1.0,0.0,5,129.11468365508733,-0.12778557975,-0.38851064443588257,-24.501651912191605,-1.0,0.0,0.0,121.74493190395867,
1415,130.969,-1.9931,0.00296199,0.192331,880.615,890.614,0.0,0.04522053152322769,1.0,0.0,5,130.77446132917134,-0.125946993695,-0.37133385986089706,-28.761963060266737,-1.0,0.0,0.0,122.3466234124514,
1416,131.268,-3.12202,-0.0159907,0.190485,881.417,891.416,0.0,-0.5797640085220337,1.0,0.0,5,130.20172870430198,-0.1250229249,-0.6249845400452614,-40.927524021621394,-1.0,0.0,0.0,118.65732941198306,
1417,131.704,-4.3477,-0.0261142,0.18946,882.221,892.22,0.0,0.9221323728561401,1.0,0.0,5,129.9396178361252,-0.12476319920000001,-1.5018963813781738,-46.19618983040205,-1.0,0.0,0.0,116.81523826491123,
1418,132.301,-3.71349,-0.0238492,0.188631,883.028,893.027,0.0,-1.0,1.0,0.0,5,130.685889461804,-0.12478034965499997,-1.9221323728561401,-45.724264094792744,-1.0,0.0,0.0,117.55340337659399,
1419,132.976,-2.97869,-0.0192022,0.188371,883.839,893.838,0.0,-0.3378973603248596,1.0,0.0,5,131.67484758409324,-0.12524411048,-0.6621026396751404,-44.16027166317893,-1.0,0.0,0.0,119.31090476591598,
1420,133.612,-2.07008,-0.006513,0.187682,884.654,894.653,0.0,0.6125879287719727,1.0,0.0,5,133.17406175315634,-0.12538283692,-0.9504852890968323,-37.673294567833565,-1.0,0.0,0.0,122.34520968754889,
1421,134.249,-0.364974,0.00904667,0.186327,885.472,895.471,0.0,0.1441420614719391,1.0,0.0,5,133.63626150086807,-0.125071067115,-0.46844586730003357,-26.65616752496939,-1.0,0.0,0.0,125.70661479232072,
1422,134.925,0.968935,0.0154655,0.185041,886.295,896.294,0.0,0.2555513381958008,1.0,0.0,5,133.86556482394283,-0.12483328462500001,-0.1114092767238617,-25.285576433474446,-1.0,0.0,0.0,126.38591464793207,
1423,135.572,1.20703,0.0121446,0.184209,887.122,897.121,0.0,0.18875232338905334,1.0,0.0,5,134.73878865789024,-0.12486791274000002,-0.06679901480674744,-24.98680750118487,-1.0,0.0,0.0,127.347179165412,
1424,136.198,0.654865,0.00262773,0.184044,887.952,897.951,0.0,-0.166794091463089,1.0,0.0,5,136.0185841997279,-0.12533212356000004,-0.35554641485214233,-33.72348024020802,-1.0,0.0,0.0,126.35571809166026,
1425,136.853,-0.567057,-0.00624681,0.184372,888.787,898.786,0.0,1.0,1.0,0.0,5,136.42288526188713,-0.12615930658000002,-1.166794091463089,-40.55122431543643,-1.0,0.0,0.0,124.8088816490091,
1426,137.521,-0.639103,-0.00879109,0.18465,889.625,899.624,0.0,0.03734810650348663,1.0,0.0,5,136.91121404044435,-0.12696626325,-0.9626518934965134,-42.80366895652094,-1.0,0.0,0.0,124.79453497001515,
1427,138.171,-0.739554,-0.0135605,0.185535,890.468,900.467,0.0,0.869997501373291,1.0,0.0,5,137.22149104720455,-0.128177782425,-0.8326493948698044,-46.2467703323003,-1.0,0.0,0.0,124.28182586324353,
1428,138.804,-0.624121,-0.019922,0.18708,891.314,901.313,0.0,-0.6568760871887207,1.0,0.0,5,137.39392103472562,-0.1298372616,-1.5268735885620117,-50.27392375469228,-1.0,0.0,0.0,123.23754075788395,
1429,139.385,-1.05951,-0.0305223,0.189783,892.164,902.163,0.0,0.39470627903938293,1.0,0.0,5,137.19323362998188,-0.13226451727500002,-1.0515823662281036,-55.78727754298565,-1.0,0.0,0.0,121.79867501709205,
1430,139.991,-1.43341,-0.0413128,0.193476,893.018,903.017,0.0,-0.9611916542053223,1.0,0.0,5,136.98066475686727,-0.13542449358000003,-1.3558979332447052,-60.721757541149685,-1.0,0.0,0.0,120.25803149802644,
1431,140.559,-2.09271,-0.054289,0.198478,893.875,903.874,0.0,-0.35978254675865173,1.0,0.0,5,136.53838654871183,-0.13948934601,-0.6014091074466705,-65.76221932061515,-1.0,0.0,0.0,118.77791964031402,
1432,141.116,-3.0239,-0.0597013,0.204056,894.735,904.734,0.0,-0.5359822511672974,1.0,0.0,5,136.654686242281,-0.14397783248,-0.17619970440864563,-68.14563889358915,-1.0,0.0,0.0,118.42143877508111,
1433,141.556,-2.65739,-0.0519391,0.209311,895.599,905.598,0.0,-1.0,1.0,0.0,5,137.69061421993825,-0.14814613958,-0.46401774883270264,-66.55657600221187,-1.0,0.0,0.0,119.76411875515547,
1434,141.99,-1.43404,-0.0351949,0.213706,896.465,906.464,0.0,-1.0,1.0,0.0,5,139.40392280389585,-0.15172057470000003,-0.0,-61.482340737045405,-1.0,0.0,0.0,122.8816170449345,
1435,142.405,0.234396,-0.0131936,0.216832,897.334,907.333,0.0,-0.8835364580154419,1.0,0.0,5,141.45321583364134,-0.1543898048,-0.1164635419845581,-52.06563980744606,-1.0,0.0,0.0,127.24747701438449,
1436,142.691,2.0708,0.0113806,0.218396,898.205,908.204,0.0,0.5531817674636841,1.0,0.0,5,141.8698224989609,-0.15581571818,-1.436718225479126,-35.15687146398591,-1.0,0.0,0.0,131.49377344714068,
1437,142.858,3.86732,0.0365543,0.218184,899.078,909.077,0.0,-0.7810578942298889,1.0,0.2352278232574463,5,140.1521103458945,-0.15584664935999998,-1.334239661693573,-43.2903184964117,-1.0,0.0,0.0,127.7734121739235,
1438,142.804,5.49834,0.0611421,0.21609,899.951,909.95,0.0,0.6122721433639526,1.0,0.0,5,138.17420835995702,-0.1542925818,-1.3933300375938416,-53.102575262150935,-1.0,0.0,0.0,123.32627295134114,
1439,142.626,6.90768,0.0842721,0.212065,900.824,910.823,0.0,0.4181774854660034,1.0,0.0,5,136.1172644000065,-0.15122991345,-0.19409465789794922,-60.02240685781278,-1.0,0.0,0.0,119.9022043747339,
1440,142.575,8.24575,0.105924,0.206128,901.696,911.695,0.0,-0.07301747798919678,1.0,0.5128648281097412,5,134.23896465829,-0.14694349799999998,-0.4911949634552002,-65.37087575783272,-1.0,0.0,0.0,116.60194373179526,
1441,142.184,9.16257,0.12347,0.198488,902.567,912.566,0.0,1.0,1.0,0.0,5,132.34614619753035,-0.14110908896,-1.0730174779891968,-68.76125692947723,-1.0,0.0,0.0,113.69281763280426,
1442,141.719,9.63882,0.133234,0.189449,903.434,913.433,0.0,1.0,0.0,0.0,5,131.05002340176122,-0.134242614155,-0.0,-70.33090015135575,-1.0,0.0,0.0,112.33305574976728,
1443,141.74,8.86465,0.126899,0.179959,904.3,914.299,0.0,1.0,1.0,0.0,5,131.63107139502392,-0.12753694330000004,-0.0,-69.51674612702638,-1.0,0.0,0.0,113.12434791996733,
1444,141.927,6.23355,0.103719,0.17064,905.166,915.165,0.0,1.0,1.0,0.0,5,133.81721112027716,-0.12109211639999999,-0.0,-65.39032643758287,-1.0,0.0,0.0,116.34853739448144,
1445,142.339,2.89791,0.071279,0.162213,906.034,916.033,0.0,1.0,1.0,0.0,5,136.9089662399808,-0.115446181035,-0.0,-57.836588200099285,-1.0,0.0,0.0,121.33437300892098,
1446,142.711,-0.58497,0.0354021,0.155231,906.904,916.903,0.0,0.35555216670036316,1.0,0.0,5,140.09597196355634,-0.11076585620500001,-0.6444478332996368,-45.222612999291044,-1.0,0.0,0.0,127.48621850753867,
1447,142.928,-3.94012,-0.000793099,0.15,907.776,917.775,0.0,0.5200595855712891,0.19304418563842773,0.0,5,142.87127702772167,-0.107196,-0.1645074188709259,-40.89863951979311,-1.0,0.0,0.0,131.49006892211213,
1448,142.754,-6.83441,-0.0349896,0.146733,908.65,918.649,0.0,0.6601508855819702,1.0,0.0,5,140.1696809278266,-0.10473361341000001,-0.14009130001068115,-58.80595892696482,-1.0,0.0,0.0,124.3214301926722,
1449,142.588,-9.2783,-0.0665475,0.145591,909.523,919.522,0.0,-1.0,1.0,0.0,5,137.53144965517782,-0.10379764754,-1.6601508855819702,-68.89627454863063,-1.0,0.0,0.0,118.70553810480557,
1450,142.601,-11.5126,-0.0963367,0.146558,910.397,920.396,0.0,-1.0,1.0,0.0,5,135.08155369529143,-0.10449658679,-0.0,-75.82911370045025,-1.0,0.0,0.0,115.01977868338888,
1451,142.664,-13.6871,-0.123896,0.149544,911.272,921.271,0.0,-1.0,1.0,0.0,5,132.75528154565984,-0.10667272608,-0.0,-80.88124512454951,-1.0,0.0,0.0,111.42829753844245,
1452,142.852,-15.5681,-0.140718,0.153851,912.149,922.148,0.0,-1.0,1.0,0.0,5,131.42220036976124,-0.10988961525999999,-0.0,-83.70551067053937,-1.0,0.0,0.0,109.38593308686642,
1453,143.286,-15.1425,-0.137928,0.158656,913.028,923.027,0.0,-1.0,1.0,0.0,5,132.07493930426938,-0.11366591808,-0.0,-83.91885757255955,-1.0,0.0,0.0,109.9815589930495,
1454,143.958,-12.1493,-0.115963,0.163689,913.909,923.908,0.0,-1.0,1.0,0.0,5,134.66294656599936,-0.11782170531000001,-0.0,-81.41243900643309,-1.0,0.0,0.0,113.19201510908108,
1455,144.61,-7.53747,-0.0795454,0.168573,914.792,924.791,0.0,-0.4275174140930176,1.0,0.0,5,138.40726679593828,-0.12188670765000001,-0.5724825859069824,-75.1296891198665,-1.0,0.0,0.0,118.33121303254958,
1456,145.02,-2.76057,-0.0373797,0.1725,915.678,925.677,0.0,-1.0,1.0,0.0,5,142.20892687089327,-0.12507975000000002,-0.5724825859069824,-63.27260371118845,-1.0,0.0,0.0,125.09395141732406,
1457,145.241,1.63455,0.00491822,0.174842,916.565,926.564,0.0,-0.9976859092712402,1.0,0.0,5,144.8820812387888,-0.12697113461,-0.0023140907287597656,-40.390042922823085,-1.0,0.0,0.0,133.65690514625442,
1458,145.282,5.67105,0.0461445,0.175254,917.453,927.452,0.0,-0.7725734710693359,1.0,0.0,5,141.77655870185512,-0.12730625814000002,-0.2251124382019043,-51.599190477654886,-1.0,0.0,0.0,127.68192109284081,
1459,145.184,9.41121,0.0858979,0.173602,918.342,928.341,0.0,0.7043559551239014,1.0,0.0,5,138.42087773634688,-0.12602116384,-1.4769294261932373,-64.32358694144581,-1.0,0.0,0.0,120.77088100928748,
1460,145.0,12.8688,0.124038,0.169824,919.231,929.23,0.0,0.42490240931510925,1.0,0.8828384876251221,5,134.91627288064475,-0.12312239999999999,-0.2794535458087921,-72.5656103773905,-1.0,0.0,0.0,115.56791182255449,
1461,144.08,16.0651,0.158595,0.163992,920.119,930.117,0.0,1.0,1.0,0.0,5,130.89446883774713,-0.11813983680000001,-0.5750975906848907,-77.43504220122877,-1.0,0.0,0.0,110.24503917343448,
1462,142.785,18.3872,0.182891,0.156689,921.0,930.999,0.0,1.0,1.0,0.0,5,127.41925660358928,-0.111864194325,-0.0,-79.56196622274442,-1.0,0.0,0.0,106.41690085357817,
1463,142.354,19.4156,0.191704,0.148621,921.877,931.876,0.0,1.0,1.0,0.0,5,126.18472324979103,-0.10578396917000002,-0.0,-80.39900988620853,-1.0,0.0,0.0,104.97918680906889,
1464,142.708,17.9479,0.180477,0.140313,922.754,932.753,0.0,1.0,1.0,0.0,5,127.5822021958904,-0.10011893801999999,-0.0,-79.63855256306744,-1.0,0.0,0.0,106.57244511710354,
1465,143.475,13.8749,0.150393,0.1319,923.632,933.631,0.0,1.0,1.0,0.0,5,131.10729981968834,-0.09462176249999998,-0.0,-76.56297417504085,-1.0,0.0,0.0,110.87193451342813,
1466,144.245,8.26263,0.106524,0.123695,924.513,934.512,0.0,1.0,1.0,0.0,5,135.75911788506022,-0.089211926375,-0.0,-69.85148415352317,-1.0,0.0,0.0,117.20703492030444,
1467,144.694,2.67206,0.0579602,0.116524,925.396,935.395,0.0,0.8246837854385376,1.0,0.5058845281600952,5,140.26012742495206,-0.08430161827999999,-0.1753162145614624,-57.68547627961958,-1.0,0.0,0.0,124.70186187239872,
1468,144.463,-2.45273,0.0108544,0.111005,926.279,936.278,0.0,-0.06747974455356598,1.0,0.0,5,143.67047571450885,-0.080180576575,-0.8921635299921036,-37.87455784983064,-1.0,0.0,0.0,132.85400661647856,
1469,143.848,-6.81285,-0.0314087,0.1073,927.16,937.159,0.0,-0.872279942035675,1.0,0.0,5,141.5183844129545,-0.07717445200000002,-0.8048001974821091,-56.48181889998855,-1.0,0.0,0.0,126.07931517671273,
1470,143.411,-10.6067,-0.0697984,0.105424,928.039,938.038,0.0,-1.0,1.0,0.0,5,138.06093944234203,-0.07559480632,-0.12772005796432495,-68.88452685119199,-1.0,0.0,0.0,119.72589690583474,
1471,143.346,-14.1603,-0.099471,0.104955,928.919,938.918,0.0,0.18593013286590576,1.0,0.0,5,135.51978361806314,-0.07522439715,-1.1859301328659058,-75.59603616237128,-1.0,0.0,0.0,115.18977114046054,
1472,143.616,-15.1016,-0.115334,0.105475,929.8,939.799,0.0,-1.0,1.0,0.0,5,134.3983180532117,-0.07573948800000001,-1.1859301328659058,-78.82166691445927,-1.0,0.0,0.0,113.2613827967371,
1473,143.965,-15.2445,-0.126915,0.107865,930.684,940.683,0.0,-0.5650748014450073,0.0,0.0,5,133.6959498991343,-0.07764392362500001,-0.4349251985549927,-81.16761151926778,-1.0,0.0,0.0,112.19592553612586,
1474,144.185,-14.4805,-0.124024,0.111304,931.569,941.568,0.0,-1.0,0.0,0.0,5,134.1592016492572,-0.0802418362,-0.4349251985549927,-81.04914647761544,-1.0,0.0,0.0,112.68619563408686,
1475,144.133,-11.1973,-0.10134,0.115176,932.453,942.452,0.0,-1.0,1.0,0.0,5,136.1027998559272,-0.08300331204000001,-0.0,-77.13623589903764,-1.0,0.0,0.0,115.73573756912779,
1476,144.266,-6.60859,-0.0638882,0.1188,933.336,943.334,0.0,-1.0,1.0,0.0,5,139.36636159655944,-0.08569400399999999,-0.0,-68.69181393094595,-1.0,0.0,0.0,121.10771410982295,
1477,144.695,-1.86624,-0.0206724,0.121256,934.219,944.218,0.0,-1.0,1.0,0.0,5,143.16859359490584,-0.0877256846,-0.0,-53.03188637188893,-1.0,0.0,0.0,128.8228963173336,
1478,144.971,2.83413,0.024243,0.122014,935.104,945.103,0.0,-0.43746012449264526,1.0,0.0,5,143.17130683677092,-0.08844245797,-0.5625398755073547,-40.06580851740463,-1.0,0.0,0.0,131.89765028679756,
1479,145.03,7.34508,0.0688651,0.120822,935.991,945.99,0.0,0.5128533840179443,1.0,0.0,5,139.6964340065996,-0.08761407330000001,-0.9503135085105896,-61.33148388412134,-1.0,0.0,0.0,122.99085490971609,
1480,144.907,11.5179,0.111527,0.117561,936.879,946.878,0.0,-0.23304739594459534,1.0,0.0,5,135.9429567802133,-0.08517705913500001,-0.7459007799625397,-71.73641574649004,-1.0,0.0,0.0,116.69990555046704,
1481,144.735,15.2102,0.151003,0.112193,937.767,947.766,0.0,1.0,1.0,0.0,5,132.2017880132827,-0.081191269275,-1.2330473959445953,-78.49815224891813,-1.0,0.0,0.0,111.1261444629948,
1482,144.55,18.5136,0.186597,0.104706,938.656,948.655,0.0,1.0,1.0,0.0,5,128.6326181435117,-0.07567626150000001,-0.0,-83.20241325039754,-1.0,0.0,0.0,106.75633856941232,
1483,144.469,21.3002,0.210473,0.0957587,939.546,949.545,0.0,1.0,1.0,0.0,5,126.18947629680054,-0.0691708181515,-0.0,-85.9679230868354,-1.0,0.0,0.0,103.62832470694018,
1484,144.708,21.6665,0.214083,0.086137,940.437,950.436,0.0,1.0,0.0,1.0,5,126.03283890950128,-0.06232356498,-0.0,-86.82581621258576,-1.0,0.0,0.0,103.26406129137483,
1485,144.372,18.8407,0.197534,0.0760283,941.328,951.327,0.0,1.0,1.0,0.0,5,127.39783363410872,-0.054881788638,-0.0,-85.04889826045844,-1.0,0.0,0.0,105.08072728035611,
1486,143.727,13.9543,0.166492,0.0654263,942.211,952.21,0.0,1.0,1.0,0.0,5,129.83007246533427,-0.04701762910050001,-0.0,-81.02128734158266,-1.0,0.0,0.0,108.5277330008381,
1487,143.786,8.46287,0.124922,0.0548419,943.09,953.089,0.0,1.0,1.0,0.0,5,133.7078549329991,-0.039427487167,-0.0,-75.15785417046443,-1.0,0.0,0.0,113.87896390321602,
1488,143.947,3.03854,0.077577,0.0452305,943.968,953.967,0.0,1.0,1.0,0.0,5,137.9361774452196,-0.0325539739175,-0.0,-65.52904287282153,-1.0,0.0,0.0,120.52136275309674,
1489,143.993,-2.17041,0.0286601,0.0372938,944.846,954.845,0.0,1.0,0.8586176633834839,1.0,5,141.8707216092411,-0.026850230717,-0.0,-42.85684622697973,-1.0,0.0,0.0,130.12965982177914,
1490,143.172,-7.0827,-0.0183966,0.0313061,945.724,955.723,0.0,0.08616232872009277,1.0,0.0,5,141.83090875728394,-0.022410784746000004,-0.9138376712799072,-51.00387535812611,-1.0,0.0,0.0,127.78337783162243,
1491,141.881,-11.1242,-0.0586914,0.0271622,946.596,956.595,0.0,-0.841999888420105,1.0,0.0,5,137.47549549054034,-0.019269000491000002,-0.9281622171401978,-60.89388991450552,-1.0,0.0,0.0,120.9543053462809,
1492,140.978,-14.3028,-0.093742,0.0248271,947.464,957.462,0.0,-1.0,1.0,0.0,5,133.76092059750638,-0.017500374519000002,-0.15800011157989502,-69.04393018603773,-1.0,0.0,0.0,115.435037643004,
1493,140.287,-17.0401,-0.125028,0.0242928,948.328,958.327,0.0,-1.0,1.0,0.0,5,130.4448735093401,-0.017039820168,-0.0,-74.30107422790827,-1.0,0.0,0.0,110.85256513219504,
1494,140.128,-19.5105,-0.146528,0.0250168,949.192,959.191,0.0,-1.0,1.0,0.0,5,128.3967435884242,-0.017527770752,-0.0,-77.48351740176952,-1.0,0.0,0.0,108.00833646722981,
1495,140.422,-19.7711,-0.148605,0.0262203,950.058,960.057,0.0,-1.0,0.0,0.0,5,128.4790044324516,-0.018409534833,-0.0,-78.10998510720424,-1.0,0.0,0.0,107.93309862081753,
1496,140.88,-17.1281,-0.130346,0.0277642,950.925,960.924,0.0,-1.0,1.0,0.0,5,130.52931723264652,-0.01955710248,-0.0,-75.88097231496458,-1.0,0.0,0.0,110.53951705142536,
1497,141.309,-12.0802,-0.0937425,0.0295733,951.791,961.79,0.0,-1.0,0.0,0.0,5,134.07493394600868,-0.0208948672485,-0.0,-69.55030435968057,-1.0,0.0,0.0,115.66646298884004,
1498,141.561,-6.40355,-0.0465978,0.0309509,952.658,962.657,0.0,-1.0,1.0,0.0,5,138.11031610443675,-0.0219072017745,-0.0,-58.29154821844929,-1.0,0.0,0.0,122.51552184804993,
1499,141.361,-1.01462,0.00334466,0.0308888,953.523,963.522,0.0,-1.0,0.0,0.0,5,141.12380751524918,-0.021832358284,-0.0,-49.45275009826375,-1.0,0.0,0.0,127.73878763239924,
1500,141.151,3.95398,0.0526519,0.0289404,954.386,964.385,0.0,-0.07743414491415024,1.0,0.39652109146118164,5,137.24117669360322,-0.020424832002,-0.9225658550858498,-42.79901171303146,-1.0,0.0,0.0,125.2442291768176,
1501,140.202,8.61564,0.100303,0.024893,955.246,965.245,0.0,0.21212899684906006,1.0,0.0,5,132.4777700254516,-0.01745024193,-0.2895631417632103,-67.87972127483813,-1.0,0.0,0.0,114.40352052228313,
1502,139.277,12.8674,0.144613,0.0188708,956.102,966.101,0.0,1.0,1.0,0.0,5,127.7876238715347,-0.013141342058,-0.7878710031509399,-74.95733582177219,-1.0,0.0,0.0,107.79878727308838,
1503,138.747,16.95,0.185576,0.0109723,956.955,966.954,0.0,1.0,1.0,0.11783802509307861,5,123.56444264623632,-0.0076118685405000015,-0.0,-79.94516329399227,-1.0,0.0,0.0,102.57053995419776,
1504,138.419,20.4569,0.21404,0.00190131,957.808,967.807,0.0,1.0,1.0,0.0,5,120.5596326355021,-0.00131588714445,-0.0,-82.82259723867021,-1.0,0.0,0.0,98.8526674386901,
1505,138.429,21.4747,0.222137,-0.00767318,958.661,968.66,0.0,1.0,1.0,1.0,5,119.77867631029392,-0.0053109531711,-0.0,-83.85023489854319,-1.0,0.0,0.0,97.81080663248702,
1506,138.28,19.3782,0.210266,-0.0176975,959.515,969.514,0.0,1.0,1.0,0.0,5,120.8035382649261,-0.012236051500000001,-0.0,-82.8702680028138,-1.0,0.0,0.0,99.07373521272265,
1507,137.969,15.1102,0.183785,-0.028414,960.362,970.361,0.0,1.0,1.0,0.0,5,123.03840249686706,-0.019601255829999997,-0.0,-80.12514120755773,-1.0,0.0,0.0,101.98751593914764,
1508,138.153,10.0309,0.146032,-0.0394224,961.207,971.206,0.0,1.0,1.0,0.0,5,126.63097092348897,-0.027231614136,-0.0,-75.90283373516179,-1.0,0.0,0.0,106.62803087556253,
1509,138.412,4.89674,0.101342,-0.0498408,962.051,972.05,0.0,1.0,1.0,0.0,5,130.7003729176592,-0.034492824048,-0.0,-68.96952308565024,-1.0,0.0,0.0,112.42349932219865,
1510,138.563,0.0411222,0.0545359,-0.05887,962.896,972.895,0.0,1.0,1.0,0.0,5,134.5805401557407,-0.04078601905,-0.0,-45.102642628545425,-1.0,0.0,0.0,122.26409347955435,
1511,138.57,-4.54515,0.00792825,-0.0660915,963.742,973.741,0.0,1.0,1.0,0.0,5,138.01634191870468,-0.045791495774999996,-0.0,-51.12902104848092,-1.0,0.0,0.0,124.18829516080945,
1512,138.43,-8.84049,-0.0373932,-0.0713216,964.588,974.587,0.0,0.3581898510456085,0.0,0.0,5,135.74566407725501,-0.049365245440000004,-0.6418101489543915,-57.18246711437942,-1.0,0.0,0.0,120.20813900853386,
1513,137.989,-12.6934,-0.080501,-0.0744469,965.436,975.435,0.0,-0.7600904107093811,1.0,0.0,5,131.99399933607657,-0.0513642664205,-1.1182802617549896,-62.86756231407709,-1.0,0.0,0.0,114.8902604126103,
1514,137.474,-16.1028,-0.120528,-0.0753733,966.282,976.281,0.0,-0.13696736097335815,0.0,0.0,5,128.21197693539108,-0.051809345220999996,-0.623123049736023,-68.11192390650348,-1.0,0.0,0.0,109.94524969862341,
1515,136.929,-19.1897,-0.157054,-0.0741798,967.127,977.126,0.0,-1.0,0.0,0.0,5,124.5352517018239,-0.050786829171000004,-0.8630326390266418,-72.70466816229226,-1.0,0.0,0.0,105.04938804037184,
1516,136.296,-21.9041,-0.183135,-0.0714454,967.971,977.97,0.0,-1.0,0.0,0.0,5,121.60616459095225,-0.048688611192,-0.0,-75.47600328839206,-1.0,0.0,0.0,101.68847515766223,
1517,135.821,-22.5225,-0.189243,-0.068072,968.814,978.813,0.0,-1.0,1.0,0.0,5,120.6211616107428,-0.04622803555999999,-0.0,-75.80120326592233,-1.0,0.0,0.0,100.62463275870222,
1518,136.007,-20.4298,-0.173978,-0.0643853,969.654,979.653,0.0,-1.0,1.0,0.0,5,122.18231482723087,-0.04378425748550001,-0.0,-74.30599190450776,-1.0,0.0,0.0,102.56203259361843,
1519,136.888,-15.9489,-0.139702,-0.0605307,970.495,980.494,0.0,-0.9742408990859985,0.0,0.0,5,126.0236818401216,-0.041429632308,-0.025759100914001465,-71.37690170360446,-1.0,0.0,0.0,107.13029905163829,
1520,137.627,-9.88516,-0.091098,-0.0568336,971.338,981.336,0.0,-1.0,0.0,0.0,5,130.7962169911293,-0.039109189336,-0.025759100914001465,-66.8605672793944,-1.0,0.0,0.0,113.03423825167052,
1521,137.534,-3.86802,-0.0358287,-0.0542453,972.179,982.178,0.0,-1.0,0.03431296348571777,0.0,5,134.98242842609437,-0.037302865451000006,-0.0,-61.03524706898811,-1.0,0.0,0.0,118.68631379339634,
1522,137.129,1.8475,0.0206307,-0.0535617,973.019,983.018,0.0,-0.2861049771308899,1.0,0.0,5,135.68538492748024,-0.036724311796499993,-0.7138950228691101,-55.11042649375081,-1.0,0.0,0.0,120.6568854853853,
1523,136.473,7.35987,0.0761311,-0.0550007,973.855,983.854,0.0,0.9241706728935242,1.0,0.0,5,130.88779301131174,-0.0375305526555,-1.210275650024414,-49.40020287024197,-1.0,0.0,0.0,117.1371290460884,
1524,136.103,12.6319,0.129637,-0.0585616,974.69,984.689,0.0,1.0,1.0,0.0,5,126.16364112869002,-0.03985204722400001,-0.07582932710647583,-44.52617323689361,-1.0,0.0,0.0,113.96949697411067,
1525,135.758,17.8712,0.179058,-0.0640314,975.525,985.524,0.0,1.0,1.0,0.0,5,121.49805372534517,-0.043463874006000006,-0.0,-78.00856883397033,-1.0,0.0,0.0,100.9524476428466,
1526,135.452,22.2268,0.214405,-0.0706203,976.362,986.361,0.0,1.0,0.06280899047851562,0.9921003580093384,5,117.94078144697217,-0.047828304377999994,-0.0,-81.90173949643196,-1.0,0.0,0.0,96.41751826848618,
1527,134.558,23.76,0.230197,-0.077884,977.199,987.198,0.0,1.0,0.0,0.8519115447998047,5,115.65755257898986,-0.05239957636,-0.0,-82.6217005553919,-1.0,0.0,0.0,93.94972786378189,
1528,132.989,22.9315,0.230099,-0.0858237,978.027,988.026,0.0,1.0,1.0,0.46606266498565674,5,114.31825707207683,-0.057068040196500004,-0.0,-81.2198817923272,-1.0,0.0,0.0,92.95621858379853,
1529,131.479,20.6728,0.219062,-0.0943151,978.844,988.843,0.0,1.0,1.0,0.0,5,114.05075535645963,-0.062002275164500006,-0.0,-78.78273827300461,-1.0,0.0,0.0,93.29306851304398,
1530,130.558,17.2625,0.198368,-0.103361,979.65,989.649,0.0,1.0,1.0,0.7935316562652588,5,115.13318614966116,-0.06747302718999999,-0.0,-75.38096129729324,-1.0,0.0,0.0,95.22047279814784,
1531,129.902,12.8126,0.168105,-0.112858,980.449,990.448,0.0,1.0,1.0,0.0,5,117.20361393105394,-0.07330239958,-0.0,-66.77424382254664,-1.0,0.0,0.0,99.43675057583728,
1532,129.287,8.05686,0.132041,-0.12259,981.241,991.24,0.0,1.0,1.0,0.0,5,119.6507771501802,-0.07924646665000001,-0.0,-42.825355324456154,-1.0,0.0,0.0,107.86519185241616,
1533,129.063,3.90841,0.093467,-0.131832,982.029,992.028,0.0,1.0,0.9790732860565186,0.0,5,122.47687043816853,-0.08507316708,-0.0,-46.663970879506095,-1.0,0.0,0.0,109.72580455121201,
1534,128.975,0.246706,0.0539823,-0.139836,982.816,992.815,0.0,1.0,1.0,0.020846128463745117,5,125.30763026356607,-0.09017674049999999,-0.0,-50.70206214789175,-1.0,0.0,0.0,111.54193798609313,
1535,128.93,-3.10968,0.0148193,-0.146208,983.603,993.602,0.0,1.0,0.0,0.0,5,127.9605517858214,-0.09425298720000001,-0.0,-54.68567900505791,-1.0,0.0,0.0,113.19487904735692,
1536,128.652,-6.05121,-0.0225414,-0.150749,984.391,994.39,0.0,-0.31506943702697754,1.0,0.0,5,127.16944109157163,-0.09697080173999999,-1.3150694370269775,-58.16366905082799,-1.0,0.0,0.0,111.13703219601653,
1537,128.402,-8.59623,-0.0570294,-0.153315,985.177,995.176,0.0,-0.8050851821899414,1.0,0.0,5,124.53389213708375,-0.09842976315,-0.49001574516296387,-61.28476525362504,-1.0,0.0,0.0,107.96726633697861,
1538,128.282,-10.8547,-0.0890476,-0.153945,985.964,995.963,0.0,-1.0,0.19349801540374756,0.0,5,122.06967476219043,-0.09874186245000001,-0.1949148178100586,-64.18784426018237,-1.0,0.0,0.0,104.86549738935182,
1539,128.055,-12.9126,-0.117518,-0.152721,986.75,996.749,0.0,-0.26610684394836426,1.0,0.0,5,119.66469018826955,-0.09778343827500001,-0.7338931560516357,-66.57587183441848,-1.0,0.0,0.0,101.70277084457443,
1540,128.044,-14.3444,-0.134101,-0.150289,987.537,997.536,0.0,-0.25002676248550415,1.0,0.0,5,118.33470635901215,-0.09621802358000002,-0.016080081462860107,-68.24955209720557,-1.0,0.0,0.0,100.17127628669189,
1541,128.49,-13.9057,-0.139092,-0.146786,988.325,998.324,0.0,-1.0,1.0,0.0,5,118.34190124895768,-0.09430266570000001,-0.7499732375144958,-69.58576585677395,-1.0,0.0,0.0,99.62616514780984,
1542,129.119,-12.813,-0.133552,-0.142264,989.116,999.115,0.0,-1.0,0.0,0.0,5,119.37277591557434,-0.09184492708,-0.0,-70.4480804571805,-1.0,0.0,0.0,100.66891087419921,
1543,129.506,-10.032,-0.11143,-0.13743,989.91,999.909,0.0,-1.0,1.0,0.0,5,121.50231242052173,-0.08899004790000001,-0.0,-70.0271432524128,-1.0,0.0,0.0,102.90653655951854,
1544,129.574,-6.23283,-0.0762998,-0.132848,990.702,1000.7,0.0,-1.0,0.0,0.0,5,124.25857485708852,-0.08606823376,-0.0,-68.41872222285309,-1.0,0.0,20.0,126.06782606761524,
1545,129.571,-2.55413,-0.036484,-0.129423,991.494,1001.49,0.0,-1.0,0.0,0.0,5,127.1216648839061,-0.08384733766500001,-0.0,-66.35457175543687,-1.0,0.0,0.0,109.44917460738188,
1546,129.164,0.975208,0.00525868,-0.127728,992.285,1002.28,0.0,-1.0,1.0,0.0,5,128.82259956538357,-0.08248929696,-0.0,-63.661584777353426,-1.0,0.0,0.0,111.82471407408521,
1547,128.678,4.47226,0.0475008,-0.127997,993.073,1003.07,0.0,-0.6637277007102966,1.0,0.0,5,125.47785271434432,-0.08235198983,-0.33627229928970337,-60.76775335047,-1.0,0.0,0.0,109.1026806971099,
1548,128.554,7.6278,0.0859991,-0.12997,993.788,1003.79,0.0,-1.0,0.11400961875915527,0.0,5,122.5579572519714,-0.08354081690000001,-0.33627229928970337,-58.38703341315089,-1.0,0.0,0.0,106.77677639199676,
1549,128.285,10.7314,0.123566,-0.133629,994.504,1004.5,0.0,1.0,1.0,0.0,5,119.40120390055262,-0.085712981325,-2.0,-55.814139649097584,-1.0,0.0,0.0,103.76195600695323,
1550,127.74,13.6052,0.151544,-0.138367,995.225,1005.22,0.0,0.9064508080482483,1.0,0.0,5,116.63388314630153,-0.08837500289999999,-0.09354919195175171,-53.03308465744284,-1.0,0.0,0.0,102.2591722214553,
1551,127.32,16.3068,0.177934,-0.143726,995.946,1005.94,0.0,1.0,1.0,0.0,5,114.04220234064795,-0.09149597159999999,-0.09354919195175171,-50.49281731053779,-1.0,0.0,0.0,100.29943728382798,
1552,126.989,18.8326,0.202378,-0.149695,996.666,1006.67,0.0,1.0,1.0,0.0,5,111.63497448684403,-0.095048091775,-0.0,-48.199975383623396,-1.0,0.0,0.0,98.48993254916319,
1553,126.766,21.3517,0.221913,-0.156041,997.387,1007.39,0.0,1.0,1.0,1.0,5,109.70711629184498,-0.09890346703000001,-0.0,-46.41992853412185,-1.0,0.0,0.0,97.00323069128453,
1554,126.088,22.7907,0.229431,-0.162139,998.109,1008.11,0.0,1.0,1.0,1.0,5,108.4462993017128,-0.10221891116000001,-0.0,-45.16047686973238,-1.0,0.0,0.0,96.05396117311972,
1555,125.004,22.519,0.224715,-0.167854,998.826,1008.82,0.0,1.0,1.0,0.0,5,107.93387682546545,-0.10491210708000001,-0.0,-44.47407512731681,-1.0,0.0,0.0,95.71044593655625,
1556,124.085,21.037,0.209992,-0.173127,999.537,1009.54,0.0,1.0,0.49942731857299805,0.0,5,108.42628508371227,-0.107412318975,-0.0,-44.74203811931393,-1.0,0.0,0.0,96.1333632349088,
1557,123.577,18.6419,0.185944,-0.177878,1000.24,1010.24,0.0,1.0,1.0,0.8147405385971069,5,110.02369197364817,-0.10990814803000001,-0.0,-46.139241767985055,-1.0,0.0,0.0,97.37897338362191,
1558,123.045,15.1614,0.152573,-0.181969,1000.94,1010.94,0.0,1.0,1.0,0.0,5,112.2653264951608,-0.11195187802499999,-0.0,-48.22358060688772,-1.0,0.0,0.0,99.09747946541388,
1559,122.546,11.0177,0.112362,-0.185382,1001.64,1011.64,0.0,1.0,1.0,0.0,5,114.90294946001384,-0.11358911286,-0.0,-50.81871648807548,-1.0,0.0,0.0,101.08468122513497,
1560,122.451,7.06344,0.0673798,-0.187672,1002.33,1012.33,0.0,1.0,1.0,0.0,5,118.05089798220419,-0.11490312036,-0.0,-54.087009478673636,-1.0,0.0,0.0,103.41424249217579,
1561,122.498,3.44486,0.0196649,-0.188174,1003.02,1013.02,0.0,0.5845083594322205,1.0,0.0,5,121.26993743431231,-0.11525469326000003,-0.41549164056777954,-57.559814007473236,-1.0,0.0,0.0,105.64008174701367,
1562,122.558,0.0220203,-0.0290391,-0.186428,1003.71,1013.71,0.0,0.750426173210144,1.0,0.0,5,120.72709200836316,-0.11424121412000002,-0.16591781377792358,-60.941534668077566,-1.0,0.0,0.0,104.32769178309039,
1563,122.63,-3.19905,-0.0773567,-0.182241,1004.4,1014.4,0.0,-0.32132428884506226,1.0,0.0,5,117.52487340136865,-0.11174106914999998,-1.0717504620552063,-64.11514034879687,-1.0,0.0,0.0,100.06282210640288,
1564,122.671,-6.23233,-0.124635,-0.175496,1005.1,1015.09,0.0,-0.29450368881225586,0.0,0.0,5,114.09468041193807,-0.10764134908000002,-0.026820600032806396,-66.99164655547804,-1.0,0.0,0.0,96.23108124397872,
1565,122.554,-9.02725,-0.168934,-0.16618,1005.79,1015.78,0.0,-1.0,0.0,0.0,5,110.50678804161846,-0.1018301186,-0.7054963111877441,-69.37287552899996,-1.0,0.0,0.0,91.85009014741215,
1566,122.259,-11.4681,-0.204141,-0.154678,1006.47,1016.47,0.0,-1.0,1.0,0.0,5,107.32780807409732,-0.09455388801000002,-0.0,-70.99385394539483,-1.0,0.0,0.0,88.48479069973861,
1567,122.301,-12.5702,-0.223968,-0.141591,1007.16,1017.16,0.0,-1.0,0.0,0.0,5,105.66484818225567,-0.086583604455,-0.0,-72.18077653681101,-1.0,0.0,0.0,86.53307044359792,
1568,122.484,-11.8847,-0.227969,-0.127159,1007.84,1017.84,0.0,-1.0,0.0,0.0,5,105.47435782669483,-0.07787471477999999,-0.0,-72.80617396060893,-1.0,0.0,0.0,86.1949396217626,
1569,122.406,-9.54012,-0.216884,-0.111566,1008.53,1018.53,0.0,-1.0,0.032779037952423096,0.0,5,106.3682285368384,-0.06828173898,-0.0,-72.51903977991844,-1.0,0.0,0.0,87.17018685287879,
1570,122.246,-6.38691,-0.194188,-0.095295,1009.21,1019.21,0.0,-1.0,1.0,0.0,5,108.15345108456147,-0.05824716285,-0.0,-71.6092702477737,-1.0,0.0,0.0,89.19288635976805,
1571,122.091,-3.14492,-0.166362,-0.0789833,1009.88,1019.88,0.0,-1.0,0.0,0.0,5,110.29650745977261,-0.0482157504015,-0.0,-70.39425348728413,-1.0,0.0,0.0,91.64972833755009,
1572,122.035,-0.0142302,-0.137079,-0.0629654,1010.56,1020.56,0.0,-1.0,0.0,0.0,5,112.5521880039191,-0.038419912945,-0.0,-69.11649661980226,-1.0,0.0,0.0,94.23464393602353,
1573,121.642,2.96343,-0.107288,-0.0474955,1011.23,1021.23,0.0,-1.0,1.0,0.0,5,114.42972604537488,-0.028887238055000004,-0.0,-67.37240630334514,-1.0,0.0,0.0,96.55773723148359,
1574,121.125,5.88149,-0.0777651,-0.0326894,1011.9,1021.9,0.0,-1.0,1.0,0.0,5,116.05403477741446,-0.019797517875,-0.0,-65.41242332291569,-1.0,0.0,0.0,98.68113142881053,
1575,120.907,8.71822,-0.0489985,-0.0185115,1012.57,1022.57,0.0,-0.665644645690918,1.0,0.0,5,117.80094338043519,-0.011190849652500001,-0.33435535430908203,-63.69153355953479,-1.0,0.0,0.0,100.76656253460628,
1576,120.725,11.518,-0.0206171,-0.00491206,1013.24,1023.24,0.0,-1.0,1.0,0.0,5,119.45493139898792,-0.0029650422175,-0.33435535430908203,-61.93014308206881,-1.0,0.0,0.0,102.8691239799605,
1577,120.479,14.2235,0.00706553,0.00809479,1013.91,1023.91,0.0,-1.0,1.0,0.0,5,120.0503723002786,-0.00487626102205,-0.0,-60.05652735943356,-1.0,0.0,0.0,104.03136419939815,
1578,120.171,16.7953,0.0335672,0.0205053,1014.58,1024.58,0.0,-0.7831403017044067,1.0,0.0,5,118.08678134682015,-0.012320712031500002,-0.21685969829559326,-58.109765722876574,-1.0,0.0,0.0,102.48196129458083,
1579,119.819,19.2035,0.0585678,0.032341,1015.25,1025.25,0.0,-1.0,0.0,0.0,5,116.10679593244497,-0.019375331395000004,-0.21685969829559326,-56.146927629140265,-1.0,0.0,0.0,100.98563078427622,
1580,119.33,21.3553,0.0818437,0.0435994,1015.92,1025.92,0.0,1.0,0.4902956485748291,0.0,5,114.05280894327615,-0.02601358201,-2.0,-54.114553976837655,-1.0,0.0,0.0,98.89815686705674,
1581,118.628,23.1399,0.102693,0.0542119,1016.59,1026.58,0.0,0.16520372033119202,1.0,0.0,5,111.92260062865344,-0.032155246366,-0.834796279668808,-52.00616574125267,-1.0,0.0,0.0,97.63846506307362,
1582,117.978,24.654,0.121307,0.0641836,1017.25,1027.25,0.0,1.0,1.0,0.0,5,109.97277638899192,-0.037861263804,-0.834796279668808,-50.08874900987638,-1.0,0.0,0.0,96.16228898881818,
1583,117.461,26.0196,0.138513,0.0735423,1017.91,1027.91,0.0,0.6930749416351318,1.0,0.0,5,108.22705568768285,-0.0431917605015,-0.30692505836486816,-48.38799514282009,-1.0,0.0,0.0,94.99478762396686,
1584,117.046,27.3454,0.154402,0.0823186,1018.57,1028.57,0.0,0.4732091426849365,1.0,0.0,5,106.65337481696265,-0.04817531427800001,-0.2198657989501953,-46.87267173348553,-1.0,0.0,0.0,93.82107182962821,
1585,116.838,28.5944,0.165887,0.0907962,1019.24,1029.23,0.0,1.0,1.0,0.0,5,105.58751309881626,-0.053042232078,-0.5267908573150635,-45.90774693404795,-1.0,0.0,0.0,92.89949687603175,
1586,116.814,29.4266,0.169481,0.0992559,1019.9,1029.9,0.0,1.0,1.0,0.0,5,105.28878451168718,-0.057972393512999994,-0.0,-45.75322601040712,-1.0,0.0,0.0,92.79250561557241,
1587,117.064,29.1723,0.159586,0.108261,1020.56,1030.56,0.0,1.0,1.0,0.0,5,106.27519633872511,-0.06336732851999999,-0.0,-46.98513014609895,-1.0,0.0,0.0,93.46554647368038,
1588,117.734,27.2613,0.135783,0.117935,1021.22,1031.22,0.0,0.978199303150177,1.0,0.0,5,108.68173537998203,-0.06942479645,-0.021800696849822998,-49.77839095998034,-1.0,0.0,0.0,95.161172634482,
1589,118.759,23.8381,0.099378,0.128274,1021.88,1031.88,0.0,0.999874472618103,1.0,0.0,5,112.2817436233546,-0.07616845983,-0.021675169467926025,-53.92101113544622,-1.0,0.0,0.0,97.71881982882266,
1590,119.979,19.1281,0.0511705,0.139345,1022.55,1032.54,0.0,-1.0,0.9918773174285889,0.0,5,116.75360329986636,-0.083592368775,-1.999874472618103,-59.09108986999143,-1.0,0.0,0.0,100.29727612180807,
1591,121.234,13.243,-0.00639272,0.151314,1023.21,1033.21,0.0,0.35663628578186035,1.0,0.0,5,120.84401791256266,-0.09172200738,-1.3566362857818604,-64.77211905364823,-1.0,0.0,0.0,103.15227525603605,
1592,122.29,7.2335,-0.062634,0.164145,1023.88,1033.87,0.0,-1.0,1.0,0.0,5,118.22295308806926,-0.10036646025000001,-1.3566362857818604,-69.82817387852384,-1.0,0.0,0.0,99.25855227245374,
1593,123.071,2.52386,-0.108621,0.177957,1024.54,1034.54,0.0,-1.0,0.0,0.0,5,115.67477397839747,-0.109506729735,-0.0,-73.66363212839606,-1.0,0.0,0.0,96.14935921656345,
1594,123.38,-0.513696,-0.14133,0.192818,1025.21,1035.21,0.0,-1.0,0.0,0.0,5,113.46019113075855,-0.1189494242,-0.0,-76.09725896270395,-1.0,0.0,0.0,93.31692696588256,
1595,123.154,-1.97529,-0.160435,0.208733,1025.88,1035.88,0.0,-1.0,1.0,0.0,5,111.73566221591116,-0.12853151941000002,-0.0,-77.21828840215926,-1.0,0.0,0.0,91.30255859596134,
1596,123.328,-2.29745,-0.167623,0.225442,1026.54,1036.54,0.0,-1.0,0.019956767559051514,0.0,5,111.31148199027841,-0.13901655488000003,-0.0,-78.13736380177858,-1.0,0.0,0.0,90.63812448495376,
1597,123.312,-1.83107,-0.165989,0.242639,1027.21,1037.2,0.0,-1.0,1.0,0.0,5,111.42984290109334,-0.14960150183999998,-0.0,-78.44515700876649,-1.0,0.0,0.0,90.66895214706172,
1598,123.166,-0.960702,-0.158821,0.259955,1027.87,1037.87,0.0,-1.0,1.0,0.0,5,111.87627875964591,-0.16008808765,-0.0,-78.35632247382269,-1.0,0.0,0.0,91.12711005354025,
1599,123.347,0.19022,-0.148277,0.277233,1028.53,1038.53,0.0,-1.0,0.3337094783782959,0.0,5,112.88223590068475,-0.17097929425500002,-0.0,-78.42210267123585,-1.0,0.0,0.0,92.10573093862078,
1600,123.354,1.45236,-0.135588,0.294348,1029.19,1039.19,0.0,-1.0,0.0,0.0,5,113.8847982767616,-0.18154501596,-0.0,-78.18950066700617,-1.0,0.0,0.0,93.15587809405005,
1601,122.991,2.65977,-0.12224,0.311094,1029.85,1039.85,0.0,-1.0,0.0,0.0,5,114.57473715525089,-0.19130881077,-0.0,-77.51907459541657,-1.0,0.0,0.0,94.00365969562675,
1602,122.524,3.88066,-0.108151,0.327357,1030.51,1040.5,0.0,-1.0,0.0,0.0,5,115.19550067682448,-0.20054544534000002,-0.0,-76.67316358451026,-1.0,0.0,0.0,94.82666433535692,
1603,122.022,5.13018,-0.0933337,0.343095,1031.16,1041.16,0.0,-1.0,1.0,0.0,5,115.80478942226931,-0.20932569045,-0.0,-75.71474786817944,-1.0,0.0,0.0,95.66677676477445,
1604,121.596,6.41409,-0.0781931,0.358276,1031.81,1041.81,0.0,-1.0,0.0,0.0,5,116.47531947124217,-0.21782464248000002,-0.0,-74.77308253429737,-1.0,0.0,0.0,96.56422419518783,
1605,121.322,7.66516,-0.0631297,0.372925,1032.46,1042.46,0.0,-1.0,0.0,0.0,5,117.2533568400234,-0.22622003425,-0.0,-73.94631003140958,-1.0,0.0,0.0,97.54055929792099,
1606,120.827,8.81131,-0.0483772,0.386979,1033.11,1043.1,0.0,-1.0,0.0,0.0,5,117.76414252252228,-0.233787558165,-0.0,-72.8736726910426,-1.0,0.0,0.0,98.31193679159662,
1607,120.255,9.9008,-0.033877,0.40041,1033.75,1043.75,0.0,-1.0,0.0,0.0,5,118.14945148209307,-0.24075652275,-0.0,-71.69501647446737,-1.0,0.0,0.0,98.98494084072622,
1608,119.649,10.9486,-0.0196359,0.413204,1034.39,1044.39,0.0,-1.0,1.0,0.0,5,118.45130188168909,-0.24719722698000002,-0.0,-70.4462195907589,-1.0,0.0,0.0,99.59254975701936,
1609,119.103,11.9551,-0.00586808,0.425387,1035.03,1045.03,0.0,-1.0,0.0,0.0,5,118.75149842733113,-0.25332433930500003,-0.0,-69.23711587066765,-1.0,0.0,0.0,100.18889512035922,
1610,118.71,12.8833,0.00730348,0.436984,1035.66,1045.66,0.0,-1.0,1.0,0.0,5,118.27333976814228,-0.2593718532,-0.0,-68.18002473778559,-1.0,0.0,0.0,99.96896173049589,
1611,118.255,13.6982,0.0196753,0.44797,1036.3,1046.29,0.0,-1.0,0.0,0.0,5,117.0688352092711,-0.26487346175,-0.0,-67.07855229209437,-1.0,0.0,0.0,99.0343236744975,
1612,117.857,14.4058,0.0311731,0.458351,1036.93,1046.93,0.0,-1.0,1.0,0.0,5,115.96305363126926,-0.27009936903500004,-0.0,-66.0641047343364,-1.0,0.0,0.0,98.17692807865016,
1613,117.415,14.9708,0.0415998,0.468114,1037.56,1047.56,0.0,-1.0,0.0,0.0,5,114.87190285141273,-0.27481802655,-0.0,-65.05895736880031,-1.0,0.0,0.0,97.33234548266266,
1614,117.036,15.4135,0.050947,0.477275,1038.18,1048.18,0.0,-1.0,0.7041580677032471,0.0,5,113.90411671925135,-0.27929178450000003,-0.0,-64.1767151013183,-1.0,0.0,0.0,96.58064615942178,
1615,116.571,15.6908,0.0590615,0.485818,1038.81,1048.81,0.0,-1.0,1.0,0.0,5,112.9273160117209,-0.28316145039,-0.0,-63.28613535721425,-1.0,0.0,0.0,95.82262072202735,
1616,116.273,15.862,0.0659415,0.493753,1039.43,1049.43,0.0,-0.9712495803833008,1.0,0.0,5,112.1894673744207,-0.287050712845,-0.02875041961669922,-62.63420806729517,-1.0,0.0,0.0,95.2352395188669,
1617,116.122,15.9939,0.072121,0.50114,1040.05,1050.05,0.0,-1.0,1.0,0.0,5,111.63634192568455,-0.2909668954,-0.02875041961669922,-62.166685155213855,-1.0,0.0,0.0,94.79507861559608,
1618,116.041,16.1053,0.0778936,0.507975,1040.67,1050.67,0.0,-1.0,1.0,0.0,5,111.1742868259291,-0.294729634875,-0.0,-61.78931984168601,-1.0,0.0,0.0,94.4322272306326,
1619,116.0,16.1936,0.0832965,0.514306,1041.29,1051.29,0.0,-1.0,1.0,0.0,5,110.77219860590428,-0.29829748,-0.0,-61.47099120651467,-1.0,0.0,0.0,94.10615332427561,
1620,115.987,16.2381,0.0882303,0.52016,1041.91,1051.91,0.0,-0.1398136019706726,1.0,0.0,5,110.42568959869084,-0.3016589896,-0.8601863980293274,-61.21045027294982,-1.0,0.0,0.0,93.56336212144458,
1621,115.999,16.2218,0.0925617,0.525502,1042.53,1052.53,0.0,-0.8978077173233032,1.0,0.0,5,110.14156457312659,-0.30478853249000004,-0.7579941153526306,-61.01634091552137,-1.0,0.0,0.0,93.35529257715046,
1622,116.04,16.13,0.0961491,0.530367,1043.15,1053.15,0.0,-0.5197256803512573,0.0,0.0,5,109.93405909664662,-0.30771893340000006,-0.3780820369720459,-60.908912581012885,-1.0,0.0,0.0,93.28568740690179,
1623,115.978,15.8724,0.0987632,0.534713,1043.77,1053.77,0.0,0.4799351990222931,0.0,0.0,5,109.69495198156619,-0.31007472157,-0.9996608793735504,-60.77721739685206,-1.0,0.0,0.0,92.8906746469711,
1624,115.679,15.3657,0.0996584,0.538518,1044.39,1054.39,0.0,-0.8635774254798889,1.0,0.0,5,109.350369831465,-0.31147611861,-1.343512624502182,-60.5412524943211,-1.0,0.0,0.0,92.50052680192407,
1625,115.439,14.6945,0.0992358,0.541761,1045.0,1055.0,0.0,-0.030228618532419205,0.38372159004211426,0.0,5,109.15261511304763,-0.31270174039500004,-0.8333488069474697,-60.4657701512818,-1.0,0.0,0.0,92.47346619274795,
1626,115.336,13.9741,0.09832,0.544449,1045.62,1055.61,0.0,0.7384288907051086,0.6226668357849121,0.0,5,109.1181954588338,-0.31397284931999997,-0.7686575092375278,-60.561159060021,-1.0,0.0,0.0,92.43333559173729,
1627,115.19,13.2516,0.0967209,0.546595,1046.23,1056.23,0.0,1.0,0.0,0.0,5,109.08966376297037,-0.31481139025,-0.26157110929489136,-60.66402820673436,-1.0,0.0,0.0,92.53037398824831,
1628,115.1,12.8398,0.0902903,0.548556,1046.84,1056.84,0.0,0.5606846809387207,1.0,0.0,5,109.44200214335896,-0.31569397800000004,-0.4393153190612793,-61.24873817634354,-1.0,0.0,0.0,92.6823290255547,
1629,115.256,11.6057,0.0707366,0.55114,1047.45,1057.45,0.0,-0.5368385314941406,1.0,0.0,5,110.89475877998407,-0.3176109592,-1.0975232124328613,-63.23202091342878,-1.0,0.0,0.0,93.43988562869703,
1630,115.928,8.81299,0.0417607,0.55442,1048.06,1058.06,0.0,-1.0,1.0,0.0,5,113.40701431958068,-0.32136400880000004,-0.4631614685058594,-66.48494184215542,-1.0,0.0,0.0,95.32546640969007,
1631,116.691,5.71319,0.0146071,0.557873,1048.68,1058.68,0.0,-1.0,1.0,0.0,5,115.82632294942724,-0.325493791215,-0.0,-69.56964178527957,-1.0,0.0,0.0,97.10841871189234,
1632,117.253,3.34906,-0.00677145,0.561484,1049.29,1059.29,0.0,-1.0,0.0,0.0,5,116.85332845699605,-0.32917841726,-0.0,-71.91078126293333,-1.0,0.0,0.0,97.54645472400273,
1633,117.266,1.75747,-0.0218782,0.565305,1049.91,1059.91,0.0,-1.0,1.0,0.0,5,115.9552539358668,-0.33145528064999996,-0.0,-73.18482034246361,-1.0,0.0,0.0,96.32759356960091,
1634,117.415,0.834782,-0.0311428,0.569347,1050.53,1060.53,0.0,-1.0,0.0,0.0,5,115.53004531845023,-0.33424939002500004,-0.0,-74.15820400214551,-1.0,0.0,0.0,95.65624492788886,
1635,117.36,0.443691,-0.0350149,0.573568,1051.15,1061.15,0.0,-1.0,0.0,0.0,5,115.23380862951116,-0.33656970239999995,-0.0,-74.55244926417771,-1.0,0.0,0.0,95.25912661106673,
1636,116.995,0.418066,-0.0344665,0.577803,1051.76,1061.76,0.0,-1.0,0.0,0.0,5,114.9097104616434,-0.33800030992499996,-0.0,-74.33723634553729,-1.0,0.0,0.0,94.98740106533408,
1637,116.602,0.704427,-0.0300313,0.581905,1052.38,1062.38,0.0,-1.0,0.0,0.0,5,114.79883184861214,-0.33925643405,-0.0,-73.8277647642883,-1.0,0.0,0.0,95.00263422349006,
1638,116.191,1.24137,-0.0223336,0.585754,1052.99,1062.99,0.0,-1.0,0.0,0.0,5,114.86464996833107,-0.34029671507,-0.0,-73.0669000093915,-1.0,0.0,0.0,95.2576282509132,
1639,115.764,1.98062,-0.0122535,0.589242,1053.6,1063.6,0.0,-1.0,0.2423917055130005,0.0,5,115.04606988884723,-0.34106505444,-0.0,-72.08515386139419,-1.0,0.0,0.0,95.68371636905869,
1640,115.255,2.87641,-0.000644088,0.59234,1054.2,1064.2,0.0,-1.0,0.0,0.0,5,115.21785891461614,-0.3413507335,-0.0,-70.8710569574987,-1.0,0.0,0.0,96.15874394174148,
1641,114.84,3.7908,0.011727,0.595013,1054.81,1064.81,0.0,-0.25427234172821045,1.0,0.0,5,114.15875464056883,-0.34165646460000004,-0.7457276582717896,-69.6670523432442,-1.0,0.0,0.0,95.17661679267624,
1642,114.521,4.77326,0.0247439,0.597208,1055.41,1065.41,0.0,-1.0,1.0,0.0,5,113.06923993101078,-0.34196428684,-0.7457276582717896,-68.47945354465165,-1.0,0.0,0.0,94.38369396052633,
1643,114.553,5.86466,0.0382437,0.598963,1056.01,1066.01,0.0,-0.18840926885604858,1.0,0.0,5,112.27930734580862,-0.343065042695,-0.8115907311439514,-67.57579701812804,-1.0,0.0,0.0,93.7988158292384,
1644,114.646,7.03483,0.052262,0.600311,1056.61,1066.61,0.0,-0.5423071384429932,1.0,0.0,5,111.49501730983128,-0.34411637125100003,-0.3538978695869446,-66.66445354722296,-1.0,0.0,0.0,93.37861819089846,
1645,114.724,8.15922,0.0658377,0.601245,1057.21,1067.21,0.0,-0.17157307267189026,1.0,0.0,5,110.70159390998693,-0.34488770692500004,-0.3707340657711029,-65.75473617053244,-1.0,0.0,0.0,92.80680194069748,
1646,114.817,9.16307,0.0779511,0.601762,1057.81,1067.81,0.0,-0.863586962223053,1.0,0.0,5,109.99781600351301,-0.34546564241399996,-0.6920138895511627,-64.94736194236015,-1.0,0.0,0.0,92.20790570864362,
1647,114.95,9.95064,0.0879915,0.60192,1058.42,1068.42,0.0,-1.0,0.0,0.0,5,109.45449867649091,-0.3459572064,-0.13641303777694702,-64.31995358485241,-1.0,0.0,0.0,91.98762916254472,
1648,114.916,10.4538,0.0963107,0.601665,1059.02,1069.02,0.0,-1.0,1.0,0.0,5,108.85817663604385,-0.34570744792499997,-0.0,-63.61603508773129,-1.0,0.0,0.0,91.60846041618603,
1649,114.702,10.6907,0.10264,0.600951,1059.62,1069.62,0.0,-1.0,1.0,0.0,5,108.22216281189633,-0.344652312411,-0.0,-62.784003120305194,-1.0,0.0,0.0,91.18150971940902,
1650,114.698,10.8522,0.107856,0.599806,1060.22,1070.22,0.0,-1.0,0.0,0.0,5,107.85806205751317,-0.3439827429399999,-0.0,-62.14553478665344,-1.0,0.0,0.0,90.9776956179098,
1651,114.621,10.9442,0.112732,0.598248,1060.83,1070.82,0.0,-0.5783747434616089,1.0,0.0,5,107.4463886818637,-0.34285892003999996,-0.4216252565383911,-61.33600023458759,-1.0,0.0,0.0,90.64304212621528,
1652,114.399,10.9017,0.116859,0.596224,1061.43,1071.42,0.0,-0.025589793920516968,1.0,0.0,5,106.94969734385572,-0.34103714688000003,-0.5527849495410919,-60.31812722597757,-1.0,0.0,0.0,90.363292905619,
1653,114.355,10.8649,0.120421,0.593765,1062.03,1072.02,0.0,-0.5341084599494934,1.0,0.0,5,106.65811538875154,-0.339499982875,-0.5085186660289764,-59.365793786416596,-1.0,0.0,0.0,90.3246113594637,
1654,114.428,10.8325,0.123507,0.59092,1062.62,1072.62,0.0,-0.9925729632377625,1.0,0.0,5,106.50798942218387,-0.3380889688,-0.45846450328826904,-58.3565313193956,-1.0,0.0,0.0,90.44322827254848,
1655,114.542,10.8044,0.126603,0.587712,1063.22,1073.22,0.0,0.045146942138671875,1.0,0.0,5,106.39394100349134,-0.33658853952000006,-1.0377199053764343,-57.16191983275033,-1.0,0.0,0.0,90.45555653417082,
1656,114.67,10.7699,0.12954,0.584136,1063.82,1073.82,0.0,-0.16580139100551605,1.0,0.0,5,106.30280706088618,-0.33491437560000004,-0.21094833314418793,-55.73546004251837,-1.0,0.0,0.0,90.97074317471335,
1657,114.808,10.7132,0.131963,0.580208,1064.42,1074.42,0.0,-0.1143435686826706,1.0,0.0,5,106.25656605348783,-0.33306260031999996,-0.05145782232284546,-54.093217615476874,-1.0,0.0,0.0,91.38476170260175,
1658,114.995,10.5963,0.133325,0.575972,1065.03,1075.02,0.0,-0.7469413876533508,1.0,0.0,5,106.33129949169141,-0.3311695007,-0.6325978189706802,-52.365000798339466,-1.0,0.0,0.0,91.71910044571534,
1659,115.255,10.3172,0.133663,0.57143,1065.63,1075.63,0.0,-0.5174009799957275,1.0,0.0,5,106.5472213613071,-0.32930082325,-0.2295404076576233,-50.567208261527426,-1.0,0.0,0.0,92.50725635037796,
1660,115.504,9.95806,0.133312,0.566545,1066.23,1076.23,0.0,0.06383100152015686,1.0,0.0,5,106.80289523854997,-0.3271910684,-0.5812319815158844,-48.49251441730307,-1.0,0.0,0.0,93.17820597136944,
1661,115.75,9.56451,0.131833,0.561385,1066.84,1076.84,0.0,0.9783126711845398,1.0,0.0,5,107.13783889570337,-0.32490156875,-0.9144816696643829,-46.11152787431361,-1.0,0.0,0.0,94.01071085747566,
1662,116.009,9.28382,0.128859,0.55607,1067.44,1077.44,0.0,0.1919085532426834,1.0,0.0,5,107.59345396329535,-0.32254562315,-0.7864041179418564,-43.756642253003264,-1.0,0.0,0.0,95.09582654151197,
1663,116.417,8.83209,0.119651,0.551057,1068.05,1078.05,0.0,1.0,1.0,0.0,5,108.63656085391071,-0.320762013845,-0.8080914467573166,-43.75365573344425,-1.0,0.0,0.0,96.13495747267746,
1664,116.883,7.94416,0.101925,0.546694,1068.66,1078.66,0.0,-0.755233883857727,1.0,0.0,5,110.3300522910587,-0.31949617401,-1.755233883857727,-47.14926641287589,-1.0,0.0,0.0,96.69666934867242,
1665,117.395,5.98333,0.0744702,0.543458,1069.27,1079.27,0.0,0.7282311320304871,1.0,0.0,5,112.70244982781611,-0.31899625955,-1.4834650158882141,-53.40427567217261,-1.0,0.0,0.0,97.58734514545648,
1666,117.92,4.11637,0.0442755,0.54136,1069.89,1079.89,0.0,0.23821669816970825,1.0,0.0,5,115.19480775219625,-0.319185856,-0.4900144338607788,-59.22613660696717,-1.0,0.0,0.0,98.92208341429622,
1667,118.431,2.24628,0.0104311,0.541141,1070.5,1080.5,0.0,-0.5581856966018677,1.0,0.0,5,117.80688534669014,-0.320439348855,-0.7964023947715759,-64.72392783999486,-1.0,0.0,0.0,100.06654331940494,
1668,119.006,0.148827,-0.0197694,0.542633,1071.12,1081.12,0.0,-1.0,1.0,0.0,5,117.80648326379766,-0.3228829139900001,-0.4418143033981323,-68.71382963522055,-1.0,0.0,0.0,99.17259864998309,
1669,119.558,-1.13243,-0.0395651,0.545377,1071.74,1081.74,0.0,0.5335550308227539,1.0,0.0,5,117.09988923953242,-0.32602091683,-1.533555030822754,-70.80343098334271,-1.0,0.0,0.0,97.6129440676199,
1670,120.07,-1.34871,-0.050177,0.549185,1072.37,1082.36,0.0,-1.0,1.0,0.0,5,116.90776741521428,-0.32970321475,-1.533555030822754,-71.50660637887833,-1.0,0.0,0.0,97.24134609649786,
1671,120.496,-1.13507,-0.0559868,0.554045,1072.99,1082.99,0.0,0.19294944405555725,1.0,0.0,5,116.93586982572205,-0.3338010316,-1.1929494440555573,-71.40177223338776,-1.0,0.0,0.0,97.39374090255843,
1672,120.901,-0.553073,-0.0577219,0.559666,1073.62,1083.62,0.0,1.0,1.0,0.0,5,117.21226545704756,-0.33832089533,-0.8070505559444427,-70.5300083480581,-1.0,0.0,0.0,97.9993273079197,
1673,121.432,0.628408,-0.0631219,0.566505,1074.24,1084.24,0.0,0.02118179202079773,1.0,0.0,5,117.3602002830526,-0.3439591758,-0.9788182079792023,-70.25653712959696,-1.0,0.0,0.0,98.15846136245962,
1674,121.977,0.842371,-0.0735035,0.575066,1074.88,1084.88,0.0,-0.026461660861968994,1.0,0.0,5,117.16880917048391,-0.35072412741,-0.047643452882766724,-71.27632544827436,-1.0,0.0,0.0,97.9847106451405,
1675,122.532,0.544217,-0.0734051,0.584007,1075.56,1085.56,0.0,-1.0,1.0,0.0,5,117.70882889014554,-0.35779772862000003,-0.973538339138031,-72.35047351863437,-1.0,0.0,0.0,97.97135128012553,
1676,123.065,0.155016,-0.0705414,0.592547,1076.24,1086.24,0.0,-0.3805078864097595,1.0,0.0,5,118.42194601340061,-0.36460898277500003,-0.6194921135902405,-72.90055043658906,-1.0,0.0,0.0,98.64635178740127,
1677,123.553,0.105564,-0.0627586,0.600321,1076.92,1086.92,0.0,-1.0,1.0,0.0,5,119.43530221025216,-0.370857405606,-0.6194921135902405,-72.44088793250664,-1.0,0.0,0.0,99.76837518744242,
1678,123.994,0.376699,-0.0512748,0.607161,1077.61,1087.61,0.0,-0.6406509876251221,1.0,0.0,5,120.65354805622788,-0.376472885091,-0.35934901237487793,-70.98563839543803,-1.0,0.0,0.0,101.4228608685649,
1679,124.397,0.896799,-0.0369415,0.612935,1078.3,1088.3,0.0,-0.6204697489738464,1.0,0.0,5,122.01494563038665,-0.3814036902,-0.020181238651275635,-68.37383336333085,-1.0,0.0,0.0,103.53402922775855,
1680,124.717,1.56848,-0.0206985,0.617538,1078.99,1088.99,0.0,-0.9213846921920776,1.0,0.0,5,123.39964958218691,-0.38539501517400004,-0.3009149432182312,-64.25319264386339,-1.0,0.0,0.0,105.8606819230816,
1681,124.94,2.28836,-0.00336027,0.620853,1079.68,1089.68,0.0,-0.36353495717048645,1.0,0.0,5,124.72937895414293,-0.38828171670899997,-0.5578497350215912,-58.001293708348385,-1.0,0.0,0.0,108.67341888984035,
1682,125.129,3.05955,0.014779,0.622809,1080.38,1090.38,0.0,-0.15471115708351135,1.0,0.0,5,124.1907278971088,-0.390177587286,-0.2088238000869751,-48.15734807541156,-1.0,0.0,0.0,110.69856615094382,
1683,125.306,3.88485,0.0332699,0.623374,1081.07,1091.07,0.0,-1.0,1.0,0.0,5,123.15258212984196,-0.391108856096,-0.8452888429164886,-30.931054172200973,-1.0,0.0,0.0,113.77512307782078,
1684,125.531,4.63524,0.0515355,0.622549,1081.77,1091.77,0.0,-0.2195388674736023,1.0,0.0,5,122.13111772031522,-0.39125444999600006,-0.7804611325263977,-17.916354156601898,-1.0,0.0,0.0,116.02663639141082,
1685,125.757,5.36235,0.069853,0.620247,1082.47,1092.47,0.0,0.6800899505615234,0.0,0.0,5,121.06163199064758,-0.390411950904,-0.8996288180351257,-25.478420033987305,-1.0,0.0,0.0,113.03172638583624,
1686,125.796,6.22346,0.0858184,0.616593,1083.17,1093.17,0.0,0.41107332706451416,1.0,0.0,5,119.94187064179901,-0.38809999278900004,-0.2690166234970093,-30.869931925945664,-1.0,0.0,0.0,110.7555826804745,
1687,125.804,6.69061,0.0904514,0.612308,1083.87,1093.87,0.0,1.0,1.0,0.0,5,119.60790187293236,-0.385305465024,-0.5889266729354858,-32.372690472625834,-1.0,0.0,0.0,109.95274578787125,
1688,126.214,5.87667,0.0813156,0.607971,1084.57,1094.57,0.0,1.0,1.0,0.0,5,120.67102184089259,-0.38373579581100004,-0.0,-30.152444734639033,-1.0,0.0,0.0,111.74917486142184,
1689,126.709,4.19571,0.0621222,0.604003,1085.27,1095.27,0.0,0.9213997721672058,1.0,0.0,5,122.53139300311007,-0.382679104644,-0.07860022783279419,-24.07076151160817,-1.0,0.0,0.0,115.10744345221418,
1690,127.073,2.1734,0.0374442,0.600838,1085.98,1095.98,0.0,0.7866705060005188,1.0,0.0,5,124.60541039201277,-0.381752138114,-0.134729266166687,-23.84321360091846,-1.0,0.0,0.0,117.22243607381915,
1691,127.308,0.136457,0.0108455,0.5988,1086.68,1096.68,0.0,-1.0,1.0,0.0,5,126.61016685672715,-0.381160152,-1.7866705060005188,-50.614949467373535,-1.0,0.0,0.0,112.0392681860836,
1692,127.502,-1.82481,-0.0160214,0.598075,1087.39,1097.39,0.0,-0.9473499059677124,1.0,0.0,5,126.46429983173095,-0.38127879325,-0.0526500940322876,-63.85684621748487,-1.0,0.0,0.0,109.10301445590005,
1693,127.707,-3.78517,-0.0415606,0.598668,1088.1,1098.1,0.0,0.01306682825088501,1.0,0.0,5,124.94369691596177,-0.38227047138,-0.9604167342185974,-71.85141478240514,-1.0,0.0,0.0,105.3104477287149,
1694,128.046,-5.48225,-0.0604171,0.600213,1088.81,1098.81,0.0,-0.3351559042930603,1.0,0.0,5,123.94664146894436,-0.384274414359,-0.3482227325439453,-76.47209962393768,-1.0,0.0,0.0,103.33987532883776,
1695,128.443,-6.40497,-0.069822,0.602423,1089.53,1099.52,0.0,-0.8288512229919434,1.0,0.0,5,123.64960912107001,-0.3868909578740001,-0.49369531869888306,-78.76357971352726,-1.0,0.0,0.0,102.42371463920452,
1696,128.878,-6.10393,-0.065824,0.604782,1090.24,1100.24,0.0,0.05688363313674927,1.0,0.0,5,124.36032918661944,-0.38973834050399997,-0.8857348561286926,-78.62621794204706,-1.0,0.0,0.0,103.04831590376507,
1697,129.308,-4.61158,-0.0507717,0.606954,1090.96,1100.96,0.0,-1.0,1.0,0.0,5,125.86018956557704,-0.392468397276,-1.0568836331367493,-76.17563698083812,-1.0,0.0,0.0,105.10674683315048,
1698,129.761,-2.79016,-0.0301746,0.608638,1091.68,1101.68,0.0,-0.5753013491630554,1.0,0.0,5,127.74448430694602,-0.394961992634,-0.4246986508369446,-71.55939177479715,-1.0,0.0,0.0,108.33226477536166,
1699,130.215,-0.876051,-0.00616837,0.609383,1092.4,1102.4,0.0,-1.0,1.0,0.0,5,129.810918143358,-0.396842077414,-0.4246986508369446,-63.5362357643005,-1.0,0.0,0.0,112.4026075296178,
1700,130.553,1.02683,0.0193012,0.608917,1093.13,1103.12,0.0,0.07233330607414246,1.0,0.0,5,129.2688463318241,-0.39755921839400005,-1.0723333060741425,-48.74670195394489,-1.0,0.0,0.0,115.36291163312163,
1701,130.77,2.84105,0.0450102,0.607052,1093.85,1103.85,0.0,-0.8221871852874756,1.0,0.0,5,127.69555938925271,-0.39697068090400006,-0.894520491361618,-20.683488564674747,-1.0,0.0,0.0,120.85936041977153,
1702,130.932,4.53421,0.0703121,0.603711,1094.58,1104.58,0.0,-1.0,1.0,0.0,5,126.00922294684345,-0.39523921478099994,-0.17781281471252441,-31.32889161476936,-1.0,0.0,0.0,116.72841698395635,
1703,131.039,6.11199,0.0951676,0.598821,1095.31,1105.31,0.0,0.6335407495498657,1.0,0.0,5,124.22012027116223,-0.392344525095,-1.6335407495498657,-39.32704221913042,-1.0,0.0,0.0,112.50595296641967,
1704,131.112,7.6035,0.119572,0.592342,1096.03,1106.03,0.0,0.48245760798454285,1.0,0.0,5,122.35583515383188,-0.38831572152000005,-0.15108314156532288,-45.624653567911,-1.0,0.0,0.0,109.51603109786453,
1705,131.171,9.01622,0.143332,0.584264,1096.76,1106.76,0.0,0.6943507194519043,1.0,0.0,5,120.45756605071145,-0.38319246572,-0.21189311146736145,-50.72963750532317,-1.0,0.0,0.0,106.32839627522044,
1706,131.249,10.4108,0.16564,0.57463,1097.49,1107.49,0.0,0.9283857345581055,1.0,0.0,5,118.63219497639768,-0.37709806435,-0.23403501510620117,-54.88241044671432,-1.0,0.0,0.0,103.46428379583725,
1707,131.482,11.8598,0.180618,0.563915,1098.22,1108.22,0.0,1.0,1.0,0.0,5,117.53361203181191,-0.37072336015000007,-0.07161426544189453,-57.64162080270714,-1.0,0.0,0.0,101.73099919135257,
1708,131.882,11.8843,0.18084,0.552798,1098.95,1108.95,0.0,1.0,1.0,0.0,5,117.87151459972118,-0.36452052918000005,-0.0,-58.336487560422825,-1.0,0.0,0.0,101.92287218043548,
1709,132.421,10.121,0.166222,0.541515,1099.69,1109.69,0.0,0.7428159117698669,1.0,0.0,5,119.640797280261,-0.35853978907499995,-0.25718408823013306,-56.95302003498436,-1.0,0.0,0.0,103.96684725597086,
1710,132.962,7.11502,0.139929,0.530329,1100.42,1110.42,0.0,1.0,1.0,0.0,5,122.39012447345593,-0.35256802249,-0.25718408823013306,-53.27242226238113,-1.0,0.0,0.0,107.64229565890159,
1711,133.355,3.85187,0.107731,0.519751,1101.16,1111.16,0.0,1.0,0.0,0.0,5,125.41254411898059,-0.346556973025,-0.0,-47.13017758788945,-1.0,0.0,0.0,112.28344274898322,
1712,133.36,0.793118,0.0737872,0.510316,1101.9,1111.9,0.0,1.0,1.0,0.0,5,128.08145497308809,-0.34027870880000005,-0.0,-37.869627710433576,-1.0,0.0,0.0,117.27376933667969,
1713,133.375,-2.13241,0.0396689,0.502347,1102.64,1112.64,0.0,-0.5317890048027039,1.0,0.0,5,130.62534686007385,-0.335002655625,-1.5317890048027039,-24.380578124382893,-1.0,0.0,0.0,122.7356629719123,
1714,133.481,-5.00507,0.0056327,0.495904,1103.38,1113.38,0.0,-0.028301358222961426,1.0,0.0,5,133.10295528263012,-0.33096880912000004,-0.5034876465797424,-51.07454394223714,-1.0,0.0,0.0,118.85230419397689,
1715,133.559,-7.82444,-0.0280337,0.491009,1104.12,1114.12,0.0,-0.5622018575668335,1.0,0.0,5,131.63469093522065,-0.327893355155,-0.5339004993438721,-66.46472602673161,-1.0,0.0,0.0,113.53044592357959,
1716,133.607,-10.6129,-0.0594535,0.487624,1104.86,1114.86,0.0,-0.03244054317474365,1.0,0.0,5,129.40157547592992,-0.32574989884,-0.5297613143920898,-75.0049659056104,-1.0,0.0,0.0,109.16565570636969,
1717,133.768,-12.7448,-0.0842166,0.485434,1105.61,1115.61,0.0,-1.0,1.0,0.0,5,127.66782270967353,-0.32467767655999996,-0.9675594568252563,-79.93679715258074,-1.0,0.0,0.0,106.06867790792077,
1718,133.988,-14.2728,-0.101047,0.484372,1106.36,1116.36,0.0,-0.986633837223053,1.0,0.0,5,126.54651132011507,-0.32450017768,-0.013366162776947021,-82.80072033014451,-1.0,0.0,0.0,104.51782121106586,
1719,134.348,-14.4445,-0.103164,0.483799,1107.11,1117.11,0.0,-0.9070377349853516,1.0,0.0,5,126.71606092129633,-0.32498714026000003,-0.07959610223770142,-83.44352475469373,-1.0,0.0,0.0,104.50631376169159,
1720,134.899,-12.6841,-0.0897295,0.483478,1107.86,1117.86,0.0,-0.6008458137512207,1.0,0.0,5,128.31221076405254,-0.3261034936100001,-0.30619192123413086,-81.89797359484442,-1.0,0.0,0.0,106.41975629536118,
1721,135.545,-9.34884,-0.063321,0.483214,1108.61,1118.61,0.0,-1.0,1.0,0.0,5,130.98479835154788,-0.32748620814999996,-0.3991541862487793,-77.54749660545721,-1.0,0.0,0.0,110.15069173615893,
1722,136.076,-5.54695,-0.0294375,0.482596,1109.37,1119.37,0.0,-0.6075007319450378,1.0,0.0,5,134.01446544466256,-0.32834866648,-0.39249926805496216,-68.90815054804865,-1.0,0.0,0.0,115.34132936075392,
1723,136.432,-1.855,0.00722617,0.48099,1110.13,1120.13,0.0,-1.0,1.0,0.0,5,135.93550182156883,-0.3281121384,-0.39249926805496216,-51.75909524292908,-1.0,0.0,0.0,121.54986609202007,
1724,136.71,1.6277,0.0440312,0.47805,1110.89,1120.88,0.0,-0.33208537101745605,1.0,0.0,5,133.5687181416468,-0.3267710775,-0.667914628982544,-30.68336183769665,-1.0,0.0,0.0,124.37073221602785,
1725,136.884,4.95173,0.0805745,0.473598,1111.65,1121.64,0.0,0.063789963722229,0.0,0.0,5,130.93118301644364,-0.32413994316,-0.39587533473968506,-44.699159597686545,-1.0,0.0,0.0,118.31349057344009,
1726,136.753,7.98302,0.115684,0.467507,1112.41,1122.4,0.0,0.35728660225868225,0.0,0.0,5,127.94651616152889,-0.319664923855,-0.29349663853645325,-53.8395125567619,-1.0,0.0,0.0,113.07892410692247,
1727,136.337,10.8062,0.14676,0.459849,1113.16,1123.16,0.0,1.0,1.0,0.0,5,124.90285196202481,-0.313472165565,-0.6427133977413177,-59.72284987092789,-1.0,0.0,0.0,108.46585330940545,
1728,136.018,13.0294,0.165532,0.451317,1113.92,1123.92,0.0,1.0,1.0,0.0,5,122.95242272450808,-0.30693617853,-0.0,-62.686020618559596,-1.0,0.0,0.0,105.97398139133819,
1729,136.254,13.2934,0.167047,0.442476,1114.68,1124.68,0.0,1.0,1.0,0.0,5,123.029796155576,-0.30144562451999996,-0.0,-63.37555874334302,-1.0,0.0,0.0,105.88446084522025,
1730,136.832,11.5897,0.152776,0.433536,1115.44,1125.44,0.0,1.0,1.0,0.0,5,124.82652965811461,-0.29660798975999997,-0.0,-61.927965395714494,-1.0,0.0,0.0,108.04793031942597,
1731,137.514,8.36605,0.125719,0.424706,1116.2,1126.2,0.0,1.0,1.0,0.0,5,127.80739884622753,-0.29201510442,-0.0,-57.91717594275511,-1.0,0.0,0.0,112.03608975611874,
1732,137.979,4.60436,0.0912803,0.416422,1116.97,1126.97,0.0,1.0,1.0,0.0,5,131.11593123676622,-0.28728745569,-0.0,-50.630786509396785,-1.0,0.0,0.0,117.17094715372701,
1733,138.252,0.972539,0.0548837,0.409235,1117.73,1127.73,0.0,1.0,1.0,0.0,5,134.25184324593369,-0.28288778610000004,-0.0,-39.30925291867018,-1.0,0.0,0.0,123.14164223016616,
1734,138.396,-2.41088,0.0188338,0.403449,1118.5,1128.5,0.0,0.15980294346809387,1.0,0.0,5,137.06827111631551,-0.27917863901999995,-0.8401970565319061,-37.82397207970794,-1.0,0.0,0.0,126.08104034040898,
1735,138.447,-5.54155,-0.0161164,0.399224,1119.27,1129.27,0.0,-0.4396347403526306,1.0,0.0,5,137.31343507101698,-0.27635682564,-0.5994376838207245,-60.67755612902971,-1.0,0.0,0.0,120.68785790797334,
1736,138.436,-8.43474,-0.049565,0.396615,1120.04,1130.04,0.0,0.7949507236480713,1.0,0.0,5,134.83660208345088,-0.2745289707,-1.234585464000702,-72.27408950763288,-1.0,0.0,0.0,115.12317509664246,
1737,138.406,-11.0253,-0.0812736,0.395678,1120.81,1130.81,0.0,-1.0,1.0,0.0,5,132.3309510901299,-0.27382104634,-1.7949507236480713,-79.50738881094055,-1.0,0.0,0.0,110.64179762396033,
1738,138.34,-13.3795,-0.11157,0.396481,1121.58,1131.58,0.0,-1.0,1.0,0.0,5,129.7785777510811,-0.27424590769999996,-0.0,-84.57544662140306,-1.0,0.0,0.0,107.36047018803033,
1739,138.26,-15.5713,-0.139966,0.399001,1122.35,1132.35,0.0,-0.10474550724029541,1.0,0.0,5,127.26363144078277,-0.27582939129999995,-0.8952544927597046,-88.32471387886116,-1.0,0.0,0.0,103.63804723193957,
1740,138.273,-17.4583,-0.163839,0.40301,1123.13,1133.13,0.0,-0.6373664736747742,1.0,0.0,5,125.14465522449538,-0.27862700865,-0.5326209664344788,-91.07377966745636,-1.0,0.0,0.0,100.93779700905094,
1741,138.388,-18.899,-0.180403,0.408294,1123.9,1133.9,0.0,-1.0,1.0,0.0,5,123.72695939981409,-0.28251495036,-0.36263352632522583,-92.94965495971492,-1.0,0.0,0.0,99.0982406516278,
1742,138.69,-18.9974,-0.182208,0.414166,1124.68,1134.68,0.0,-1.0,0.0,0.0,5,123.82871001090226,-0.2872034127,-0.0,-93.63643188381191,-1.0,0.0,0.0,99.13239862724929,
1743,139.076,-16.8775,-0.167459,0.420369,1125.46,1135.45,0.0,-1.0,0.0,0.0,5,125.54011672091026,-0.29231619522,-0.0,-92.91762914486691,-1.0,0.0,0.0,101.01839323947354,
1744,139.215,-12.649,-0.136586,0.426799,1126.23,1136.23,0.0,-1.0,1.0,0.0,5,128.4405622028206,-0.297084113925,-0.0,-90.05628561485767,-1.0,0.0,0.0,104.62940668518118,
1745,139.311,-7.60008,-0.0947016,0.432925,1127.01,1137.01,0.0,-1.0,1.0,0.0,5,132.10013709943468,-0.301556073375,-0.0,-84.61508424754184,-1.0,0.0,0.0,109.64480996417421,
1746,139.697,-2.63803,-0.0491546,0.438029,1127.78,1137.78,0.0,-0.8725686073303223,0.0,0.0,5,136.09627515990962,-0.30595668606500004,-0.12743139266967773,-75.7365497201591,-1.0,0.0,0.0,115.81795162600395,
1747,139.738,2.10724,-0.00287527,0.441688,1128.56,1138.56,0.0,-0.4692515730857849,1.0,0.0,5,139.53653041813996,-0.30860298872,-0.40331703424453735,-58.23873865365405,-1.0,0.0,0.0,123.54724765573309,
1748,139.293,6.49043,0.0419032,0.443641,1129.33,1139.33,0.0,-1.0,1.0,0.0,5,136.25316989259022,-0.308980429065,-0.5307484269142151,-31.685312542272328,-1.0,0.0,0.0,126.86363679988287,
1749,139.027,10.57,0.0847901,0.443837,1130.11,1140.11,0.0,-0.17039915919303894,1.0,0.0,5,132.64054495208936,-0.30852663299499994,-0.8296008408069611,-49.02084021079446,-1.0,0.0,0.0,118.82792801415364,
1750,138.751,14.4664,0.126496,0.442251,1130.88,1140.88,0.0,-0.13602861762046814,1.0,0.0,5,128.89004733653522,-0.306813842505,-0.0343705415725708,-58.82217165878134,-1.0,0.0,0.0,112.86737941686312,
1751,138.389,18.1532,0.166633,0.438878,1131.66,1141.66,0.0,1.0,1.0,0.0,5,124.99534584249136,-0.30367943771,-1.1360286176204681,-65.53891832537181,-1.0,0.0,0.0,106.96612823815227,
1752,137.996,21.6458,0.204028,0.433781,1132.43,1142.43,0.0,0.8080099821090698,1.0,0.0,5,121.15368216977588,-0.29930021438000004,-0.19199001789093018,-70.31451065468491,-1.0,0.0,0.0,102.21815728635737,
1753,137.681,24.8893,0.233153,0.427398,1133.21,1143.21,0.0,1.0,0.0,0.0,5,118.05038320706805,-0.29422292019,-0.19199001789093018,-73.38787128471661,-1.0,0.0,0.0,98.35159546033162,
1754,137.494,26.454,0.246602,0.42037,1133.99,1143.98,0.0,1.0,1.0,0.0,5,116.55262140158362,-0.28899176390000003,-0.0,-74.69328662825558,-1.0,0.0,0.0,96.59030798061973,
1755,137.573,25.6654,0.242291,0.412888,1134.76,1144.76,0.0,1.0,1.0,0.0,5,117.05084784140138,-0.28401120412,-0.0,-74.52113563422569,-1.0,0.0,0.0,97.13655272872495,
1756,138.166,22.6799,0.221361,0.405064,1135.54,1145.54,0.0,1.0,1.0,0.0,5,119.62698650808366,-0.27983036312,-0.0,-73.13729249323804,-1.0,0.0,0.0,100.06283302165416,
1757,139.103,17.7818,0.185633,0.396991,1136.32,1146.31,0.0,1.0,1.0,0.0,5,123.8761273729454,-0.276113195365,-0.0,-69.9882085295774,-1.0,0.0,0.0,105.10296204518605,
1758,140.065,11.6093,0.13811,0.388932,1137.09,1147.09,0.0,1.0,1.0,0.0,5,129.08982662334134,-0.2723788029,-0.0,-63.819753590797546,-1.0,0.0,0.0,111.86250942274197,
1759,140.693,5.37034,0.0852656,0.381586,1137.87,1147.87,0.0,1.0,1.0,0.0,5,134.19100386109457,-0.26843239549000003,-0.0,-52.782454557487824,-1.0,0.0,0.0,119.7269578262326,
1760,141.024,-0.5243,0.032146,0.37554,1138.66,1148.65,0.0,0.32090774178504944,0.6145198345184326,0.0,5,138.68485323163685,-0.2648007648,-0.6790922582149506,-34.59928858390077,-1.0,0.0,0.0,128.5665026433972,
1761,141.01,-6.05731,-0.0196499,0.371059,1139.44,1149.44,0.0,-0.4964885115623474,1.0,0.0,5,139.59745054076072,-0.26161514795,-0.8173962533473969,-63.0216316365062,-1.0,0.0,0.0,122.33520860767993,
1762,140.721,-11.1381,-0.0687621,0.368325,1140.22,1150.22,0.0,0.12232667207717896,1.0,0.0,5,135.55412668353978,-0.259155311625,-0.6188151836395264,-77.8635612993975,-1.0,0.0,0.0,114.64343649197355,
1763,140.393,-15.8382,-0.114276,0.367281,1141.01,1151.01,0.0,-0.3209705352783203,1.0,0.0,5,131.4729735431746,-0.25781840716500004,-0.44329720735549927,-85.74475757629529,-1.0,0.0,0.0,108.64597657972912,
1764,140.047,-20.1532,-0.154241,0.367772,1141.79,1151.79,0.0,-0.28547385334968567,1.0,0.0,5,127.6266998310436,-0.25752682642,-0.035496681928634644,-90.4634704765786,-1.0,0.0,0.0,103.74265638090034,
1765,139.811,-23.3095,-0.182756,0.369288,1142.58,1152.58,0.0,-1.0,0.0,0.0,5,124.77801374530871,-0.25815262284,-0.7145261466503143,-93.11326557958085,-1.0,0.0,0.0,100.02718688357841,
1766,139.637,-24.996,-0.199459,0.371785,1143.37,1153.37,0.0,-1.0,0.0,0.0,5,123.03477114493684,-0.259574710225,-0.0,-94.46739960327301,-1.0,0.0,0.0,98.15834653389359,
1767,139.493,-24.7005,-0.199165,0.374853,1144.16,1154.15,0.0,-1.0,0.0,0.0,5,122.93611160151042,-0.261446847645,-0.0,-94.40987677190054,-1.0,0.0,0.0,98.07219556089028,
1768,139.534,-22.0317,-0.181032,0.37827,1144.94,1154.94,0.0,-1.0,1.0,0.0,5,124.69260675311338,-0.2639076309,-0.0,-93.01437833343869,-1.0,0.0,0.0,100.17510453885372,
1769,139.967,-17.2529,-0.146565,0.381892,1145.72,1155.72,0.0,-1.0,1.0,0.0,5,128.24590435706872,-0.26726138782000003,-0.0,-90.09230902351376,-1.0,0.0,0.0,104.45556571337028,
1770,140.829,-11.2267,-0.0998397,0.385421,1146.51,1156.51,0.0,-0.8935266733169556,1.0,0.0,5,133.10920454779637,-0.271392270045,-0.10647332668304443,-84.74905706136998,-1.0,0.0,0.0,110.61860601440395,
1771,141.549,-5.01233,-0.0473261,0.388207,1147.29,1157.29,0.0,-0.39954885840415955,1.0,0.0,5,138.04228084315818,-0.27475156321500005,-0.493977814912796,-74.29716285037263,-1.0,0.0,0.0,118.04504522287618,
1772,141.934,0.953283,0.00572664,0.3897,1148.08,1158.08,0.0,-1.0,0.8806533813476562,0.0,5,141.5252724461759,-0.276558399,-0.6004511415958405,-52.3099853610652,-1.0,0.0,0.0,126.99108236443084,
1773,141.954,6.45451,0.056842,0.38962,1148.87,1158.87,0.0,-0.005984991788864136,1.0,0.0,5,137.6924317212643,-0.27654058740000004,-0.9940150082111359,-31.458237185311035,-1.0,0.0,0.0,128.2531273350732,
1774,141.716,11.5254,0.10572,0.387811,1149.66,1159.66,0.0,-0.3683173656463623,1.0,0.8344653844833374,5,133.44761621648502,-0.27479511838000004,-0.36233237385749817,-58.853328066251706,-1.0,0.0,0.0,117.35078936938481,
1775,140.831,16.222,0.151265,0.384287,1150.45,1160.45,0.0,-0.23041293025016785,1.0,0.0,5,128.61205792493826,-0.27059761248499997,-0.13790443539619446,-66.97794589930622,-1.0,0.0,0.0,110.55560250700783,
1776,139.536,20.1395,0.190717,0.379263,1151.23,1161.23,0.0,1.0,1.0,0.0,5,123.78058547098388,-0.26460420984,-1.2304129302501678,-71.51960197717024,-1.0,0.0,0.0,104.26695688777627,
1777,138.528,23.3886,0.226356,0.372707,1152.01,1162.01,0.0,0.8708170652389526,1.0,0.0,5,119.44946531657529,-0.25815177648,-0.12918293476104736,-74.78100007059155,-1.0,0.0,0.0,99.45730864201909,
1778,137.845,26.5625,0.257063,0.364795,1152.79,1162.79,0.0,1.0,1.0,0.0,5,115.7925947655122,-0.251425833875,-0.12918293476104736,-77.24404951240452,-1.0,0.0,0.0,95.19140167310776,
1779,137.585,28.7246,0.274426,0.356193,1153.57,1163.57,0.0,1.0,1.0,0.0,5,113.79430768890585,-0.24503406952499998,-0.0,-78.66084536032783,-1.0,0.0,0.0,92.88406227929889,
1780,137.766,28.7078,0.274848,0.347218,1154.35,1164.35,0.0,1.0,1.0,0.0,5,113.90026391232058,-0.23917417494,-0.0,-79.07176859690553,-1.0,0.0,0.0,92.89314758815419,
1781,138.426,26.4189,0.258999,0.337889,1155.13,1165.13,0.0,1.0,1.0,0.0,5,116.08270060729635,-0.23386311356999998,-0.0,-78.5959206084431,-1.0,0.0,0.0,95.19985734161557,
1782,139.458,22.0972,0.22826,0.328243,1155.91,1165.91,0.0,1.0,1.0,0.0,5,120.06219556869327,-0.22888056147,-0.0,-76.94663783279074,-1.0,0.0,0.0,99.59665554902557,
1783,140.659,16.0811,0.184328,0.31839,1156.7,1166.69,0.0,1.0,1.0,0.0,5,125.38577616327169,-0.22392209505,-0.0,-73.34830545596783,-1.0,0.0,0.0,105.82477770422973,
1784,141.628,9.31309,0.131352,0.308723,1157.48,1167.48,0.0,1.0,1.0,0.0,5,131.13314064334105,-0.21861910522000003,-0.0,-66.40139832213605,-1.0,0.0,0.0,113.31417195758704,
1785,142.147,2.88176,0.0763355,0.300017,1158.27,1168.27,0.0,1.0,1.0,0.0,5,136.31288447206708,-0.213232582495,-0.0,-50.18659112748573,-1.0,0.0,0.0,122.55300410770064,
1786,142.302,-3.07164,0.0226303,0.292776,1159.06,1169.06,0.0,-0.7741650342941284,1.0,0.0,5,140.65553191667578,-0.20831305175999998,-1.7741650342941284,-46.635880605514245,-1.0,0.0,0.0,127.25599920324899,
1787,142.182,-8.60273,-0.0290512,0.287209,1159.85,1169.85,0.0,-0.9794002771377563,1.0,0.0,5,140.05701702533807,-0.20417975018999998,-0.20523524284362793,-63.72530621291767,-1.0,0.0,0.0,122.85994014906555,
1788,141.866,-13.7589,-0.0784036,0.283385,1160.64,1170.64,0.0,-1.0,1.0,0.0,5,135.87448279803317,-0.20101348205000003,-0.020599722862243652,-77.11501854025687,-1.0,0.0,0.0,115.38853476406027,
1789,141.436,-18.6042,-0.124626,0.281281,1161.43,1171.43,0.0,0.18035626411437988,1.0,0.0,5,131.548549367102,-0.19891629758,-1.1803562641143799,-84.74504834102713,-1.0,0.0,0.0,108.80926410503089,
1790,140.96,-22.7124,-0.166576,0.280823,1162.22,1172.22,0.0,-1.0,0.0,0.0,5,127.32281181941619,-0.19792405040000002,-1.1803562641143799,-89.45049796396785,-1.0,0.0,0.0,103.40815639878991,
1791,140.305,-26.3565,-0.205691,0.282187,1163.02,1173.02,0.0,-1.0,1.0,0.0,5,123.01918052676163,-0.19796123517500003,-0.0,-92.55736340927439,-1.0,0.0,0.0,98.68187843926803,
1792,139.606,-29.7744,-0.238308,0.285086,1163.81,1173.81,0.0,-1.0,1.0,0.0,5,119.18295247891292,-0.19899858058000003,-0.0,-94.47546931399987,-1.0,0.0,0.0,94.36508656983295,
1793,139.199,-31.98,-0.256596,0.288774,1164.6,1174.6,0.0,-1.0,1.0,0.0,5,116.9779315957359,-0.20098526012999998,-0.0,-95.42169080905042,-1.0,0.0,0.0,91.9215236333433,
1794,139.287,-31.9745,-0.257628,0.292918,1165.4,1175.4,0.0,-1.0,1.0,0.0,5,116.94582165659546,-0.20399834733000002,-0.0,-95.70386564736309,-1.0,0.0,0.0,91.81585689742468,
1795,139.919,-29.6776,-0.242299,0.297454,1166.19,1176.19,0.0,-1.0,0.0,0.0,5,119.04607651392342,-0.20809733113,-0.0,-95.45839271669809,-1.0,0.0,0.0,93.9733810036189,
1796,140.862,-25.2008,-0.21168,0.302363,1166.99,1176.98,0.0,-1.0,0.0,0.0,5,122.92012162351892,-0.21295728452999999,-0.0,-94.28051011399484,-1.0,0.0,0.0,98.1370368104902,
1797,141.666,-18.6064,-0.165785,0.307628,1167.78,1177.78,0.0,-1.0,1.0,0.0,5,128.03430304891143,-0.21790214124,-0.0,-91.0423533514228,-1.0,0.0,0.0,104.05581256981571,
1798,142.14,-11.0955,-0.108549,0.312772,1168.57,1178.57,0.0,-1.0,1.0,0.0,5,133.6039759141086,-0.22228706039999999,-0.0,-84.28942005476522,-1.0,0.0,0.0,111.30933384001729,
1799,142.676,-3.93696,-0.0483888,0.316941,1169.36,1179.36,0.0,-1.0,1.0,0.0,5,139.05838311918313,-0.22609937057999996,-0.0,-72.5968219226281,-1.0,0.0,0.0,119.68307826794612,
1800,142.923,2.96017,0.0118888,0.319637,1170.16,1180.16,0.0,0.32137352228164673,1.0,0.0,5,142.063328028476,-0.228417394755,-1.3213735222816467,-57.09682217528268,-1.0,0.0,0.0,126.16429303321584,
1801,142.799,9.59215,0.0711643,0.320657,1170.95,1180.95,0.0,0.564180850982666,1.0,0.0,5,137.36075220069748,-0.22894749471500003,-0.2428073287010193,-40.41557946718132,-1.0,0.0,0.0,125.95506764057684,
1802,142.348,15.8665,0.12835,0.319911,1171.75,1181.75,0.0,0.2248336374759674,1.0,0.0,5,132.0669862054248,-0.22769345514,-0.3393472135066986,-63.461803488823236,-1.0,0.0,0.0,114.87203771402697,
1803,141.687,21.7684,0.182198,0.317392,1172.54,1182.54,0.0,0.6464949250221252,1.0,0.0,5,126.50552071475882,-0.22485160152000003,-0.42166128754615784,-73.74336453647776,-1.0,0.0,0.0,106.71832959285553,
1804,140.945,27.2699,0.228316,0.313433,1173.34,1183.34,0.0,1.0,1.0,0.0,5,121.33675344117123,-0.22088407092499998,-0.35350507497787476,-78.75257602408473,-1.0,0.0,0.0,100.3216738417317,
1805,140.319,31.279,0.259581,0.30865,1174.14,1184.14,0.0,1.0,1.0,0.0,5,117.60974554928482,-0.21654729674999998,-0.0,-81.1962531084693,-1.0,0.0,0.0,96.0941349754175,
1806,140.073,33.0227,0.27338,0.303349,1174.94,1184.93,0.0,1.0,1.0,0.0,5,115.96225052490624,-0.212455022385,-0.0,-82.22378911514869,-1.0,0.0,0.0,94.19384822373407,
1807,140.352,32.3767,0.270019,0.297625,1175.73,1185.73,0.0,1.0,1.0,0.0,5,116.54703119696958,-0.20886132,-0.0,-82.35040002206836,-1.0,0.0,0.0,94.7505698714525,
1808,141.147,29.5284,0.251002,0.291482,1176.53,1186.53,0.0,1.0,1.0,0.0,5,119.19535193060754,-0.20570904927000003,-0.0,-81.59108341734634,-1.0,0.0,0.0,97.59187202700096,
1809,142.343,24.6566,0.217337,0.284972,1177.34,1187.33,0.0,1.0,1.0,0.0,5,123.64768676153211,-0.20281884698,-0.0,-79.35271503477698,-1.0,0.0,0.0,102.60668915585788,
1810,143.711,18.007,0.170159,0.278214,1178.14,1188.14,0.0,1.0,1.0,0.0,5,129.46756236221927,-0.19991206077000004,-0.0,-73.78229344825547,-1.0,0.0,0.0,109.8220769393854,
1811,144.823,10.4671,0.113164,0.271594,1178.94,1188.94,0.0,0.1507115364074707,1.0,0.0,5,135.71978439675817,-0.19666528931000002,-0.8492884635925293,-35.868484719539964,-1.0,0.0,0.0,125.3012113884854,
1812,145.431,3.22935,0.0538673,0.265934,1179.75,1189.75,0.0,1.0,1.0,0.0,5,141.3049598501893,-0.19337523777000004,-0.8492884635925293,-52.651131493949634,-1.0,0.0,0.0,126.69401519985414,
1813,145.656,-3.44402,-0.00371242,0.261737,1180.56,1190.56,0.0,0.8296693563461304,1.0,0.0,5,145.38462877840072,-0.19061782236,-0.17033064365386963,-67.30491321749264,-1.0,0.0,0.0,127.31668345857142,
1814,145.535,-9.68929,-0.0594553,0.259233,1181.37,1191.37,0.0,0.027181625366210938,1.0,0.0,5,140.95398248655556,-0.188637373275,-0.8024877309799194,-78.66462987989374,-1.0,0.0,0.0,119.85844132401317,
1815,145.103,-15.5291,-0.113066,0.25855,1182.18,1192.18,0.0,0.4488607943058014,1.0,0.0,5,135.99085397618074,-0.18758190325000001,-0.42167916893959045,-86.69306933748338,-1.0,0.0,0.0,113.00350098787803,
1816,144.447,-20.9744,-0.164342,0.25975,1182.99,1192.99,0.0,-0.15206527709960938,1.0,0.0,5,130.68475483493182,-0.18760054125,-0.6009260714054108,-92.1790442335842,-1.0,0.0,0.0,106.27211541386417,
1817,143.623,-26.0482,-0.213288,0.262838,1183.8,1193.8,0.0,-1.0,0.0,0.0,5,125.16786770762111,-0.18874791037,-0.8479347229003906,-95.9182077878962,-1.0,0.0,0.0,99.74518743340695,
1818,142.61,-30.7443,-0.259104,0.267772,1184.61,1194.61,0.0,-1.0,1.0,0.0,5,119.58028939653212,-0.19093482460000002,-0.0,-98.35830172750431,-1.0,0.0,0.0,93.79977914005605,
1819,141.568,-35.0462,-0.297175,0.274213,1185.42,1195.42,0.0,-1.0,0.0,0.0,5,114.63573812089516,-0.19409892992,-0.0,-99.76267976441278,-1.0,0.0,0.0,88.50096924987196,
1820,140.758,-37.8721,-0.320179,0.281485,1186.23,1196.23,0.0,-1.0,0.0,0.0,5,111.45371318719219,-0.19810632815,-0.0,-100.34881292577145,-1.0,0.0,0.0,85.16840362759933,
1821,140.333,-38.2833,-0.325297,0.289269,1187.04,1197.04,0.0,-0.6522495746612549,1.0,0.0,5,110.54882763078359,-0.20296993288499998,-0.3477504253387451,-100.39246419988837,-1.0,0.0,0.0,84.14341652032488,
1822,140.703,-35.9634,-0.315761,0.297704,1187.84,1197.84,0.0,-1.0,0.15688550472259521,0.0,5,111.89974016234842,-0.20943922956000002,-0.3477504253387451,-100.55246326635222,-1.0,0.0,0.0,85.44785998859874,
1823,141.393,-32.5883,-0.29808,0.307308,1188.65,1198.65,0.0,-1.0,1.0,0.0,5,114.39533831541185,-0.21725600022000005,-0.0,-100.65958374258304,-1.0,0.0,0.0,88.01318637954608,
1824,142.303,-27.716,-0.265496,0.31747,1189.45,1199.45,0.0,-1.0,0.0,0.0,5,118.64776088742445,-0.22588466705,-0.0,-100.14592230241759,-1.0,0.0,0.0,92.38539564477006,
1825,143.443,-20.842,-0.218101,0.327976,1190.25,1200.25,0.0,-1.0,1.0,0.0,5,124.52603936152353,-0.23522930684,-0.0,-98.7032726874649,-1.0,0.0,0.0,98.6149918828173,
1826,144.179,-12.815,-0.158999,0.338467,1191.05,1201.05,0.0,-1.0,0.0,0.0,5,130.94644026132863,-0.24399916796500004,-0.0,-95.27859509370091,-1.0,0.0,0.0,105.8827923199384,
1827,144.642,-5.20934,-0.0963275,0.348066,1191.86,1201.86,0.0,-1.0,1.0,0.0,5,137.01572065732262,-0.25172481186,-0.0,-89.80698928604097,-1.0,0.0,0.0,113.31224852395239,
1828,144.329,1.90504,-0.0344877,0.356047,1192.66,1202.66,0.0,-1.0,1.0,0.0,5,141.7548816513586,-0.256939537315,-0.0,-81.46560524597801,-1.0,0.0,0.0,120.13154080254911,
1829,144.032,8.60952,0.0253748,0.362239,1193.46,1203.46,0.0,0.040475547313690186,1.0,0.0,5,142.15843729221626,-0.26087003824,-1.0404755473136902,-70.74146582265894,-1.0,0.0,0.0,122.90005813411742,
1830,143.556,15.0431,0.0836924,0.366601,1194.26,1204.26,0.0,0.7833552360534668,1.0,0.0,5,137.05326765852047,-0.26313886578000006,-0.7428796887397766,-57.574764837901995,-1.0,0.0,0.0,121.17357367664303,
1831,142.835,21.1989,0.14029,0.369129,1195.06,1205.06,0.0,0.5804423093795776,0.9479613304138184,0.0,5,131.44538728732158,-0.263622703575,-0.20291292667388916,-43.00531303264546,-1.0,0.0,0.0,119.36956244758305,
1832,141.887,27.0068,0.194424,0.369799,1195.86,1205.86,0.0,0.22420835494995117,1.0,1.0,5,125.50733864112482,-0.262348353565,-0.35623395442962646,-60.96410336375743,-1.0,0.0,0.0,108.89709426029157,
1833,140.135,32.3998,0.243321,0.368834,1196.67,1206.66,0.0,0.6733524799346924,1.0,1.0,5,119.12591145480593,-0.25843276294999995,-0.4491441249847412,-71.33270934045872,-1.0,0.0,0.0,99.89955811924582,
1834,137.876,36.648,0.280668,0.366796,1197.46,1207.45,0.0,1.0,1.0,0.0,5,113.3853387616131,-0.25286182648,-0.3266475200653076,-74.58490109975969,-1.0,0.0,0.0,93.38825740417359,
1835,135.759,39.6736,0.30751,0.364237,1198.24,1208.24,0.0,1.0,1.0,0.0,5,108.84437389470058,-0.24724225441499995,-0.0,-75.5779531496834,-1.0,0.0,0.0,88.70264335286473,
1836,134.185,41.4926,0.323827,0.361384,1199.01,1209.01,0.0,1.0,0.0,0.0,5,105.86205376263518,-0.24246156019999998,-0.0,-75.66386535618093,-1.0,0.0,0.0,85.70362586338996,
1837,133.218,41.9236,0.329004,0.358358,1199.79,1209.78,0.0,1.0,1.0,0.0,5,104.55139358385553,-0.23869868022,-0.0,-75.24011456080862,-1.0,0.0,0.0,84.50266626343338,
1838,133.071,40.8626,0.322616,0.355158,1200.55,1210.55,0.0,1.0,1.0,0.0,5,105.11077675306524,-0.23630615109,-0.0,-74.58961834737485,-1.0,0.0,0.0,85.22706601513153,
1839,133.781,38.2191,0.304539,0.351659,1201.32,1211.32,0.0,1.0,1.0,0.0,5,107.567760412732,-0.23522646339500003,-0.0,-73.61467054572799,-1.0,0.0,0.0,87.928866312905,
1840,134.988,34.0662,0.275074,0.347809,1202.09,1212.08,0.0,1.0,1.0,0.0,5,111.58054390969158,-0.23475020645999997,-0.0,-71.51707437259167,-1.0,0.0,0.0,92.46652511008367,
1841,136.505,28.4512,0.233979,0.343648,1202.85,1212.85,0.0,1.0,1.0,0.0,5,116.96111551011623,-0.23454835119999998,-0.0,-66.670876535894,-1.0,0.0,0.0,99.05884802494273,
1842,138.141,21.3964,0.180977,0.339345,1203.62,1213.62,0.0,0.5014002323150635,1.0,0.0,5,123.4528763412412,-0.23438728822500002,-0.4985997676849365,-48.034423103527004,-1.0,0.0,0.0,110.06030334682897,
1843,139.629,13.2324,0.118971,0.33522,1204.39,1214.39,0.0,0.0990951657295227,1.0,0.0,5,130.3556826767039,-0.2340321669,-0.40230506658554077,-46.32917363360207,-1.0,0.0,0.0,117.41866558142775,
1844,140.697,5.47709,0.0602248,0.331518,1205.17,1215.17,0.0,1.0,1.0,0.5838465690612793,5,136.2077575472841,-0.23321794023,-0.9009048342704773,-61.52582342670409,-1.0,0.0,0.0,119.32281230009694,
1845,140.747,-0.0444921,0.0111098,0.328715,1205.95,1215.94,0.0,-1.0,1.0,0.0,5,139.95649462614355,-0.23132825052500003,-2.0,-71.5905512768332,-1.0,0.0,0.0,120.22752855641026,
1846,140.384,-4.31748,-0.0322893,0.327611,1206.72,1216.72,0.0,0.038055598735809326,1.0,0.0,5,138.04476752348407,-0.22995671312,-1.0380555987358093,-78.48993566423351,-1.0,0.0,0.0,116.88091021468495,
1847,140.284,-8.13148,-0.0701963,0.328161,1207.49,1217.49,0.0,-1.0,1.0,0.0,5,135.01884949677546,-0.23017868861999996,-1.0380555987358093,-83.62353759454481,-1.0,0.0,0.0,112.57136972989852,
1848,140.452,-11.1364,-0.0971475,0.329915,1208.27,1218.27,0.0,-1.0,1.0,0.0,5,132.9781992400648,-0.23168610790000002,-0.0,-86.9940539115091,-1.0,0.0,0.0,109.99799965428753,
1849,140.746,-12.2309,-0.107676,0.332377,1209.05,1219.05,0.0,-1.0,1.0,0.0,5,132.36802567832055,-0.23390366621,-0.0,-88.48727441278348,-1.0,0.0,0.0,109.01230340891468,
1850,141.202,-11.1203,-0.101648,0.335378,1209.83,1219.83,0.0,-1.0,1.0,0.0,5,133.30905743766516,-0.23678022178000002,-0.0,-88.4129102181142,-1.0,0.0,0.0,109.96904966135659,
1851,141.735,-8.27245,-0.0816267,0.33874,1210.61,1220.61,0.0,0.8359847664833069,1.0,0.0,5,135.48481927315345,-0.2400565695,-1.8359847664833069,-86.82270629449178,-1.0,0.0,0.0,111.98829070008549,
1852,142.148,-4.72369,-0.0531583,0.34199,1211.39,1221.39,0.0,-1.0,1.0,0.0,5,138.17081216686975,-0.2430659726,-1.8359847664833069,-83.7481780824633,-1.0,0.0,0.0,115.43990624370893,
1853,142.425,-1.23551,-0.0219622,0.344594,1212.18,1222.18,0.0,-1.0,0.04549908638000488,0.0,5,140.8267954271029,-0.24539400225000005,-0.0,-79.52221786756965,-1.0,0.0,0.0,119.70084695796047,
1854,142.336,1.96691,0.00949812,0.346151,1212.96,1222.96,0.0,0.25617632269859314,1.0,0.0,5,141.65362763750517,-0.24634874368,-1.2561763226985931,-74.07572165307266,-1.0,0.0,0.0,121.51149558374745,
1855,141.922,4.89088,0.0399138,0.346425,1213.75,1223.74,0.0,1.0,1.0,0.0,5,138.9773950399621,-0.24582664424999998,-0.7438236773014069,-67.65305090281673,-1.0,0.0,0.0,120.59515856681747,
1856,141.862,7.63415,0.0689868,0.345408,1214.53,1224.53,0.0,-0.8995805978775024,1.0,0.0,5,136.63513828021897,-0.24500134848,-1.8995805978775024,-61.11867334076456,-1.0,0.0,0.0,119.5405944171846,
1857,141.887,10.2074,0.0970245,0.343079,1215.31,1225.31,0.0,-1.0,1.0,0.0,5,134.34721596818923,-0.24339225036500003,-0.10041940212249756,-54.3319704471525,-1.0,0.0,0.0,119.49070528539936,
1858,141.817,12.5831,0.124105,0.339381,1216.1,1226.09,0.0,0.5407692790031433,0.0,0.0,5,131.94873785434845,-0.24064997638500002,-1.5407692790031433,-47.30193453422359,-1.0,0.0,0.0,118.42037346070663,
1859,141.529,14.6835,0.149745,0.334269,1216.88,1226.88,0.0,0.31173938512802124,1.0,0.0,5,129.3880984862559,-0.23654378650499996,-0.22902989387512207,-40.22319759954516,-1.0,0.0,0.0,118.02704633170208,
1860,141.059,16.4251,0.173086,0.327713,1217.66,1227.66,0.0,1.0,1.0,0.0,5,126.80448747928715,-0.231134340335,-0.6882606148719788,-33.09427242659295,-1.0,0.0,0.0,117.09330684784231,
1861,140.799,17.9552,0.194198,0.319743,1218.44,1228.44,0.0,0.31967270374298096,1.0,0.0,5,124.56669421709654,-0.22509747328500002,-0.680327296257019,-60.996744392780485,-1.0,0.0,0.0,107.8883124567393,
1862,140.711,19.5154,0.21086,0.310623,1219.23,1229.22,0.0,-0.9522380828857422,1.0,0.0,5,122.86895958907428,-0.218540364765,-1.2719107866287231,-66.86516057759246,-1.0,0.0,0.0,104.55255584392255,
1863,140.924,19.6837,0.220075,0.300618,1220.01,1230.01,0.0,0.031031548976898193,0.9598040580749512,0.0,5,122.14301229358999,-0.21182145516,-0.9832696318626404,-69.74720602893103,-1.0,0.0,0.0,103.19940844163844,
1864,141.208,19.3023,0.227258,0.289296,1220.79,1230.79,0.0,1.0,1.0,0.0,5,121.66967176871493,-0.20425454784,-0.9689684510231018,-71.98068747091217,-1.0,0.0,0.0,102.17955481783996,
1865,141.522,18.8727,0.231547,0.276698,1221.57,1231.57,0.0,1.0,1.0,0.0,5,121.50665573856926,-0.19579427178,-0.0,-73.57391393423947,-1.0,0.0,0.0,101.9173829832294,
1866,141.957,18.0245,0.224891,0.263535,1222.36,1232.36,0.0,0.93300861120224,1.0,0.0,5,122.55408524636705,-0.187053189975,-0.06699138879776001,-73.19794241483525,-1.0,0.0,0.0,103.0474490360439,
1867,142.618,15.28,0.202579,0.250381,1223.15,1233.15,0.0,1.0,1.0,0.0,5,125.35449347927808,-0.17854418729000002,-0.06699138879776001,-69.12899674100893,-1.0,0.0,0.0,106.8736026900965,
1868,143.361,10.8587,0.166502,0.237523,1223.94,1233.94,0.0,0.6722979545593262,1.0,0.0,5,129.4985164303668,-0.170257674015,-0.32770204544067383,-34.246022109703006,-1.0,0.0,0.0,119.66844261529384,
1869,143.916,5.88914,0.122536,0.225489,1224.73,1234.73,0.0,-0.930598258972168,1.0,0.0,5,134.041500462415,-0.16225737462,-1.6028962135314941,-47.12218201558531,-1.0,0.0,0.0,120.61782871983922,
1870,144.293,1.09332,0.0777332,0.214874,1225.52,1235.52,0.0,-0.8078402876853943,1.0,0.0,5,138.25474565890346,-0.15502407041000002,-0.12275797128677368,-57.851426668645146,-1.0,0.0,0.0,122.60003752994614,
1871,144.713,-3.463,0.0395008,0.205577,1226.32,1236.32,0.0,0.9193828105926514,1.0,0.0,5,141.7427194492415,-0.14874832200500002,-1.7272230982780457,-66.21309426757252,-1.0,0.0,0.0,123.52253063085996,
1872,145.144,-5.99327,0.0110991,0.197398,1227.12,1237.12,0.0,0.25721418857574463,1.0,0.0,5,144.32959259821504,-0.14325567656,-0.6621686220169067,-71.84668763453874,-1.0,0.0,0.0,125.02601442641529,
1873,145.463,-7.70726,-0.0153856,0.191101,1227.92,1237.92,0.0,0.9603905081748962,1.0,0.0,5,144.32680996131572,-0.138990623815,-0.7031763195991516,-76.52521935687224,-1.0,0.0,0.0,123.8455616024029,
1874,145.664,-9.05448,-0.0401922,0.186864,1228.73,1238.73,0.0,0.7231574654579163,1.0,0.0,5,142.61987183527873,-0.13609678848,-0.23723304271697998,-80.40970358972521,-1.0,0.0,0.0,121.31017923655234,
1875,145.789,-10.1445,-0.0635934,0.184794,1229.54,1239.54,0.0,-0.17470362782478333,1.0,0.0,5,140.8618199573079,-0.13470466233,-0.8978610932826996,-83.69633376637785,-1.0,0.0,0.0,118.53367352539863,
1876,145.894,-11.0428,-0.0856786,0.184921,1230.35,1240.35,0.0,-1.0,1.0,0.0,5,139.11648356565158,-0.13489432187,-0.8252963721752167,-86.54517355835922,-1.0,0.0,0.0,116.09770694253919,
1877,146.001,-11.8016,-0.106287,0.18721,1231.16,1241.16,0.0,-1.0,1.0,0.0,5,137.43269122134396,-0.13666423605,-0.0,-89.03663218993825,-1.0,0.0,0.0,114.0368689378094,
1878,146.193,-12.6667,-0.122149,0.191345,1231.97,1241.97,0.0,-0.8737753033638,1.0,0.0,5,136.197250186678,-0.139866497925,-0.12622469663619995,-90.98895666982355,-1.0,0.0,0.0,112.27227711230626,
1879,146.576,-12.4379,-0.124097,0.196503,1232.78,1242.78,0.0,-0.5277708768844604,1.0,0.0,5,136.3773122593793,-0.14401311864,-0.3460044264793396,-91.71578490745775,-1.0,0.0,0.0,112.20055158593104,
1880,147.137,-10.1516,-0.110957,0.202291,1233.59,1243.59,0.0,-1.0,1.0,0.0,5,138.08599277309492,-0.148822454335,-0.47222912311553955,-91.11306225906644,-1.0,0.0,0.0,114.01723601705864,
1881,147.685,-6.6926,-0.0867078,0.208405,1234.41,1244.41,0.0,0.1776508092880249,1.0,0.0,5,140.73548103875603,-0.15389146212500002,-1.177650809288025,-89.16140475842244,-1.0,0.0,0.0,116.93794314423903,
1882,148.141,-2.93956,-0.0566759,0.214203,1235.23,1245.23,0.0,-0.11932343244552612,1.0,0.0,5,143.70737239297333,-0.158661233115,-0.296974241733551,-86.02375601735054,-1.0,0.0,0.0,120.95367988300062,
1883,148.58,0.858188,-0.0263221,0.219304,1236.05,1246.05,0.0,0.6071402430534363,1.0,0.0,5,146.57328791817304,-0.16292094160000004,-0.7264636754989624,-82.23323821014323,-1.0,0.0,0.0,124.63411832138755,
1884,149.022,4.34669,-0.00425613,0.224121,1236.87,1246.87,0.0,1.0,1.0,0.0,5,148.70352271691849,-0.16699479830999997,-0.3928597569465637,-79.23191474428477,-1.0,0.0,0.0,127.61069130545334,
1885,149.409,5.94072,0.00226748,0.229146,1237.69,1247.69,0.0,0.6122235655784607,1.0,0.0,5,149.23922509504428,-0.17118237357,-0.3877764344215393,-78.64277076599318,-1.0,0.0,0.0,128.29101709964954,
1886,149.807,5.4984,-0.00634617,0.234645,1238.52,1248.52,0.0,0.34874415397644043,1.0,0.0,5,149.3286362021265,-0.175757317575,-0.26347941160202026,-80.69752163414918,-1.0,0.0,0.0,127.89945465253356,
1887,150.26,3.73867,-0.0256094,0.240926,1239.35,1249.35,0.0,0.9247292876243591,1.0,0.0,5,148.2869054122051,-0.1810077038,-0.5759851336479187,-84.47766802552526,-1.0,0.0,0.0,125.81368516192943,
1888,150.74,1.62907,-0.0501667,0.248423,1240.18,1250.18,0.0,1.0,1.0,0.0,5,146.77087785307253,-0.18723641510000003,-0.07527071237564087,-88.80488556561795,-1.0,0.0,0.0,123.35983883285536,
1889,151.122,-0.610213,-0.0778732,0.257533,1241.01,1251.01,0.0,0.40537047386169434,1.0,0.0,5,144.78578033796364,-0.19459451013000004,-0.5946295261383057,-93.07213178309533,-1.0,0.0,0.0,120.14476402421832,
1890,151.366,-2.85545,-0.106789,0.26855,1241.84,1251.84,0.0,-0.7145896553993225,1.0,0.0,5,142.43697985807628,-0.20324669650000005,-1.1199601292610168,-96.93465608861014,-1.0,0.0,0.0,116.66408110064543,
1891,151.5,-4.96315,-0.135199,0.281606,1242.68,1252.68,0.0,-1.0,0.30761241912841797,0.0,5,139.90733805781304,-0.21331654500000002,-0.2854103446006775,-100.27292903161454,-1.0,0.0,0.0,113.54016615152919,
1892,151.433,-6.92026,-0.160875,0.296672,1243.51,1253.51,0.0,-1.0,1.0,0.0,5,137.34920361121442,-0.22462965487999997,-0.0,-102.89081216302668,-1.0,0.0,0.0,110.40187091557775,
1893,151.552,-8.39322,-0.175385,0.31309,1244.34,1254.34,0.0,0.7443064451217651,1.0,0.0,5,136.00516115447164,-0.23724707839999998,-1.7443064451217651,-104.654870023849,-1.0,0.0,0.0,108.08090463657284,
1894,152.039,-7.52631,-0.176361,0.330358,1245.17,1255.17,0.0,-1.0,1.0,0.0,5,136.34318867329225,-0.25113649980999997,-1.7443064451217651,-105.75492066379627,-1.0,0.0,0.0,108.13003007399664,
1895,152.672,-6.14394,-0.172768,0.348887,1246.01,1256.0,0.0,-1.0,1.0,0.0,5,137.2762191883676,-0.26632638032,-0.0,-106.70777042960472,-1.0,0.0,0.0,109.33295020064642,
1896,153.196,-4.32035,-0.159621,0.367783,1246.84,1256.84,0.0,-1.0,1.0,0.0,5,139.07371498872223,-0.28171442234,-0.0,-106.83234181818695,-1.0,0.0,0.0,111.0839151118355,
1897,153.579,-1.93863,-0.139675,0.386393,1247.68,1257.68,0.0,-0.9552984237670898,1.0,0.0,5,141.3926064662396,-0.29670925273500004,-0.044701576232910156,-106.19176121148227,-1.0,0.0,0.0,113.53454643776415,
1898,153.917,0.609241,-0.116684,0.404317,1248.52,1258.52,0.0,-0.4649035334587097,1.0,0.0,5,143.91092379385347,-0.31115629844500003,-0.4903948903083801,-105.05887068665032,-1.0,0.0,0.0,116.18793135665335,
1899,154.13,3.10066,-0.092894,0.421265,1249.36,1259.36,0.0,-0.2001347541809082,1.0,0.0,5,146.31687690164352,-0.32464787224999997,-0.2647687792778015,-103.45745121863318,-1.0,0.0,0.0,119.04843559095187,
1900,154.234,5.40326,-0.0700118,0.437088,1250.2,1260.2,0.0,-1.0,1.0,0.0,5,148.46146335927375,-0.33706915296,-0.7998652458190918,-101.52489642196522,-1.0,0.0,0.0,121.50321052707673,
1901,154.34,7.34241,-0.0489317,0.451747,1251.05,1261.05,0.0,-0.8421257138252258,1.0,0.0,5,150.3807152371209,-0.3486131599,-0.15787428617477417,-99.47374807771175,-1.0,0.0,0.0,124.11630277194052,
1902,154.401,8.99197,-0.0291089,0.465118,1251.9,1261.89,0.0,-1.0,1.0,0.0,5,152.0886861767343,-0.35907342159,-0.15787428617477417,-97.19774135156285,-1.0,0.0,0.0,126.38281513140114,
1903,154.399,10.4504,-0.0103823,0.477168,1252.74,1262.74,0.0,-0.2883451581001282,1.0,0.0,5,153.58918460486908,-0.36837131015999997,-0.7116548418998718,-94.66382443317003,-1.0,0.0,0.0,128.3413607338466,
1904,154.372,11.7767,0.00750798,0.487879,1253.59,1263.59,0.0,-0.5907887816429138,1.0,0.0,5,153.7881435640462,-0.37657428494000006,-0.30244362354278564,-91.8781475023343,-1.0,0.0,0.0,129.3512993164598,
1905,154.345,12.9412,0.0244628,0.497259,1254.44,1264.44,0.0,0.836632490158081,1.0,0.0,5,152.41115292560656,-0.383747201775,-1.4274212718009949,-88.9029584670527,-1.0,0.0,0.0,128.37343972552807,
1906,154.335,13.9292,0.0403112,0.505244,1255.29,1265.29,0.0,-1.0,1.0,0.0,5,151.0997482314255,-0.38988416370000006,-1.836632490158081,-85.827085128797,-1.0,0.0,0.0,127.70210303847884,
1907,154.362,14.6948,0.0548388,0.511851,1256.14,1266.14,0.0,0.3528155982494354,1.0,0.0,5,149.89955986491537,-0.39505172030999997,-1.3528155982494354,-82.75195601174372,-1.0,0.0,0.0,127.41067446219463,
1908,154.418,15.2558,0.0681233,0.517049,1256.99,1266.99,0.0,-0.7827188968658447,1.0,0.0,5,148.80416365621556,-0.39920836241,-1.1355344951152802,-79.38440752303006,-1.0,0.0,0.0,127.21819306451346,
1909,154.503,15.601,0.0799115,0.520833,1257.84,1267.84,0.0,-0.017968684434890747,1.0,0.0,5,147.84323107535957,-0.402351304995,-0.764750212430954,-75.67496437814778,-1.0,0.0,0.0,127.29271361209834,
1910,154.621,15.7099,0.0900772,0.523214,1258.69,1268.69,0.0,-0.10110875219106674,1.0,0.0,5,147.03963444310253,-0.40449935947,-0.083140067756176,-71.666448587796,-1.0,0.0,0.0,127.69358091635667,
1911,154.775,15.5841,0.0983361,0.524231,1259.55,1269.55,0.0,-0.10355813056230545,1.0,0.0,5,146.42954047646614,-0.40568926512500003,-0.0024493783712387085,-67.54639001451416,-1.0,0.0,0.0,128.13651889420123,
1912,155.005,15.1701,0.104603,0.523921,1260.4,1270.4,0.0,-1.0,0.9090664386749268,0.0,5,146.06553913212858,-0.40605187302499995,-0.8964418694376945,-63.57350433247851,-1.0,0.0,0.0,128.49717861515265,
1913,155.244,14.5255,0.109533,0.522273,1261.26,1271.26,0.0,-0.029449105262756348,1.0,0.6699991226196289,5,145.82848250206266,-0.40539874806,-0.9705508947372437,-59.50934169904819,-1.0,0.0,0.0,129.25458306081944,
1914,155.008,13.6927,0.112983,0.519282,1262.11,1272.11,0.0,0.17201977968215942,1.0,0.0,5,145.28168481090265,-0.40246432128000004,-0.20146888494491577,-55.14860284580125,-1.0,0.0,0.0,130.03162911268885,
1915,154.384,12.6314,0.111896,0.515249,1262.96,1272.96,0.0,-0.06490689516067505,1.0,0.0,5,144.79904624905063,-0.39773100807999995,-0.23692667484283447,-53.51181156334516,-1.0,0.0,0.0,129.95228434768148,
1916,154.467,10.7913,0.107374,0.51034,1263.81,1273.81,0.0,-0.1283334195613861,1.0,0.0,5,145.30047254833175,-0.39415344390000007,-0.06342652440071106,-55.282589934708,-1.0,0.0,0.0,130.06664366343455,
1917,154.837,8.99586,0.104115,0.504247,1264.66,1274.66,0.0,-0.1569373607635498,1.0,0.0,5,145.95267383574992,-0.390380463695,-0.028603941202163696,-56.1988248343979,-1.0,0.0,0.0,130.5040059810948,
1918,155.229,7.48416,0.102201,0.496989,1265.52,1275.51,0.0,0.8258524537086487,1.0,0.0,5,146.50054060497794,-0.38573552740500006,-0.9827898144721985,-55.94170776176843,-1.0,0.0,0.0,130.8345411927892,
1919,155.619,6.47647,0.099889,0.488744,1266.37,1276.37,0.0,0.3617386221885681,1.0,0.0,5,147.08388225734186,-0.38028926268,-0.46411383152008057,-55.880229203483765,-1.0,0.0,0.0,131.59430154433488,
1920,156.133,5.44685,0.0886577,0.480494,1267.22,1277.22,0.0,0.04622608423233032,1.0,0.0,5,148.60765155918702,-0.37510484851000003,-0.3155125379562378,-62.71987886597516,-1.0,0.0,0.0,131.45792323279636,
1921,156.743,3.09911,0.0703821,0.472809,1268.08,1278.08,0.0,-1.0,1.0,0.0,5,150.84353816424104,-0.370547505435,-1.0462260842323303,-72.47847365587343,-1.0,0.0,0.0,131.03950441956795,
1922,157.335,0.874719,0.0575943,0.465195,1268.95,1278.94,0.0,0.1445024609565735,1.0,0.0,5,152.54582873804227,-0.36595727662500005,-1.1445024609565735,-77.75581679232943,-1.0,0.0,0.0,131.39756652504792,
1923,157.883,0.119936,0.0527658,0.457489,1269.81,1279.81,0.0,0.7562744617462158,1.0,0.0,5,153.4997809667154,-0.361148678935,-0.6117720007896423,-79.15632345386351,-1.0,0.0,0.0,132.16601982407764,
1924,158.421,0.36058,0.0459975,0.450429,1270.68,1280.68,0.0,0.19307824969291687,1.0,0.0,5,154.61123803291673,-0.356787063045,-0.563196212053299,-81.31551381386666,-1.0,0.0,0.0,132.75661365278907,
1925,158.921,-0.100754,0.0334912,0.444631,1271.55,1281.55,0.0,0.03696463257074356,1.0,0.0,5,156.17115060168976,-0.353306015755,-0.1561136171221733,-85.46070868557626,-1.0,0.0,0.0,133.40583332940403,
1926,159.449,-1.11632,0.0205402,0.440013,1272.43,1282.43,0.0,0.798647403717041,1.0,0.0,5,157.77792340085875,-0.35079816418500004,-0.7616827711462975,-89.36982192262812,-1.0,0.0,0.0,133.85616492467284,
1927,159.979,-1.40266,0.00866365,0.436539,1273.31,1283.3,0.0,0.23848065733909607,1.0,0.0,5,159.28000375676615,-0.34918536340500006,-0.560166746377945,-92.64124832978162,-1.0,0.0,0.0,134.60245628700233,
1928,160.46,-1.88555,-0.00582737,0.434697,1274.19,1284.19,0.0,0.6009206771850586,1.0,0.0,5,159.9897482890027,-0.34875740310000003,-0.3624400198459625,-96.28669713969836,-1.0,0.0,0.0,134.46058459502433,
1929,160.904,-2.48773,-0.0221019,0.434606,1275.07,1285.07,0.0,-0.8803629279136658,1.0,0.0,5,159.0867039881157,-0.34964921912,-1.4812836050987244,-99.9696353114271,-1.0,0.0,0.0,132.3002608596093,
1930,161.292,-3.30149,-0.0401773,0.436437,1275.96,1285.96,0.0,-0.7072002291679382,1.0,0.0,5,157.9225706000651,-0.35196898302000007,-0.17316269874572754,-103.60107177033811,-1.0,0.0,0.0,130.61838486483686,
1931,161.637,-4.55944,-0.0571388,0.440028,1276.85,1286.84,0.0,-0.9847947955131531,1.0,0.0,5,156.75785236261763,-0.35562402918,-0.27759456634521484,-106.68355060871974,-1.0,0.0,0.0,128.64806231135412,
1932,162.021,-5.15462,-0.0628222,0.444514,1277.74,1287.73,0.0,-0.04976999759674072,1.0,0.0,5,156.61547583851893,-0.36010301397,-0.9350247979164124,-107.9314742117293,-1.0,0.0,0.0,127.99199683224168,
1933,162.506,-3.85617,-0.0564945,0.449397,1278.63,1288.63,0.0,0.21878701448440552,1.0,0.0,5,157.65883335588344,-0.36514854441,-0.26855701208114624,-107.42560784453327,-1.0,0.0,0.0,129.3567157467158,
1934,163.096,-1.62745,-0.0512585,0.455109,1279.52,1289.52,0.0,-1.0,1.0,0.0,5,158.70358699525568,-0.37113228732,-1.2187870144844055,-107.12657977788228,-1.0,0.0,0.0,130.18517365911978,
1935,163.644,-0.856345,-0.0525156,0.461985,1280.42,1290.42,0.0,-1.0,1.0,0.0,5,159.12343930511292,-0.3780053667,-0.0,-107.90299893256312,-1.0,0.0,0.0,130.76968420527214,
1936,164.164,-0.732027,-0.0498561,0.469101,1281.32,1291.32,0.0,-0.018829375505447388,1.0,0.0,5,159.86942342653558,-0.38504748282,-0.9811706244945526,-107.93686064541428,-1.0,0.0,0.0,131.20580959501365,
1937,164.638,0.132297,-0.0417748,0.475911,1282.22,1292.22,0.0,-0.4174262583255768,0.3418879508972168,0.0,5,161.05650357518468,-0.39176517609,-0.3985968828201294,-106.76402657497933,-1.0,0.0,0.0,132.8541526905038,
1938,164.813,1.03356,-0.0322424,0.48229,1283.13,1293.13,0.0,-1.0,0.0,0.0,5,162.07081689658563,-0.39743830885,-0.5825737416744232,-104.65875825430096,-1.0,0.0,0.0,134.33391690165803,
1939,164.513,1.94201,-0.0205182,0.487854,1284.03,1294.03,0.0,-1.0,1.0,0.0,5,162.79073461612268,-0.40129162551,-0.0,-100.97960090944292,-1.0,0.0,0.0,136.14454276325193,
1940,164.306,3.12875,-0.00608817,0.492432,1284.93,1294.93,0.0,-1.0,1.0,0.0,5,163.80279660139166,-0.40454766096000006,-0.0,-95.52150174639638,-1.0,0.0,0.0,138.51787350383256,
1941,164.459,4.61322,0.0105401,0.495906,1285.84,1295.84,0.0,-0.41879475116729736,1.0,0.0,5,163.58317379908803,-0.40778102427,-0.5812052488327026,-87.36910961221959,-1.0,0.0,0.0,140.1587537971133,
1942,164.58,6.25189,0.0285802,0.498194,1286.74,1296.74,0.0,-0.6881529688835144,1.0,0.0,5,162.16124331996244,-0.4099638426000001,-0.26935821771621704,-73.45273953420964,-1.0,0.0,0.0,142.30728712849515,
1943,164.614,7.82552,0.0466736,0.499207,1287.65,1297.64,0.0,-0.24338120222091675,1.0,0.0,5,160.59456353827028,-0.41088230549000004,-0.44477176666259766,-55.38459736499519,-1.0,0.0,0.0,145.2041003615327,
1944,164.638,9.25737,0.0639472,0.498886,1288.55,1298.55,0.0,-0.28831055760383606,1.0,0.0,5,159.04100957412015,-0.41067796634000003,-0.04492935538291931,-64.49010935820965,-1.0,0.0,0.0,141.49432546161287,
1945,164.702,10.4127,0.0791211,0.497274,1289.46,1299.46,0.0,0.8073803186416626,1.0,0.0,5,157.6778337748871,-0.40951011173999996,-1.0956908762454987,-71.07492699224225,-1.0,0.0,0.0,138.1708846522129,
1946,164.823,11.2415,0.0940856,0.494246,1290.37,1300.37,0.0,0.43691903352737427,1.0,0.0,5,156.35172212368485,-0.40731554229000005,-0.37046128511428833,-75.8715076010526,-1.0,0.0,0.0,135.86539129559742,
1947,165.068,11.8095,0.101042,0.489971,1291.29,1301.29,0.0,0.47604307532310486,1.0,0.0,5,155.90086945438878,-0.40439266514000005,-0.03912404179573059,-78.05409766249994,-1.0,0.0,0.0,134.97121516108507,
1948,165.476,10.5229,0.0925922,0.485316,1292.21,1302.21,0.0,-0.5021539926528931,1.0,0.10723483562469482,5,157.11721606722597,-0.40154075208,-0.9781970679759979,-76.38757650962724,-1.0,0.0,0.0,136.32532206734635,
1949,165.907,7.02743,0.0731037,0.4805,1293.13,1303.13,0.0,0.5658352971076965,1.0,0.0,5,159.40507348692847,-0.3985915675,-1.0679892897605896,-71.13958787958808,-1.0,0.0,0.0,139.90118816260326,
1950,166.335,3.85543,0.0519001,0.475462,1294.05,1304.05,0.0,0.7693547010421753,1.0,0.7733380794525146,5,161.79656457179715,-0.39542985885000004,-0.20351940393447876,-63.86694449000217,-1.0,0.0,0.0,144.37334276926626,
1951,166.126,0.931596,0.0267763,0.471273,1294.98,1304.98,0.0,0.24723829329013824,1.0,0.0,5,163.8425958137739,-0.39145349199,-0.522116407752037,-63.082746945760704,-1.0,0.0,0.0,146.52382066301809,
1952,165.612,-1.77277,0.00213534,0.468342,1295.9,1305.9,0.0,-0.4836345314979553,1.0,0.0,5,165.43480360186967,-0.38781527652,-0.7308728247880936,-83.19523471525955,-1.0,0.0,0.0,143.02891779909837,
1953,165.394,-4.23374,-0.0205371,0.466698,1296.82,1306.82,0.0,-1.0,1.0,0.16694343090057373,5,163.66088473288673,-0.38594524506000005,-0.5163654685020447,-93.93211085620533,-1.0,0.0,0.0,138.6370021332248,
1954,165.318,-6.28176,-0.0351029,0.46596,1297.74,1307.74,0.0,-1.0,1.0,0.0,5,162.31518215998622,-0.3851578764,-0.0,-98.94042547365866,-1.0,0.0,0.0,136.19491791517154,
1955,165.469,-6.41378,-0.0341941,0.465441,1298.66,1308.66,0.0,0.2846560478210449,1.0,0.0,5,162.54379273264055,-0.385080284145,-1.284656047821045,-98.77080212329571,-1.0,0.0,0.0,136.08061510332533,
1956,165.747,-4.65516,-0.0200892,0.464674,1299.58,1309.58,0.0,-0.8157765865325928,1.0,0.0,5,164.0488050373747,-0.38509160739000003,-1.1004326343536377,-93.97205172415659,-1.0,0.0,0.0,138.84057070863946,
1957,166.077,-2.22515,0.000613689,0.463331,1300.5,1310.5,0.0,-1.0,1.0,0.0,5,166.02600891569585,-0.38474311243500003,-0.18422341346740723,-84.18678080381028,-1.0,0.0,0.0,143.53930357826806,
1958,166.372,0.415863,0.025557,0.460824,1301.42,1311.42,0.0,0.22131216526031494,1.0,0.0,5,164.19191599406548,-0.38334105264,-1.221312165260315,-63.75803603797388,-1.0,0.0,0.0,146.50267228235393,
1959,166.649,3.14702,0.0523379,0.45681,1302.35,1312.35,0.0,-1.0,1.0,0.0,5,162.0617663541522,-0.38063464845,-1.221312165260315,-65.01240029300467,-1.0,0.0,0.0,144.06163798287292,
1960,166.801,5.71268,0.0790546,0.451099,1303.27,1313.27,0.0,0.30541855096817017,1.0,0.0,5,159.69372133851408,-0.376218821495,-1.3054185509681702,-74.86032347431849,-1.0,0.0,0.0,139.210796083149,
1961,166.842,7.9667,0.104354,0.443555,1304.2,1314.2,0.0,0.46665382385253906,1.0,0.0,5,157.2448658017554,-0.37001801655000005,-0.1612352728843689,-82.0041216672647,-1.0,0.0,0.0,135.3254467865239,
1962,166.865,9.80762,0.127037,0.434158,1305.13,1315.13,0.0,1.0,1.0,0.0,5,154.9498138630605,-0.36222887335000004,-0.5333461761474609,-87.26899004975188,-1.0,0.0,0.0,131.6103336244283,
1963,166.912,11.2878,0.146002,0.422958,1306.05,1316.05,0.0,0.32948410511016846,1.0,0.0,5,152.99466158685453,-0.35298382848000004,-0.6705158948898315,-91.1415255392973,-1.0,0.0,0.0,128.65514160508326,
1964,167.121,12.2456,0.154317,0.410636,1306.98,1316.98,0.0,0.21822857856750488,1.0,0.0,5,152.29137036274494,-0.34312949478000004,-0.11125552654266357,-93.06923432219864,-1.0,0.0,0.0,127.64755562945248,
1965,167.57,10.8562,0.149955,0.397674,1307.91,1317.91,0.0,1.0,0.0,1.0,5,153.1725502943262,-0.3331911609,-0.7817714214324951,-93.14348859445312,-1.0,0.0,0.0,128.31895555838315,
1966,166.763,8.32989,0.136452,0.384086,1308.84,1318.84,0.0,1.0,0.0,0.0,5,153.87061632408023,-0.32025666809000003,-0.0,-90.34994352402857,-1.0,0.0,0.0,129.96287377498308,
1967,165.424,5.10414,0.113582,0.370675,1309.76,1319.76,0.0,0.7829874753952026,1.0,0.0,5,154.98368218254774,-0.306592706,-0.21701252460479736,-84.84000158840466,-1.0,0.0,0.0,132.40198532206512,
1968,165.101,1.58534,0.0838748,0.358267,1310.67,1320.67,0.0,1.0,1.0,0.0,5,157.6048078184813,-0.29575119983500003,-0.21701252460479736,-77.54514811104858,-1.0,0.0,0.0,136.85766583350272,
1969,165.022,-2.04796,0.050941,0.347319,1311.59,1321.59,0.0,0.9088262915611267,1.0,0.0,5,160.6065562349331,-0.28657638008999997,-0.09117370843887329,-66.71848632932799,-1.0,0.0,0.0,142.61300615997942,
1970,164.926,-5.67942,0.0172039,0.338112,1312.5,1322.5,0.0,-0.1745343804359436,1.0,0.5332069396972656,5,163.4829784591968,-0.27881729856000004,-1.0833606719970703,-60.64192643169329,-1.0,0.0,0.0,146.71867135111435,
1971,164.441,-9.02081,-0.0149889,0.330743,1313.42,1323.42,0.0,-1.0,1.0,0.08722972869873047,5,163.19017939610166,-0.27193854831500003,-0.8254656195640564,-81.81614175503839,-1.0,0.0,0.0,141.21656572315783,
1972,163.637,-11.7151,-0.0425217,0.325187,1314.33,1324.33,0.0,-1.0,1.0,0.0,5,160.01107327652142,-0.266063125595,-0.0,-91.51829784861627,-1.0,0.0,0.0,135.86543568877235,
1973,163.008,-13.8952,-0.0649829,0.321252,1315.24,1325.24,0.0,-0.8089097142219543,1.0,0.0,5,157.371308350415,-0.26183323008000003,-0.19109028577804565,-96.9492261694179,-1.0,0.0,0.0,131.81484149224713,
1974,162.957,-15.5142,-0.0771504,0.318292,1316.15,1326.15,0.0,-1.0,1.0,0.0,5,156.192400746412,-0.25933954722,-0.19109028577804565,-99.5360066302963,-1.0,0.0,0.0,129.99173245588452,
1975,163.321,-14.7412,-0.0718553,0.315658,1317.06,1327.06,0.0,-0.05929785966873169,0.0,0.0,5,157.03686152355624,-0.25776790109000003,-0.9407021403312683,-98.60917109677706,-1.0,0.0,0.0,130.8445902061726,
1976,163.637,-11.2148,-0.0497499,0.313199,1317.97,1327.97,0.0,-0.6120072603225708,1.0,0.0,5,159.36575337742647,-0.25625472381500003,-0.5527094006538391,-93.10414807977774,-1.0,0.0,0.0,134.6676488134709,
1977,163.721,-6.44782,-0.0166279,0.310615,1318.88,1328.88,0.0,-1.0,1.0,0.0,5,162.33726166805155,-0.254270992075,-0.3879927396774292,-80.65984662491135,-1.0,0.0,0.0,140.8016311978455,
1978,164.067,-1.75942,0.0206261,0.307052,1319.79,1329.79,0.0,-1.0,1.0,0.28691840171813965,5,162.3401900313478,-0.25188550242,-0.0,-53.71781604289046,-1.0,0.0,0.0,147.65885051820516,
1979,164.139,2.67828,0.0582173,0.301989,1320.7,1330.7,0.0,-0.6303660273551941,1.0,0.07697910070419312,5,159.08575790955902,-0.24784086235500002,-0.3696339726448059,-70.2753712612814,-1.0,0.0,0.0,140.15818404009025,
1980,163.873,6.6207,0.0935925,0.295231,1321.61,1331.61,0.0,-0.20062202215194702,1.0,0.0,5,155.4983452677277,-0.24190194831500003,-0.42974400520324707,-80.93294453823893,-1.0,0.0,0.0,133.89428398329198,
1981,163.529,10.0521,0.12619,0.286683,1322.52,1332.52,0.0,1.0,1.0,0.35232049226760864,5,151.9382152175699,-0.234404921535,-1.200622022151947,-87.97568107885664,-1.0,0.0,0.0,128.34970341967517,
1982,162.903,13.1993,0.155594,0.276445,1323.43,1333.43,0.0,0.2941678762435913,0.0,0.0,5,148.31278491038248,-0.22516859917499998,-0.7058321237564087,-92.65798878923856,-1.0,0.0,0.0,123.71136947677091,
1983,162.165,15.6639,0.175178,0.26506,1324.33,1334.33,0.0,1.0,1.0,0.8934251070022583,5,145.5518158652919,-0.21491727450000003,-0.7058321237564087,-95.03542976452181,-1.0,0.0,0.0,120.3662915125345,
1984,161.162,15.7847,0.178299,0.2531,1325.23,1335.23,0.0,1.0,0.143035888671875,0.0,5,144.31555887214532,-0.203950511,-0.0,-94.76360242897425,-1.0,0.0,0.0,119.42070775390177,
1985,160.226,13.5816,0.165448,0.240815,1326.12,1336.12,0.0,1.0,1.0,0.0,5,144.84391246494485,-0.19292412095,-0.0,-92.4084801397161,-1.0,0.0,0.0,120.54886830906581,
1986,160.109,9.56136,0.137347,0.228602,1327.01,1337.01,0.0,1.0,0.0,0.0,5,147.6404999510055,-0.18300618809000002,-0.0,-88.26927839697596,-1.0,0.0,0.0,124.39017416367152,
1987,160.009,4.73724,0.0997546,0.217086,1327.9,1337.9,0.0,1.0,1.0,0.0,5,151.24594944653705,-0.17367856886999997,-0.0,-81.0707963214262,-1.0,0.0,0.0,129.8045717973105,
1988,159.994,-0.162919,0.0585167,0.206938,1328.79,1338.79,0.0,1.0,1.0,1.0,5,155.04166272854843,-0.16554419186000002,-0.0,-69.7263978384271,-1.0,0.0,0.0,136.44451907708165,
1989,159.408,-4.86112,0.0180821,0.198439,1329.67,1339.67,0.0,0.41137194633483887,1.0,0.0,5,157.94080334119676,-0.15816382056,-0.5886280536651611,-50.80004449028604,-1.0,0.0,0.0,143.9060399819657,
1990,158.411,-8.83342,-0.0172726,0.191589,1330.56,1340.56,0.0,0.579269528388977,1.0,0.6516560316085815,5,157.01935330995894,-0.15174902539500001,-0.16789758205413818,-68.7974295990836,-1.0,0.0,0.0,138.61787761017683,
1991,157.417,-12.0063,-0.0478528,0.186341,1331.44,1341.43,0.0,-1.0,1.0,0.0,5,153.47181572211008,-0.14666620598500002,-1.579269528388977,-80.03253644303012,-1.0,0.0,0.0,131.84323454685082,
1992,156.366,-14.3302,-0.072949,0.182638,1332.31,1342.31,0.0,-1.0,1.0,0.0,5,150.25181466908757,-0.14279186754000003,-0.0,-85.91363311286129,-1.0,0.0,0.0,127.63061452333224,
1993,155.585,-15.9813,-0.0932535,0.180423,1333.18,1343.18,0.0,-1.0,1.0,0.0,5,147.66507664913252,-0.140355562275,-0.0,-89.54116001472963,-1.0,0.0,0.0,124.13943108317511,
1994,155.271,-17.2537,-0.105698,0.179352,1334.05,1344.05,0.0,-1.0,1.0,0.0,5,146.21381208032224,-0.13924082195999998,-0.0,-91.54749727141483,-1.0,0.0,0.0,122.18769694050854,
1995,155.578,-16.7667,-0.10225,0.178681,1334.92,1344.92,0.0,-1.0,1.0,0.0,5,146.82534678259591,-0.13899416309,-0.0,-91.19948184370814,-1.0,0.0,0.0,122.88648215857889,
1996,156.197,-13.7345,-0.0816565,0.178167,1335.79,1345.79,0.0,0.9389162063598633,1.0,0.0,5,149.30637985173016,-0.139145754495,-1.9389162063598633,-87.59813120466198,-1.0,0.0,0.0,125.6860264341617,
1997,156.866,-8.88465,-0.0476512,0.177583,1336.66,1346.66,0.0,-0.5294474363327026,1.0,0.0,5,152.95192849476715,-0.13928367439,-1.468363642692566,-78.9997762569675,-1.0,0.0,0.0,131.62219166332753,
1998,157.337,-3.78025,-0.00866964,0.176369,1337.53,1347.53,0.0,-1.0,1.0,1.0,5,156.64906807295836,-0.138746846765,-0.47055256366729736,-62.066446312094925,-1.0,0.0,0.0,139.85254387906943,
1999,156.943,0.737703,0.0289482,0.173965,1338.41,1348.4,0.0,-0.9727587699890137,1.0,0.0,5,154.6059541875166,-0.13651294497500002,-0.027241230010986328,-55.5182219622838,-1.0,0.0,0.0,139.58171338296734,
2000,156.262,4.39402,0.0620117,0.170182,1339.28,1349.27,0.0,-0.20085445046424866,1.0,0.94529128074646,5,151.11971583573785,-0.13296489842,-0.771904319524765,-68.55907416511123,-1.0,0.0,0.0,132.6154111001826,
2001,155.395,7.45784,0.0915951,0.164914,1340.14,1350.14,0.0,1.0,1.0,0.0,5,147.63683649705678,-0.12813405515,-1.2008544504642487,-76.2571152670859,-1.0,0.0,0.0,127.08416728999603,
2002,154.252,9.72819,0.115132,0.158323,1341.0,1351.0,0.0,0.806510329246521,1.0,1.0,5,144.3707281488113,-0.12210819698,-0.193489670753479,-80.48039570674908,-1.0,0.0,0.0,123.07047412391799,
2003,153.055,11.1688,0.13235,0.150527,1341.86,1351.85,0.0,0.567270815372467,1.0,1.0,5,141.6175885063061,-0.115194549925,-0.23923951387405396,-82.69344231400217,-1.0,0.0,0.0,119.75726152371834,
2004,151.475,11.5117,0.140521,0.141806,1342.7,1352.7,0.0,1.0,1.0,0.0,5,139.37421676249375,-0.10740031924999999,-0.43272918462753296,-82.73625983115488,-1.0,0.0,0.0,117.45293273006676,
2005,150.249,10.6435,0.139006,0.132452,1343.54,1353.54,0.0,1.0,1.0,0.0,5,138.39057172348592,-0.09950390273999998,-0.0,-81.54818777772711,-1.0,0.0,0.0,116.90402087631415,
2006,149.748,8.80466,0.127395,0.122735,1344.37,1354.37,0.0,1.0,0.0,0.0,5,139.02168289994154,-0.0918966039,-0.0,-79.3853167083574,-1.0,0.0,0.0,118.08345711895218,
2007,149.284,6.03363,0.106143,0.113103,1345.2,1355.2,0.0,1.0,1.0,0.0,5,140.5359898445643,-0.08442234125999999,-0.0,-75.16255371081861,-1.0,0.0,0.0,120.66092907559967,
2008,149.042,2.94444,0.0784819,0.104137,1346.03,1356.03,0.0,1.0,1.0,0.0,5,142.74068267727685,-0.07760393377,-0.0,-68.6891182844075,-1.0,0.0,0.0,124.49079917240496,
2009,149.004,-0.0727881,0.0485673,0.0963402,1346.86,1356.85,0.0,1.0,1.0,0.0,5,145.2113618525155,-0.07177537580400001,-0.0,-59.44757309494756,-1.0,0.0,0.0,129.2776932029746,
2010,148.992,-2.90749,0.0185207,0.0899932,1347.68,1357.68,0.0,1.0,1.0,0.08695650100708008,5,147.5868081951038,-0.06704133427199999,-0.0,-45.671233452320905,-1.0,0.0,0.0,135.10195849775158,
2011,148.924,-5.46937,-0.0103121,0.0852438,1348.51,1358.51,0.0,-1.0,1.0,0.6306300163269043,5,148.14823584397124,-0.063474238356,-2.0,-49.553565765263954,-1.0,0.0,0.0,134.09637016429923,
2012,148.769,-7.66333,-0.0369373,0.0821378,1349.34,1359.34,0.0,-1.0,0.0,0.0,5,145.92058613941987,-0.061097791841000004,-0.0,-62.496343845225226,-1.0,0.0,0.0,129.23540238627254,
2013,148.571,-9.46407,-0.0610662,0.0807066,1350.17,1360.16,0.0,-1.0,1.0,0.0,5,143.76055511003844,-0.059953301343000004,-0.0,-70.55770882471373,-1.0,0.0,0.0,125.06117460251701,
2014,148.334,-10.8907,-0.0829822,0.0809769,1350.99,1360.99,0.0,-1.0,1.0,0.0,5,141.67609581255758,-0.06005813742300001,-0.0,-76.10516365328873,-1.0,0.0,0.0,121.58974676181239,
2015,148.071,-12.0373,-0.10324,0.0829791,1351.82,1361.82,0.0,-1.0,1.0,0.0,5,139.65273909377134,-0.061433991580499996,-0.0,-80.23787534839633,-1.0,0.0,0.0,118.53183626509178,
2016,147.798,-12.96,-0.122136,0.0867052,1352.64,1362.64,0.0,-1.0,1.0,0.0,5,137.69369809775,-0.064074275748,-0.0,-83.48415701110684,-1.0,0.0,0.0,115.75858456922529,
2017,147.525,-13.6779,-0.139812,0.0921753,1353.46,1363.46,0.0,-0.698354959487915,1.0,0.0,5,135.8061653057814,-0.06799080566250001,-0.30164504051208496,-86.13048558706569,-1.0,0.0,0.0,113.11505959119887,
2018,147.27,-14.1589,-0.156089,0.0994189,1354.29,1364.28,0.0,-0.7671564221382141,1.0,0.0,5,134.03261380935643,-0.07320710701500001,-0.06880146265029907,-88.33032914920547,-1.0,0.0,0.0,110.85618397624498,
2019,147.024,-14.4275,-0.170907,0.108421,1355.11,1365.1,0.0,0.26460468769073486,1.0,0.0,5,132.37935261142377,-0.07970244552,-1.031761109828949,-90.18034072299707,-1.0,0.0,0.0,108.44503665220581,
2020,146.793,-14.5085,-0.184341,0.119195,1355.92,1365.92,0.0,-1.0,1.0,0.0,5,130.85243819566819,-0.087484958175,-1.2646046876907349,-91.77682783217284,-1.0,0.0,0.0,106.44136487314275,
2021,146.579,-14.422,-0.196507,0.131667,1356.74,1366.74,0.0,-1.0,1.0,0.0,5,129.44863076877525,-0.09649808596500001,-0.0,-93.187629910818,-1.0,0.0,0.0,105.05522520510573,
2022,146.387,-14.1816,-0.207495,0.145841,1357.55,1367.55,0.0,-1.0,1.0,0.0,5,128.16846405751969,-0.106746132335,-0.0,-94.46692295845469,-1.0,0.0,0.0,103.44498718557102,
2023,146.209,-13.7852,-0.217398,0.161689,1358.36,1368.36,0.0,-0.6300934553146362,1.0,0.0,5,126.99964891166731,-0.11820193500500001,-0.36990654468536377,-95.6436996449146,-1.0,0.0,0.0,101.85955010202805,
2024,146.032,-13.2645,-0.226566,0.179231,1359.17,1369.17,0.0,-1.0,1.0,0.0,5,125.89816213585301,-0.13086730696,-0.36990654468536377,-96.75639954703749,-1.0,0.0,0.0,100.46722297872805,
2025,145.873,-12.6727,-0.235104,0.198443,1359.98,1369.98,0.0,-0.6506655216217041,1.0,0.0,5,124.8699221061578,-0.144737378695,-0.3493344783782959,-97.84345909026403,-1.0,0.0,0.0,99.1595196113833,
2026,145.731,-12.0093,-0.242996,0.219293,1360.78,1370.78,0.0,-1.0,0.0,0.0,5,123.91734526284478,-0.15978894091499998,-0.3493344783782959,-98.91284967344396,-1.0,0.0,0.0,97.9245435600553,
2027,145.62,-11.2306,-0.250131,0.241755,1361.58,1371.58,0.0,-1.0,1.0,0.0,5,123.06558239452393,-0.1760218155,-0.0,-99.98038562827246,-1.0,0.0,0.0,96.89446417195582,
2028,145.524,-10.3271,-0.256287,0.265854,1362.38,1372.38,0.0,-1.0,0.0,0.0,5,122.32639221229364,-0.19344068747999998,-0.0,-101.02648546266882,-1.0,0.0,0.0,95.87633015914643,
2029,145.432,-9.34753,-0.261625,0.291551,1363.17,1373.17,0.0,-1.0,1.0,0.0,5,121.675049987644,-0.21200422515999998,-0.0,-102.06083907479533,-1.0,0.0,0.0,94.94783599378516,
2030,145.339,-8.36115,-0.266534,0.318792,1363.97,1373.96,0.0,-1.0,1.0,0.0,5,121.06664447189462,-0.23166455244,-0.0,-103.10974000174761,-1.0,0.0,0.0,94.05754491901772,
2031,145.244,-7.42864,-0.271464,0.347505,1364.76,1374.75,0.0,-1.0,0.0,0.0,5,120.45205667025436,-0.2523650811,-0.0,-104.20242108300413,-1.0,0.0,0.0,93.14908631840333,
2032,145.145,-6.59519,-0.276792,0.377655,1365.54,1375.54,0.0,-1.0,1.0,0.0,5,119.78838004679632,-0.27407367487500006,-0.0,-105.35979672038863,-1.0,0.0,0.0,92.17435719182416,
2033,145.02,-5.87026,-0.282917,0.40921,1366.33,1376.33,0.0,-1.0,0.3605538606643677,0.0,5,119.01302501200959,-0.29671817100000003,-0.0,-106.58083247519531,-1.0,0.0,0.0,91.07109872221076,
2034,144.872,-5.32936,-0.290397,0.442152,1367.11,1377.11,0.0,-1.0,0.9293553829193115,0.0,5,118.06545943300333,-0.32027722272000003,-0.0,-107.89314766518572,-1.0,0.0,0.0,89.7718952939869,
2035,144.725,-4.99743,-0.299222,0.476478,1367.89,1377.89,0.0,-1.0,0.0,0.0,5,116.96351501916949,-0.34479139275,-0.0,-109.31371366357894,-1.0,0.0,0.0,88.29029521052476,
2036,144.585,-4.83221,-0.309164,0.512188,1368.66,1378.66,0.0,-1.0,0.0,0.0,5,115.73408641301288,-0.3702735099,-0.0,-110.83300805878267,-1.0,0.0,0.0,86.6555608884172,
2037,144.463,-4.74135,-0.319808,0.549309,1369.43,1379.43,0.0,-1.0,0.0,0.0,5,114.42966909241414,-0.396774130335,-0.0,-112.44480517268344,-1.0,0.0,0.0,84.92169366890828,
2038,144.34,-4.68454,-0.330692,0.587829,1370.2,1380.2,0.0,-1.0,1.0,0.0,5,113.08592602984443,-0.4242361893,-0.0,-114.11764800681456,-1.0,0.0,0.0,83.13227783884079,
2039,144.215,-4.66899,-0.341739,0.627738,1370.97,1380.97,0.0,-1.0,1.0,0.0,5,111.7104226194588,-0.45341557499400004,-0.0,-115.85973382244491,-1.0,0.0,0.0,81.29207358885357,
2040,144.087,-4.71445,-0.353054,0.669026,1371.73,1381.73,0.0,-1.0,0.0,0.0,5,110.28975152407719,-0.48675433498599996,-0.0,-117.68950921015407,-1.0,0.0,0.0,79.38061988655267,
2041,143.96,-4.82452,-0.364741,0.711654,1372.49,1382.49,0.0,-1.0,0.0,0.0,5,108.81396657585954,-0.5247151649160001,-0.0,-119.6340434925983,-1.0,0.0,0.0,77.38074053779397,
2042,143.833,-4.98882,-0.376811,0.755609,1373.24,1383.24,0.0,-1.0,0.0,0.0,5,107.279891002678,-0.567621707366,-0.0,-121.72259701859778,-1.0,0.0,0.0,75.28162004066255,
2043,143.69,-5.17157,-0.389297,0.800866,1373.99,1383.99,0.0,-1.0,0.0,0.0,5,105.67063882213665,-0.615729327656,-0.0,-123.98601461632698,-1.0,0.0,0.0,73.0584058403989,
2044,143.52,-5.3926,-0.402511,0.847557,1374.74,1384.74,0.0,-1.0,0.0,0.0,5,103.9393818206371,-0.6694913714490001,-0.0,-126.50524405111847,-1.0,0.0,0.0,70.64357943640849,
2045,143.352,-5.69627,-0.416388,0.895613,1375.49,1385.48,0.0,-1.0,0.0,0.0,5,102.11334958735307,-0.729326619649,-0.0,-129.45902623625886,-1.0,0.0,0.0,68.01926640863935,
2046,143.192,-6.03716,-0.430589,0.945081,1376.22,1386.22,0.0,-1.0,0.0,0.0,5,100.23683421527228,-0.7957210893209999,-0.0,-133.24719954951334,-1.0,0.0,0.0,65.12931323857293,
2047,143.111,-6.35231,-0.443982,0.995918,1376.96,1386.96,0.0,-1.0,0.0,0.0,5,98.50029652232605,-0.8693851672139998,-0.0,-140.4322005674183,-1.0,0.0,0.0,61.52286121325747,
2048,143.032,-6.31428,-0.455117,1.04813,1377.69,1387.69,0.0,-1.0,1.0,0.0,5,97.03661351056655,-0.9504011477000001,-0.0,-143.032,-1.0,0.0,0.0,59.328212362866545,
2049,142.83,-6.06157,-0.465834,1.1017,1378.42,1388.42,0.0,-1.0,0.0,0.0,5,95.53373426757057,-1.038481945,-0.0,-142.83,-1.0,0.0,0.0,57.78775232257056,
2050,121.021,-48.0099,-0.477102,1.14305,1379.14,1389.14,30.0,-1.0,1.0,0.0,5,79.71968746493226,-0.9865685727499998,-0.0,-121.021,-1.0,-50.0,0.0,-2.522131107817742,collision
