step,speedX,speedY,angle,trackPos,distFromStart,distRaced,damage,steer,accel,brake,gear,r_speed,r_safety,r_smooth,r_anticipation,r_time,r_terminal,reward_total,terminal_reason
0,-0.00913045,-0.00302988,0.00822276,0.333439,3598.45,0.0,0.0,-1.0,1.0,0.0,1,-0.009092603003111566,0.0,-0.0,-0.0,-1.0,0.0,-1.0090926030031115,
1,-0.00913045,-0.00302988,0.00822276,0.333439,3598.45,0.0,0.0,-1.0,1.0,0.0,1,-0.009092603003111566,0.0,-0.0,-0.0,-1.0,0.0,-1.0090926030031115,
2,-0.00913045,-0.00302988,0.00822276,0.333439,3598.45,0.0,0.0,-1.0,1.0,0.0,1,-0.009092603003111566,0.0,-0.0,-0.0,-1.0,0.0,-1.0090926030031115,
3,-0.00913045,-0.00302988,0.00822276,0.333439,3598.45,0.0,0.0,-0.1434554159641266,1.0,0.0,1,-0.009092603003111566,0.0,-0.8565445840358734,-0.0,-1.0,0.0,-1.2660559782138736,
4,-0.00913045,-0.00302988,0.00822276,0.333439,3598.45,0.0,0.0,0.1861618161201477,1.0,0.0,1,-0.009092603003111566,0.0,-0.3296172320842743,-0.0,-1.0,0.0,-1.107977772628394,
5,-0.00913045,-0.00302988,0.00822276,0.333439,3598.45,0.0,0.0,-0.599857747554779,0.5101581811904907,0.0,1,-0.009092603003111566,0.0,-0.7860195636749268,-0.0,-1.0,0.0,-1.2448984721055896,
6,-0.00913045,-0.00302988,0.00822276,0.333439,3598.45,0.0,0.0,-1.0,1.0,0.0,1,-0.009092603003111566,0.0,-0.40014225244522095,-0.0,-1.0,0.0,-1.129135278736678,
7,-0.00913045,-0.00302988,0.00822276,0.333439,3598.45,0.0,0.0,-1.0,1.0,0.0,1,-0.009092603003111566,0.0,-0.0,-0.0,-1.0,0.0,-1.0090926030031115,
8,-0.00913045,-0.00302988,0.00822276,0.333439,3598.45,0.0,0.0,-0.43786749243736267,1.0,0.09958380460739136,1,-0.009092603003111566,0.0,-0.5621325075626373,-0.0,-1.0,0.0,-1.1777323552719028,
9,-0.00913045,-0.00302988,0.00822276,0.333439,3598.45,0.0,0.0,0.24658244848251343,1.0,0.0,1,-0.009092603003111566,0.0,-0.6844499409198761,-0.0,-1.0,0.0,-1.2144275852790745,
10,-0.00913045,-0.00302988,0.00822276,0.333439,3598.45,0.0,0.0,0.272931843996048,1.0,0.0,1,-0.009092603003111566,0.0,-0.026349395513534546,-0.0,-1.0,0.0,-1.016997421657172,
11,-0.00913045,-0.00302988,0.00822276,0.333439,3598.45,0.0,0.0,-0.3572455644607544,0.6838774681091309,0.0,1,-0.009092603003111566,0.0,-0.6301774084568024,-0.0,-1.0,0.0,-1.1981458255401523,
12,-0.00913045,-0.00302988,0.00822276,0.333439,3598.45,0.0,0.0,-1.0,1.0,0.7899035215377808,1,-0.009092603003111566,0.0,-0.6427544355392456,-0.0,-1.0,0.0,-1.2019189336648852,
13,-0.00913045,-0.00302988,0.00822276,0.333439,3598.45,0.0,0.0,-1.0,1.0,0.0,1,-0.009092603003111566,0.0,-0.0,-0.0,-1.0,0.0,-1.0090926030031115,
14,-0.00913045,-0.00302988,0.00822276,0.333439,3598.45,0.0,0.0,-1.0,1.0,0.0,1,-0.009092603003111566,0.0,-0.0,-0.0,-1.0,0.0,-1.0090926030031115,
15,-0.00913045,-0.00302988,0.00822276,0.333439,3598.45,0.0,0.0,0.27395713329315186,1.0,1.0,1,-0.009092603003111566,0.0,-1.2739571332931519,-0.0,-1.0,0.0,-1.391279742991057,
16,-0.00913045,-0.00302988,0.00822276,0.333439,3598.45,0.0,0.0,-0.5812382698059082,1.0,0.741635799407959,1,-0.009092603003111566,0.0,-0.8551954030990601,-0.0,-1.0,0.0,-1.2656512239328295,
17,-0.00913045,-0.00302988,0.00822276,0.333439,3598.45,0.0,0.0,-0.16897395253181458,0.2708442211151123,0.045428141951560974,1,-0.009092603003111566,0.0,-0.41226431727409363,-0.0,-1.0,0.0,-1.1327718981853396,
18,-0.00913045,-0.00302988,0.00822276,0.333439,3598.45,0.0,0.0,-0.7993288636207581,1.0,0.4060966372489929,1,-0.009092603003111566,0.0,-0.6303549110889435,-0.0,-1.0,0.0,-1.1981990763297947,
19,-0.00913045,-0.00302988,0.00822276,0.333439,3598.45,0.0,0.0,0.8684746623039246,1.0,0.0,1,-0.009092603003111566,0.0,-1.6678035259246826,-0.0,-1.0,0.0,-1.5094336607805163,
20,-0.00913045,-0.00302988,0.00822276,0.333439,3598.45,0.0,0.0,-0.9488319754600525,1.0,0.0,1,-0.009092603003111566,0.0,-1.817306637763977,-0.0,-1.0,0.0,-1.5542845943323047,
21,-0.00913045,-0.00302988,0.00822276,0.333439,3598.45,0.0,0.0,-1.0,1.0,1.0,1,-0.009092603003111566,0.0,-0.05116802453994751,-0.0,-1.0,0.0,-1.0244430103650959,
22,-0.00913045,-0.00302988,0.00822276,0.333439,3598.45,0.0,0.0,1.0,0.09197771549224854,0.4952212870121002,1,-0.009092603003111566,0.0,-2.0,-0.0,-1.0,0.0,-1.6090926030031114,
23,-0.00913045,-0.00302988,0.00822276,0.333439,3598.45,0.0,0.0,0.629315972328186,1.0,0.19793927669525146,1,-0.009092603003111566,0.0,-0.37068402767181396,-0.0,-1.0,0.0,-1.1202978113046558,
24,-0.00913045,-0.00302988,0.00822276,0.333439,3598.45,0.0,0.0,0.9467142820358276,1.0,0.49684011936187744,1,-0.009092603003111566,0.0,-0.3173983097076416,-0.0,-1.0,0.0,-1.104312095915404,
25,-0.00913045,-0.00302988,0.00822276,0.333439,3598.45,0.0,0.0,-0.1746119260787964,1.0,1.0,1,-0.009092603003111566,0.0,-1.121326208114624,-0.0,-1.0,0.0,-1.3454904654374986,
26,-0.00913045,-0.00302988,0.00822276,0.333439,3598.45,0.0,0.0,-0.8399899005889893,1.0,0.13767629861831665,1,-0.009092603003111566,0.0,-0.6653779745101929,-0.0,-1.0,0.0,-1.2087059953561694,
27,-0.00913045,-0.00302988,0.00822276,0.333439,3598.45,0.0,0.0,0.4487651586532593,1.0,0.27516525983810425,1,-0.009092603003111566,0.0,-1.2887550592422485,-0.0,-1.0,0.0,-1.395719120775786,
28,-0.00913045,-0.00302988,0.00822276,0.333439,3598.45,0.0,0.0,1.0,0.0,1.0,1,-0.009092603003111566,0.0,-0.5512348413467407,-0.0,-1.0,0.0,-1.1744630554071338,
29,-0.00913045,-0.00302988,0.00822276,0.333439,3598.45,0.0,0.0,-1.0,1.0,0.4958955943584442,1,-0.009092603003111566,0.0,-2.0,-0.0,-1.0,0.0,-1.6090926030031114,
30,-0.00913045,-0.00302988,0.00822276,0.333439,3598.45,0.0,0.0,0.6168235540390015,1.0,1.0,1,-0.009092603003111566,0.0,-1.6168235540390015,-0.0,-1.0,0.0,-1.494139669214812,
31,-0.00913045,-0.00302988,0.00822276,0.333439,3598.45,0.0,0.0,0.3203257620334625,1.0,0.8829532861709595,1,-0.009092603003111566,0.0,-0.29649779200553894,-0.0,-1.0,0.0,-1.0980419406047732,
32,-0.00913045,-0.00302988,0.00822276,0.333439,3598.45,0.0,0.0,0.03844805061817169,1.0,1.0,1,-0.009092603003111566,0.0,-0.28187771141529083,-0.0,-1.0,0.0,-1.0936559164276989,
33,-0.00913045,-0.00302988,0.00822276,0.333439,3598.45,0.0,0.0,0.07332189381122589,1.0,0.31829941272735596,1,-0.009092603003111566,0.0,-0.0348738431930542,-0.0,-1.0,0.0,-1.0195547559610278,
34,-0.00913045,-0.00302988,0.00822276,0.333439,3598.45,0.0,0.0,0.01788949966430664,0.9988831281661987,0.11775031685829163,1,-0.009092603003111566,0.0,-0.05543239414691925,-0.0,-1.0,0.0,-1.0257223212471873,
35,-0.00913045,-0.00302988,0.00822276,0.333439,3598.45,0.0,0.0,-0.8326698541641235,0.8528158664703369,1.0,1,-0.009092603003111566,0.0,-0.8505593538284302,-0.0,-1.0,0.0,-1.2642604091516405,
36,-0.00913045,-0.00302988,0.00822276,0.333439,3598.45,0.0,0.0,-0.3689223825931549,1.0,0.0,1,-0.009092603003111566,0.0,-0.46374747157096863,-0.0,-1.0,0.0,-1.148216844474402,
37,-0.00913045,-0.00302988,0.00822276,0.333439,3598.45,0.0,0.0,0.25825920701026917,1.0,0.0,1,-0.009092603003111566,0.0,-0.6271815896034241,-0.0,-1.0,0.0,-1.1972470798841388,
38,-0.00913045,-0.00302988,0.00822276,0.333439,3598.45,0.0,0.0,0.3990415334701538,0.0,0.39001452922821045,1,-0.009092603003111566,0.0,-0.14078232645988464,-0.0,-1.0,0.0,-1.051327300941077,
39,-0.00913045,-0.00302988,0.00822276,0.333439,3598.45,0.0,0.0,0.5950631499290466,1.0,0.5148948431015015,1,-0.009092603003111566,0.0,-0.19602161645889282,-0.0,-1.0,0.0,-1.0678990879407795,
40,-0.00913045,-0.00302988,0.00822276,0.333439,3598.45,0.0,0.0,0.08192874491214752,1.0,0.6873135566711426,1,-0.009092603003111566,0.0,-0.5131344050168991,-0.0,-1.0,0.0,-1.1630329245081814,
41,-0.00913045,-0.00302988,0.00822276,0.333439,3598.45,0.0,0.0,-1.0,1.0,0.08249863982200623,1,-0.009092603003111566,0.0,-1.0819287449121475,-0.0,-1.0,0.0,-1.3336712264767558,
42,-0.00913045,-0.00302988,0.00822276,0.333439,3598.45,0.0,0.0,-0.5489615201950073,1.0,0.18779894709587097,1,-0.009092603003111566,0.0,-0.4510384798049927,-0.0,-1.0,0.0,-1.1444041469446093,
43,-0.00913045,-0.00302988,0.00822276,0.333439,3598.45,0.0,0.0,1.0,1.0,0.20493456721305847,1,-0.009092603003111566,0.0,-1.5489615201950073,-0.0,-1.0,0.0,-1.4737810590616136,
44,-0.00913045,-0.00302988,0.00822276,0.333439,3598.45,0.0,0.0,0.14339579641819,1.0,1.0,1,-0.009092603003111566,0.0,-0.85660420358181,-0.0,-1.0,0.0,-1.2660738640776545,
45,-0.00913045,-0.00302988,0.00822276,0.333439,3598.45,0.0,0.0,-0.870678186416626,1.0,1.0,1,-0.009092603003111566,0.0,-1.014073982834816,-0.0,-1.0,0.0,-1.3133147978535562,
46,-0.00913045,-0.00302988,0.00822276,0.333439,3598.45,0.0,0.0,1.0,1.0,0.6771464347839355,1,-0.009092603003111566,0.0,-1.870678186416626,-0.0,-1.0,0.0,-1.5702960589280992,
47,-0.00913045,-0.00302988,0.00822276,0.333439,3598.45,0.0,0.0,0.7027356624603271,0.0,0.0,1,-0.009092603003111566,0.0,-0.29726433753967285,-0.0,-1.0,0.0,-1.0982719042650135,
48,-0.0224357,-0.0229697,0.00861805,0.333451,3598.45,0.0,0.0,1.0,1.0,0.25197917222976685,1,-0.022338192051125458,0.0,-0.29726433753967285,-0.0,-1.0,0.0,-1.1115174933130274,
49,0.0166693,-0.00421537,0.00845879,0.333447,3598.45,0.000244141,0.0,-0.7281230688095093,1.0,1.0,1,0.016598203436606437,0.0,-1.7281230688095093,-0.0,-1.0,0.0,-1.5018387172062462,
50,0.0134572,-0.0024043,0.00883311,0.333448,3598.45,0.000244141,0.0,-0.014892101287841797,1.0,0.0,1,0.013397241321190743,0.0,-0.7132309675216675,-0.0,-1.0,0.0,-1.2005720489353096,
51,0.00456026,-0.0134262,0.00844496,0.333452,3598.45,0.000244141,0.0,-0.7879750728607178,1.0,0.5839375257492065,1,0.004540842010369388,0.0,-0.773082971572876,-0.0,-1.0,0.0,-1.2273840494614934,
52,0.688081,0.00490516,0.00871962,0.333455,3598.45,0.00195313,0.0,-0.7324308156967163,1.0,0.0,1,0.6850549777464521,0.0,-0.055544257164001465,-0.0,-1.0,0.0,-0.3316082994027484,
53,1.17281,-0.0153617,0.00884312,0.333426,3598.45,0.00756836,0.0,0.13529860973358154,0.5453758239746094,0.0,1,1.1675785607786293,0.0,-0.8677294254302979,-0.0,-1.0,0.0,-0.09274026685046,
54,1.85177,-0.0596202,0.00907439,0.333389,3598.46,0.015625,0.0,-0.28337275981903076,1.0,0.0,1,1.8432920326579347,0.0,-0.4186713695526123,-0.0,-1.0,0.0,0.717690621792151,
55,2.7024,-0.00731437,0.00922078,0.333338,3598.48,0.0285645,0.0,0.056670546531677246,1.0,0.0,1,2.689826176643218,0.0,-0.340043306350708,-0.0,-1.0,0.0,1.5878131847380055,
56,3.23134,-0.101712,0.00944727,0.333273,3598.49,0.0456543,0.0,-1.0,0.6012678146362305,0.0,1,3.2159323573815084,0.0,-1.0566705465316772,-0.0,-1.0,0.0,1.8989311934220052,
57,3.33758,-0.281192,0.0104243,0.333055,3598.51,0.0639648,0.0,-0.6349264979362488,0.0,0.0,1,3.32000300831685,0.0,-0.3650735020637512,-0.0,-1.0,0.0,2.2104809576977247,
58,3.96569,-0.259387,0.0114109,0.332757,3598.53,0.0839844,0.0,-0.3692629933357239,1.0,0.0,1,3.942806264257123,0.0,-0.2656635046005249,-0.0,-1.0,0.0,2.8631072128769652,
59,4.69991,-0.132535,0.011831,0.33253,3598.56,0.108154,0.0,0.35036560893058777,1.0,0.023546338081359863,1,4.671779405601213,0.0,-0.7196286022663116,-0.0,-1.0,0.0,3.45589082492132,
60,5.39184,0.195486,0.0112755,0.332509,3598.59,0.139404,0.0,0.3062474727630615,0.8555029630661011,0.0,1,5.361100050869777,0.0,-0.044118136167526245,-0.0,-1.0,0.0,4.34786461001952,
61,6.16667,0.0822221,0.0107977,0.332606,3598.62,0.171875,0.0,-1.0,1.0,0.0,1,6.133018237067664,0.0,-1.3062474727630615,-0.0,-1.0,0.0,4.741143995238746,
62,6.95871,-0.220221,0.0118343,0.332474,3598.66,0.20874,0.0,-1.0,1.0,0.0,1,6.917047949966581,0.0,-0.0,-0.0,-1.0,0.0,5.917047949966581,
63,7.70058,-0.597748,0.0145604,0.331988,3598.7,0.249512,0.0,-1.0,1.0,0.0,1,7.643703951095276,0.0,-0.0,-0.0,-1.0,0.0,6.643703951095276,
64,7.84834,-0.593547,0.0175044,0.331266,3598.74,0.292969,0.0,0.31026047468185425,0.0,0.0,1,7.778450915666177,0.0,-1.3102604746818542,-0.0,-1.0,0.0,6.38537277326162,
65,8.54035,-0.265741,0.0186021,0.330752,3598.79,0.338379,0.0,1.0,1.0,0.0,1,8.459442758026475,0.0,-0.6897395253181458,-0.0,-1.0,0.0,7.252520900431032,
66,9.29648,-0.395526,0.0195491,0.33032,3598.84,0.387939,0.0,-0.9319002628326416,1.0,0.0,1,9.203840530351963,0.0,-1.9319002628326416,-0.0,-1.0,0.0,7.62427045150217,
67,9.43502,-0.820607,0.0224907,0.329567,3598.89,0.440186,0.0,-1.0,0.31451714038848877,0.0,1,9.326542677432037,0.0,-0.0680997371673584,-0.0,-1.0,0.0,8.30611275628183,
68,9.8936,-0.741838,0.0257961,0.328566,3598.94,0.493896,0.0,-0.2346915453672409,0.5700652599334717,0.0,1,9.762714394620625,0.0,-0.7653084546327591,-0.0,-1.0,0.0,8.533121858230798,
69,10.634,-0.367034,0.0270778,0.327814,3599.0,0.551025,0.0,0.2696022093296051,1.0,0.0,1,10.4861467056177,0.0,-0.504293754696846,-0.0,-1.0,0.0,9.334858579208646,
70,11.4019,0.0631579,0.0258376,0.32742,3599.06,0.612549,0.0,0.2175949662923813,1.0,0.0,1,11.250811885282983,0.0,-0.052007243037223816,-0.0,-1.0,0.0,10.235209712371816,
71,12.1764,-0.0385437,0.0249655,0.327195,3599.13,0.678223,0.0,-1.0,1.0,0.0,1,12.020626398533897,0.0,-1.2175949662923813,-0.0,-1.0,0.0,10.655347908646183,
72,13.0393,0.155198,0.024656,0.326883,3599.2,0.755371,0.0,0.19639793038368225,1.0,0.0,1,12.874604582100089,0.0,-1.1963979303836823,-0.0,-1.0,0.0,11.515685202984985,
73,13.7887,0.575377,0.021681,0.32693,3599.28,0.830322,0.0,0.8166142702102661,1.0,0.0,1,13.635994637065572,0.0,-0.6202163398265839,-0.0,-1.0,0.0,12.449929735117596,
74,14.5175,0.64532,0.017996,0.327307,3599.36,0.90918,0.0,-1.0,1.0,0.0,1,14.384527859274497,0.0,-1.8166142702102661,-0.0,-1.0,0.0,12.839543578211417,
75,15.2601,0.810645,0.014836,0.327708,3599.44,0.992188,0.0,1.0,1.0,0.0,1,15.145225334998923,0.0,-2.0,-0.0,-1.0,0.0,13.545225334998923,
76,15.4304,1.34887,0.0091626,0.328534,3599.53,1.07788,0.0,1.0,0.27656805515289307,0.0,1,15.35906198610679,0.0,-0.0,-0.0,-1.0,0.0,14.35906198610679,
77,15.3843,1.49877,0.00220459,0.329862,3599.61,1.16333,0.0,-0.8981274366378784,0.0,0.0,1,15.36730459126454,0.0,-1.8981274366378784,-0.0,-1.0,0.0,13.797866360273177,
78,16.0387,1.01634,-0.0019148,0.33101,3599.7,1.25049,0.0,-1.0,1.0,0.0,1,16.023315155394034,0.0,-0.10187256336212158,-0.0,-1.0,0.0,14.992753386385397,
79,16.8036,0.473685,-0.00221664,0.331716,3599.79,1.34204,0.0,-1.0,1.0,0.0,1,16.78493496713163,0.0,-0.0,-0.0,-1.0,0.0,15.78493496713163,
80,17.4289,-0.225488,0.000793632,0.331839,3599.88,1.4375,0.0,-1.0,0.6927930116653442,0.0,1,17.421978445532307,0.0,-0.0,-0.0,-1.0,0.0,16.421978445532307,
81,18.0902,-0.519403,0.00477856,0.331352,3599.98,1.53613,0.0,-0.23284953832626343,0.9945928454399109,0.0,1,18.04677107026891,0.0,-0.7671504616737366,-0.0,-1.0,0.0,16.81662593176679,
82,18.2971,-0.943001,0.0088827,0.330589,3600.08,1.6377,0.0,-1.0,0.0,0.0,1,18.215115406129197,0.0,-0.7671504616737366,-0.0,-1.0,0.0,16.984970267627077,
83,18.7238,-1.43974,0.0157778,0.32925,3600.19,1.74023,0.0,-0.9725626111030579,1.0,0.0,1,18.573765449150702,0.0,-0.02743738889694214,-0.0,-1.0,0.0,17.56553423248162,
84,19.4132,-1.58793,0.0253779,0.327427,3600.29,1.84595,0.0,0.8467416763305664,1.0,0.0,1,19.160642234430235,0.0,-1.8193042874336243,-0.0,-1.0,0.0,17.614850948200147,
85,20.2415,-1.2039,0.0321185,0.325605,3600.4,1.9563,0.0,0.13184010982513428,1.0,0.0,1,19.90605292897475,0.0,-0.7149015665054321,-0.0,-1.0,0.0,18.69158245902312,
86,20.5004,-0.646183,0.0349542,0.324138,3600.52,2.06958,0.0,-0.09769323468208313,1.0,0.0,2,20.12966303445699,0.0,-0.2295333445072174,-0.0,-1.0,0.0,19.060803031104825,
87,20.4395,-0.8101,0.0379006,0.322847,3600.63,2.18311,0.0,-0.4419461786746979,0.0,0.0,2,20.037579609298586,0.0,-0.34425294399261475,-0.0,-1.0,0.0,18.9343037261008,
88,20.4495,-0.742312,0.0419137,0.321289,3600.74,2.29639,0.0,1.0,0.7092899084091187,0.0,2,20.003108579029398,0.0,-1.4419461786746979,-0.0,-1.0,0.0,18.57052472542699,
89,20.9473,-0.138388,0.0421659,0.320094,3600.86,2.41113,0.0,0.18854795396327972,1.0,0.0,2,20.487180972510288,0.0,-0.8114520460367203,-0.0,-1.0,0.0,19.24374535869927,
90,21.289,0.283776,0.0401985,0.319394,3600.98,2.52856,0.0,0.14695826172828674,0.5930428504943848,0.0,2,20.84402395955879,0.0,-0.04158969223499298,-0.0,-1.0,0.0,19.831547051888293,
91,21.803,0.729963,0.0368659,0.319088,3601.1,2.64844,0.0,0.662001371383667,1.0,0.0,2,21.386382928579167,0.0,-0.5150431096553802,-0.0,-1.0,0.0,20.23186999568255,
92,22.2492,1.31405,0.0303399,0.31936,3601.22,2.771,0.0,0.9002476930618286,1.0,0.0,2,21.901493012852097,0.0,-0.23824632167816162,-0.0,-1.0,0.0,20.830019116348648,
93,22.7786,1.62244,0.0217759,0.320236,3601.34,2.89624,0.0,-1.0,1.0,0.0,2,22.525206865763135,0.0,-1.9002476930618286,-0.0,-1.0,0.0,20.955132557844586,
94,23.4292,1.22082,0.0156524,0.321166,3601.47,3.02515,0.0,-0.6411586999893188,1.0,0.0,2,23.24297589147033,0.0,-0.35884130001068115,-0.0,-1.0,0.0,22.135323501467127,
95,24.0654,0.570527,0.0137259,0.321652,3601.6,3.15723,0.0,-0.487474262714386,1.0,0.0,2,23.8979786199735,0.0,-0.15368443727493286,-0.0,-1.0,0.0,22.85187328879102,
96,24.3948,0.246358,0.0137827,0.321624,3601.74,3.29224,0.0,0.31670981645584106,0.4138137102127075,0.0,2,24.224375201696585,0.0,-0.804184079170227,-0.0,-1.0,0.0,22.983119977945517,
97,25.0196,-0.0335356,0.0135853,0.321451,3601.89,3.44312,0.0,-0.9417657852172852,1.0,0.0,2,24.847347063782117,0.0,-1.2584756016731262,-0.0,-1.0,0.0,23.469804383280177,
98,25.6043,-0.594928,0.017029,0.32079,3602.03,3.58398,0.0,-0.9894627332687378,1.0,0.0,2,25.38259035873958,0.0,-0.04769694805145264,-0.0,-1.0,0.0,24.368281274324143,
99,26.1135,-0.935126,0.0227687,0.319537,3602.17,3.72754,0.0,0.6703647971153259,1.0,0.0,2,25.809471956072645,0.0,-1.6598275303840637,-0.0,-1.0,0.0,24.311523696957426,
100,26.7254,-1.00962,0.027754,0.318025,3602.32,3.87427,0.0,-0.2955620288848877,1.0,0.0,2,26.344286814525326,0.0,-0.9659268260002136,-0.0,-1.0,0.0,25.054508766725263,
101,27.3209,-0.708887,0.0313718,0.316471,3602.47,4.02441,0.0,-0.08755248785018921,1.0,0.0,2,26.878974014055128,0.0,-0.2080095410346985,-0.0,-1.0,0.0,25.816571151744718,
102,27.9262,-0.179383,0.0317418,0.31525,3602.63,4.17798,0.0,1.0,1.0,0.0,2,27.468993268091783,0.0,-1.0875524878501892,-0.0,-1.0,0.0,26.142727521736727,
103,28.4798,0.010577,0.0301434,0.314453,3602.78,4.33472,0.0,-0.3322961926460266,1.0,0.0,2,28.03768825498814,0.0,-1.3322961926460266,-0.0,-1.0,0.0,26.63799939719433,
104,29.0808,0.210289,0.0294587,0.313702,3602.94,4.49463,0.0,0.4116297662258148,1.0,0.0,2,28.639903204530082,0.0,-0.7439259588718414,-0.0,-1.0,0.0,27.41672541686853,
105,29.7236,0.23445,0.0272743,0.3132,3603.11,4.65796,0.0,0.0113203264772892,1.0,0.0,2,29.307250240547983,0.0,-0.4003094397485256,-0.0,-1.0,0.0,28.187157408623424,
106,30.2938,0.289076,0.0259625,0.312694,3603.27,4.82495,0.0,0.08372307568788528,1.0,0.0,2,29.890383570105325,0.0,-0.07240274921059608,-0.0,-1.0,0.0,28.868662745342146,
107,30.8925,-0.0543424,0.0259349,0.3121,3603.44,4.99512,0.0,-0.8130344748497009,1.0,0.0,2,30.48155909806959,0.0,-0.8967575505375862,-0.0,-1.0,0.0,29.21253183290831,
108,31.4465,-0.139709,0.0278823,0.31115,3603.62,5.16821,0.0,0.1756599247455597,1.0,0.0,2,30.995933609202737,0.0,-0.9886943995952606,-0.0,-1.0,0.0,29.699325289324157,
109,32.0174,0.347806,0.0261962,0.310448,3603.79,5.34448,0.0,0.9746385812759399,1.0,0.0,2,31.587095659513015,0.0,-0.7989786565303802,-0.0,-1.0,0.0,30.3474020625539,
110,32.4796,0.909591,0.0208093,0.310337,3603.97,5.52393,0.0,0.7938554286956787,1.0,0.0,2,32.134653501202095,0.0,-0.18078315258026123,-0.0,-1.0,0.0,31.080418555428018,
111,32.9195,1.40568,0.0123832,0.310918,3604.15,5.70581,0.0,0.9231705665588379,1.0,0.0,2,32.713156867193156,0.0,-0.12931513786315918,-0.0,-1.0,0.0,31.67436232583421,
112,33.324,1.79065,0.00117701,0.312198,3604.34,5.89014,0.0,-0.5632420778274536,1.0,0.0,2,33.30436558116674,0.0,-1.4864126443862915,-0.0,-1.0,0.0,31.858441787850857,
113,33.4843,1.67169,-0.00925619,0.313975,3604.52,6.07593,0.0,-1.0,0.0,0.0,2,33.32789928361959,0.0,-0.4367579221725464,-0.0,-1.0,0.0,32.19687190696782,
114,34.0539,1.01468,-0.0144723,0.31558,3604.71,6.26318,0.0,-0.44787514209747314,1.0,0.0,2,33.803923284093564,0.0,-0.5521248579025269,-0.0,-1.0,0.0,32.63828582672281,
115,34.5538,0.274671,-0.0146053,0.316622,3604.9,6.4541,0.0,-1.0,0.8446968793869019,0.0,2,34.29778931069091,0.0,-0.5521248579025269,-0.0,-1.0,0.0,33.13215185332015,
116,35.0525,-0.235586,-0.0113338,0.316994,3605.09,6.64746,0.0,0.04673534631729126,1.0,0.0,2,34.85161392968162,0.0,-1.0467353463172913,-0.0,-1.0,0.0,33.53759332578643,
117,35.4841,0.0638231,-0.0100244,0.317228,3605.29,6.84375,0.0,0.6074979901313782,0.7005834579467773,0.0,2,35.30446671391804,0.0,-0.5607626438140869,-0.0,-1.0,0.0,34.136237920773816,
118,36.0239,0.106509,-0.0115607,0.317749,3605.49,7.04224,0.0,-1.0,1.0,0.0,2,35.8132666215118,0.0,-1.6074979901313782,-0.0,-1.0,0.0,34.33101722447239,
119,36.5867,-0.1921,-0.0104001,0.318058,3605.69,7.24414,0.0,-0.1043083667755127,1.0,0.0,2,36.39447213138199,0.0,-0.8956916332244873,-0.0,-1.0,0.0,35.12576464141464,
120,37.1825,0.072328,-0.00989992,0.318302,3605.9,7.44922,0.0,0.35203760862350464,1.0,0.0,2,36.99662903464189,0.0,-0.45634597539901733,-0.0,-1.0,0.0,35.859725242022186,
121,37.7395,0.114443,-0.0116757,0.318842,3606.1,7.65747,0.0,-0.3885076642036438,1.0,0.0,2,37.51661513329741,0.0,-0.7405452728271484,-0.0,-1.0,0.0,36.294451551449264,
122,37.8082,-0.146867,-0.0108793,0.319203,3606.31,7.86743,0.0,-0.07755511999130249,0.0,0.0,2,37.60030323038199,0.0,-0.3109525442123413,-0.0,-1.0,0.0,36.50701746711829,
123,38.2384,-0.562142,-0.00772173,0.319218,3606.53,8.07861,0.0,-0.38340044021606445,1.0,0.0,2,38.089628188069376,0.0,-0.30584532022476196,-0.0,-1.0,0.0,36.99787459200195,
124,38.7895,-0.631458,-0.00234062,0.318774,3606.74,8.29272,0.0,0.4024142324924469,1.0,0.0,2,38.74399804757724,0.0,-0.7858146727085114,-0.0,-1.0,0.0,37.50825364576469,
125,39.4118,-0.458581,0.000393089,0.318332,3606.96,8.51001,0.0,-0.0688418298959732,1.0,0.0,2,39.40405078273922,0.0,-0.4712560623884201,-0.0,-1.0,0.0,38.262673964022696,
126,39.9849,-0.086893,0.00104397,0.318033,3607.18,8.73071,0.0,0.42601439356803894,1.0,0.0,2,39.964006696528024,0.0,-0.49485622346401215,-0.0,-1.0,0.0,38.81554982948882,
127,40.5587,0.0654224,-0.000799004,0.318093,3607.4,8.95459,0.0,-1.0,1.0,0.0,2,40.542483773470394,0.0,-1.426014393568039,-0.0,-1.0,0.0,39.11467945539998,
128,40.7281,0.279563,-0.00211221,0.318245,3607.63,9.18091,0.0,0.9698821902275085,1.0,0.0,3,40.68499602916097,0.0,-1.9698821902275085,-0.0,-1.0,0.0,39.094031372092715,
129,40.6933,0.309614,-0.0050481,0.31874,3607.85,9.40698,0.0,-0.4545842111110687,1.0,0.0,3,40.5900700134127,0.0,-1.4244664013385773,-0.0,-1.0,0.0,39.16273009301113,
130,40.6461,-0.291076,-0.00381738,0.318921,3608.08,9.63281,0.0,-1.0,0.43517446517944336,0.0,3,40.56822322876156,0.0,-0.5454157888889313,-0.0,-1.0,0.0,39.404598492094884,
131,40.9623,-0.724146,0.00141781,0.318456,3608.31,9.85938,0.0,-0.24350720643997192,1.0,0.0,3,40.93322045954962,0.0,-0.7564927935600281,-0.0,-1.0,0.0,39.70627262148161,
132,41.5004,-0.430675,0.00627612,0.317027,0.0786767,10.0776,0.0,0.9635298848152161,1.0,0.0,3,41.369352768630456,0.0,-1.207037091255188,-0.0,-1.0,0.0,40.0072416412539,
133,41.9897,0.176965,0.00673457,0.316663,0.313644,10.3126,0.0,1.0,1.0,0.0,3,41.84735757589947,0.0,-0.036470115184783936,-0.0,-1.0,0.0,40.836416541344036,
134,42.4082,0.739568,0.00295299,0.316912,0.551176,10.5501,0.0,0.4987221956253052,1.0,0.0,3,42.34539969294673,0.0,-0.5012778043746948,-0.0,-1.0,0.0,41.19501635163432,
135,42.8061,1.20855,-0.00378487,0.317833,0.790944,10.7899,0.0,0.8708300590515137,1.0,0.0,3,42.724785828074054,0.0,-0.3721078634262085,-0.0,-1.0,0.0,41.61315346904619,
136,43.116,1.573,-0.0127697,0.319453,1.03267,11.0316,0.0,-1.0,1.0,0.0,3,42.837202976388376,0.0,-1.8708300590515137,-0.0,-1.0,0.0,41.27595395867292,
137,43.5916,1.41877,-0.0214865,0.321576,1.27632,11.2753,0.0,-1.0,1.0,0.0,3,43.11325850403761,0.0,-0.0,-0.0,-1.0,0.0,42.11325850403761,
138,43.9252,0.762872,-0.025054,0.323517,1.52265,11.5216,0.0,-1.0,1.0,0.0,3,43.36122131653152,0.0,-0.0,-0.0,-1.0,0.0,42.36122131653152,
139,44.5343,0.160886,-0.0234617,0.324918,1.77164,11.7706,0.0,-0.276435911655426,1.0,0.0,3,43.99966631287772,0.0,-0.723564088344574,-0.0,-1.0,0.0,42.78259708637435,
140,45.023,-0.0210798,-0.0192711,0.325788,2.02361,12.0226,0.0,0.7702896595001221,1.0,0.0,3,44.58084552737794,0.0,-1.046725571155548,-0.0,-1.0,0.0,43.26682785603128,
141,45.5387,-0.240035,-0.0160556,0.326469,2.27855,12.2775,0.0,-1.0,1.0,0.0,3,45.16727072129415,0.0,-1.770289659500122,-0.0,-1.0,0.0,43.636183823444114,
142,46.0393,-0.280581,-0.0112629,0.326729,2.53631,12.5353,0.0,0.5178717374801636,1.0,0.0,3,45.77711738659556,0.0,-1.5178717374801636,-0.0,-1.0,0.0,44.32175586535151,
143,46.5293,0.227162,-0.0104703,0.327166,2.79696,12.7959,0.0,0.44728219509124756,1.0,0.0,3,46.28316617100036,0.0,-0.07058954238891602,-0.0,-1.0,0.0,45.26198930828369,
144,46.9854,0.510949,-0.0131039,0.328077,3.06015,13.0591,0.0,-1.0,1.0,0.0,3,46.67352889318113,0.0,-1.4472821950912476,-0.0,-1.0,0.0,45.23934423465376,
145,47.5002,0.049951,-0.0128202,0.328924,3.32608,13.325,0.0,-1.0,1.0,0.0,3,47.191823854273665,0.0,-0.0,-0.0,-1.0,0.0,46.191823854273665,
146,47.9387,-0.496988,-0.00759361,0.329163,3.59483,13.5938,0.0,-1.0,1.0,0.0,3,47.755305717485186,0.0,-0.0,-0.0,-1.0,0.0,46.755305717485186,
147,48.371,-0.996426,0.00242857,0.328529,3.89308,13.892,0.0,-0.4472963511943817,1.0,0.0,3,48.312121233148275,0.0,-0.5527036488056183,-0.0,-1.0,0.0,47.14631013850659,
148,48.7939,-1.43108,0.016292,0.326846,4.19388,14.1928,0.0,-1.0,1.0,0.0,3,48.38996695270656,0.0,-0.5527036488056183,-0.0,-1.0,0.0,47.224155858064876,
149,49.1302,-1.70309,0.0332659,0.324018,4.49672,14.4957,0.0,0.4719550609588623,1.0,0.0,3,48.28598882287457,0.0,-1.4719550609588623,-0.0,-1.0,0.0,46.844402304586914,
150,49.6963,-1.22323,0.0482262,0.320429,4.8019,14.8009,0.0,0.8680540323257446,1.0,0.0,3,48.44065280939779,0.0,-0.3960989713668823,-0.0,-1.0,0.0,47.32182311798773,
151,50.3038,-0.457614,0.0549499,0.316963,5.11081,15.1098,0.0,0.7983468174934387,1.0,0.0,3,48.84647420164679,0.0,-0.06970721483230591,-0.0,-1.0,0.0,47.8255620371971,
152,50.7714,0.21677,0.0547082,0.314031,5.42315,15.4221,0.0,0.8244436979293823,0.954964280128479,0.0,3,49.30732659797286,0.0,-0.026096880435943604,-0.0,-1.0,0.0,48.29949753384208,
153,51.1932,0.703837,0.0499519,0.311798,5.73841,15.7374,0.0,-0.5427701473236084,1.0,0.0,3,49.85127769476816,0.0,-1.3672138452529907,-0.0,-1.0,0.0,48.44111354119226,
154,51.7425,0.48269,0.0451829,0.309987,6.05669,16.0556,0.0,-0.9226710200309753,1.0,0.0,3,50.52115255922357,0.0,-0.37990087270736694,-0.0,-1.0,0.0,49.40718229741136,
155,52.2943,-0.0807805,0.0468371,0.307742,6.37839,16.3774,0.0,-0.20322027802467346,1.0,0.0,3,51.01274214708021,0.0,-0.7194507420063019,-0.0,-1.0,0.0,49.79690692447832,
156,52.8352,0.0135638,0.0508832,0.304995,6.70321,16.7022,0.0,0.4080917239189148,1.0,0.0,3,51.423184897343894,0.0,-0.6113120019435883,-0.0,-1.0,0.0,50.23979129676082,
157,53.3581,0.543704,0.0498091,0.302549,7.03148,17.0304,0.0,0.475559264421463,1.0,0.0,3,51.96361432303197,0.0,-0.06746754050254822,-0.0,-1.0,0.0,50.943374060881204,
158,53.7885,1.02256,0.0441805,0.300771,7.36277,17.3617,0.0,1.0,1.0,0.0,3,52.54819830098961,0.0,-0.524440735578537,-0.0,-1.0,0.0,51.39086608031605,
159,54.0946,1.37985,0.0351987,0.299805,7.69649,17.6955,0.0,-0.7095173597335815,1.0,0.0,3,53.109260023665016,0.0,-1.7095173597335815,-0.0,-1.0,0.0,51.59640481574494,
160,54.5647,1.16795,0.0255981,0.299487,8.03245,18.0314,0.0,-0.9148350358009338,1.0,0.0,3,53.848523813156184,0.0,-0.2053176760673523,-0.0,-1.0,0.0,52.786928510335976,
161,55.1603,0.409232,0.0227474,0.298927,8.37193,18.3709,0.0,-1.0,1.0,0.0,3,54.518706826426005,0.0,-0.08516496419906616,-0.0,-1.0,0.0,53.49315733716629,
162,55.695,0.136496,0.0257791,0.297727,8.71469,18.7137,0.0,0.5830144882202148,1.0,0.0,3,54.95869065778003,0.0,-1.5830144882202148,-0.0,-1.0,0.0,53.48378631131397,
163,56.2512,-0.137093,0.0288728,0.296252,9.06084,19.0598,0.0,-0.6396539211273193,1.0,0.0,3,55.41580304325669,0.0,-1.2226684093475342,-0.0,-1.0,0.0,54.049002520452426,
164,56.7943,-0.351894,0.0352995,0.294118,9.41018,19.4091,0.0,-0.1093788743019104,1.0,0.0,3,55.75672223774784,0.0,-0.5302750468254089,-0.0,-1.0,0.0,54.59763972370021,
165,57.3817,-0.151658,0.0402958,0.291664,9.76294,19.7619,0.0,-0.011213704943656921,1.0,0.0,3,56.17931158942324,0.0,-0.09816516935825348,-0.0,-1.0,0.0,55.149862038615765,
166,57.9427,-0.49439,0.045807,0.288862,10.1191,20.1181,0.0,-0.28971052169799805,1.0,0.0,3,56.55529401176909,0.0,-0.2784968167543411,-0.0,-1.0,0.0,55.47174496674279,
167,58.4839,-0.738511,0.055017,0.285245,10.4784,20.4773,0.0,-0.23401975631713867,1.0,0.0,3,56.7874178552405,0.0,-0.055690765380859375,-0.0,-1.0,0.0,55.77071062562624,
168,59.0901,-0.341,0.0632419,0.281092,10.841,20.84,0.0,0.7372519969940186,1.0,0.0,3,57.104732997542165,0.0,-0.9712717533111572,-0.0,-1.0,0.0,55.81335147154882,
169,59.6904,-0.320788,0.0673159,0.276922,11.2074,21.2063,0.0,-0.9052509665489197,1.0,0.0,3,57.54767008988338,0.0,-1.6425029635429382,-0.0,-1.0,0.0,56.0549192008205,
170,60.2881,-0.172872,0.0728159,0.272298,11.577,21.576,0.0,0.561686635017395,1.0,0.0,3,57.93531520352522,0.0,-1.4669376015663147,-0.0,-1.0,0.0,56.49523392305532,
171,60.8616,0.360542,0.0729841,0.267893,11.9504,21.9494,0.0,0.7896414995193481,1.0,0.0,3,58.48058349290193,0.0,-0.22795486450195312,-0.0,-1.0,0.0,57.412197033551344,
172,61.3258,0.660759,0.068539,0.264036,12.3271,22.3261,0.0,-0.7539528608322144,1.0,0.0,3,59.08185503242721,0.0,-1.5435943603515625,-0.0,-1.0,0.0,57.61877672432174,
173,61.9126,0.146902,0.0669283,0.260239,12.707,22.706,0.0,-1.0,1.0,0.0,3,59.70368008132014,0.0,-0.24604713916778564,-0.0,-1.0,0.0,58.629865939569804,
174,62.5225,-0.0546984,0.0705002,0.255862,13.0904,23.0893,0.0,-0.017391204833984375,1.0,0.0,3,60.165088090889135,0.0,-0.9826087951660156,-0.0,-1.0,0.0,58.87030545233933,
175,63.1277,-0.426186,0.0760808,0.250979,13.4771,23.4761,0.0,-0.4742429852485657,1.0,0.0,3,60.54600049099515,0.0,-0.4568517804145813,-0.0,-1.0,0.0,59.408944956870776,
176,63.6339,-0.490126,0.0852523,0.245239,13.8669,23.8658,0.0,0.5187870860099792,1.0,0.0,3,60.69361219452202,0.0,-0.9930300712585449,-0.0,-1.0,0.0,59.395703173144454,
177,63.799,0.115864,0.0893297,0.239372,14.2586,24.2576,0.0,1.0,0.17430365085601807,0.0,3,60.69883330472705,0.0,-0.48121291399002075,-0.0,-1.0,0.0,59.55446943053005,
178,64.1565,0.644175,0.0864363,0.234029,14.6518,24.6508,0.0,1.0,1.0,0.0,3,61.14771115084677,0.0,-0.0,-0.0,-1.0,0.0,60.14771115084677,
179,64.5746,0.933606,0.0779427,0.229429,15.048,25.0469,0.0,-0.15956860780715942,1.0,0.0,3,61.86453978289344,0.0,-1.1595686078071594,-0.0,-1.0,0.0,60.51666920055129,
180,65.0808,0.504567,0.069206,0.22537,15.447,25.4459,0.0,-0.36517611145973206,1.0,0.0,3,62.674817197873374,0.0,-0.20560750365257263,-0.0,-1.0,0.0,61.6131349467776,
181,65.6961,0.495311,0.0648787,0.221288,15.8495,25.8485,0.0,1.0,1.0,0.0,3,63.42823896395872,0.0,-1.365176111459732,-0.0,-1.0,0.0,62.0186861305208,
182,66.2183,0.751822,0.0573678,0.217791,16.2558,26.2548,0.0,0.40243521332740784,1.0,0.0,3,64.21100810737641,0.0,-0.5975647866725922,-0.0,-1.0,0.0,63.03173867137464,
183,66.8019,0.490861,0.0489253,0.214882,16.6653,26.6643,0.0,-1.0,1.0,0.0,3,65.08846495817991,0.0,-1.4024352133274078,-0.0,-1.0,0.0,63.66773439418169,
184,67.4372,-0.191999,0.0473092,0.211736,17.0787,27.0777,0.0,-1.0,1.0,0.0,3,65.76714143378818,0.0,-0.0,-0.0,-1.0,0.0,64.76714143378818,
185,67.9963,-0.648627,0.053517,0.207837,17.4954,27.4943,0.0,-0.7963000535964966,1.0,0.0,3,66.08033958181694,0.0,-0.20369994640350342,-0.0,-1.0,0.0,65.01922959789589,
186,68.3003,-0.965398,0.0649265,0.202934,17.9145,27.9135,0.0,-0.9570410847663879,0.6756840944290161,0.0,3,65.94070004216978,0.0,-0.16074103116989136,-0.0,-1.0,0.0,64.89247773281882,
187,68.6595,-1.1259,0.07966,0.196864,18.3347,28.3336,0.0,0.5053406357765198,1.0,0.0,3,65.70995182222586,0.0,-1.4623817205429077,-0.0,-1.0,0.0,64.27123730606299,
188,69.1281,-0.949513,0.0970905,0.189629,18.7568,28.7557,0.0,0.9244048595428467,1.0,0.0,3,65.45196455738648,0.0,-0.4190642237663269,-0.0,-1.0,0.0,64.32624529025658,
189,69.7336,-0.122565,0.109734,0.181788,19.1816,29.1805,0.0,0.8717131018638611,1.0,0.0,3,65.49577138302189,0.0,-0.052691757678985596,-0.0,-1.0,0.0,64.4799638557182,
190,70.3558,0.514081,0.112908,0.174067,19.6102,29.6091,0.0,0.7544276118278503,1.0,0.0,3,65.94438805554371,0.0,-0.11728549003601074,-0.0,-1.0,0.0,64.9092024085329,
191,70.9002,0.849516,0.108885,0.166771,20.0427,30.0417,0.0,0.48902660608291626,1.0,0.0,3,66.6279593453321,0.0,-0.2654010057449341,-0.0,-1.0,0.0,65.54833904360862,
192,71.3777,0.78098,0.100995,0.160032,20.4785,30.4774,0.0,-0.7685935497283936,1.0,0.0,3,67.41571233873805,0.0,-1.2576201558113098,-0.0,-1.0,0.0,66.03842629199465,
193,72.0563,-0.00246874,0.0978293,0.153175,20.9176,30.9166,0.0,-0.6031360626220703,1.0,0.0,3,68.19277561564193,0.0,-0.16545748710632324,-0.0,-1.0,0.0,67.14313836951004,
194,72.4518,-0.35021,0.101751,0.14562,21.3599,31.3588,0.0,-0.10036805272102356,0.5409711599349976,0.0,3,68.39740264869597,0.0,-0.5027680099010468,-0.0,-1.0,0.0,67.24657224572566,
195,72.9884,-0.282151,0.107273,0.137578,21.804,31.8029,0.0,-0.05004498362541199,1.0,0.0,3,68.66150739028998,0.0,-0.05032306909561157,-0.0,-1.0,0.0,67.6464104695613,
196,73.6428,0.156375,0.110431,0.129367,22.2519,32.2509,0.0,0.17459577322006226,1.0,0.0,3,69.13625450661726,0.0,-0.22464075684547424,-0.0,-1.0,0.0,68.06886227956362,
197,74.2668,0.52378,0.108025,0.12147,22.7039,32.7028,0.0,0.9217172861099243,1.0,0.0,3,69.8303582625453,0.0,-0.7471215128898621,-0.0,-1.0,0.0,68.60622180867834,
198,74.8639,0.59602,0.101061,0.114103,23.1598,33.1587,0.0,-0.07931995391845703,1.0,0.0,3,70.7054463377237,0.0,-1.0010372400283813,-0.0,-1.0,0.0,69.40513516571518,
199,75.4857,-0.046922,0.0969012,0.106834,23.6193,33.6183,0.0,-1.0,1.0,0.0,3,71.47997128528031,0.0,-0.920680046081543,-0.0,-1.0,0.0,70.20376727145585,
200,75.8992,-0.555434,0.101043,0.0989049,24.0816,34.0806,0.0,-0.2751103341579437,0.5219734907150269,0.0,3,71.68405611516235,0.0,-0.7248896658420563,-0.0,-1.0,0.0,70.46658921540973,
201,76.4654,-0.328054,0.108854,0.0902405,24.5459,34.5448,0.0,0.8203833699226379,1.0,0.0,3,71.85925227014995,0.0,-1.0954937040805817,-0.0,-1.0,0.0,70.53060415892578,
202,77.1523,-0.352164,0.114554,0.0812887,25.014,35.013,0.0,-0.27319690585136414,1.0,0.0,3,72.23723951663413,0.0,-1.093580275774002,-0.0,-1.0,0.0,70.90916543390193,
203,77.7645,-0.158979,0.122593,0.071612,25.4852,35.4842,0.0,0.9468466639518738,1.0,0.0,3,72.42610762880244,0.0,-1.220043569803238,-0.0,-1.0,0.0,71.06009455786148,
204,78.4429,0.40858,0.124674,0.0619202,25.9604,35.9593,0.0,1.0,1.0,0.0,3,72.9568093536562,0.0,-0.05315333604812622,-0.0,-1.0,0.0,71.94086335284176,
205,79.0617,0.673122,0.120053,0.0526377,26.4398,36.4387,0.0,1.0,1.0,0.0,3,73.75823141753085,0.0,-0.0,-0.0,-1.0,0.0,72.75823141753085,
206,79.5399,0.702946,0.110652,0.0439809,26.9227,36.9216,0.0,1.0,1.0,0.0,3,74.66180883322662,0.0,-0.0,-0.0,-1.0,0.0,73.66180883322662,
207,79.976,0.538231,0.097908,0.0360845,27.4087,37.4076,0.0,-0.3550179600715637,1.0,0.0,3,75.68408906668914,0.0,-1.3550179600715637,-0.0,-1.0,0.0,74.27758367866767,
208,80.3978,0.137331,0.0831476,0.0289841,27.8976,37.8966,0.0,-1.0,1.0,0.020416855812072754,3,76.78145199594205,0.0,-0.6449820399284363,-0.0,-1.0,0.0,75.58795738396351,
209,80.6047,-0.0775222,0.0684658,0.0226695,28.389,38.388,0.0,1.0,1.0,0.0,4,77.6586764890824,0.0,-2.0,-0.0,-1.0,0.0,76.0586764890824,
210,80.4324,-0.212804,0.0532365,0.0174891,28.8804,38.8793,0.0,-1.0,0.5537323951721191,0.0,4,78.17849060263694,0.0,-2.0,-0.0,-1.0,0.0,76.57849060263695,
211,80.2864,-0.319896,0.0379227,0.0133845,29.3711,39.3701,0.0,1.0,1.0,0.0,4,78.70670206123064,0.0,-2.0,-0.0,-1.0,0.0,77.10670206123065,
212,79.4061,-0.715353,0.0218127,0.0104116,29.8594,39.8584,0.0,-1.0,0.0,0.4658292531967163,4,78.52124823571108,0.0,-2.0,-0.0,-1.0,0.0,76.92124823571109,
213,78.0516,-1.50881,0.0100598,0.00796,30.3401,40.3391,0.0,-0.20992571115493774,0.0,0.41776585578918457,3,77.6550655177045,0.0,-0.7900742888450623,-0.0,-1.0,0.0,76.41804323105099,
214,77.1703,-2.1771,0.00753126,0.00539144,30.8136,40.8126,0.0,-1.0,0.0,0.009708363562822342,3,76.87751941566195,0.0,-0.7900742888450623,-0.0,-1.0,0.0,75.64049712900844,
215,76.0934,-2.03432,0.0152858,0.00231425,31.2822,41.2811,0.0,0.3394651412963867,0.0,0.48495033383369446,3,75.50295874636916,0.0,-1.3394651412963867,-0.0,-1.0,0.0,74.10111920398025,
216,75.2468,-1.84963,0.0267993,-0.00113169,31.7434,41.7423,0.0,-1.0,0.0,0.0,3,74.21162030165502,0.0,-1.3394651412963867,-0.0,-1.0,0.0,72.8097807592661,
217,74.9813,-1.83248,0.0453095,-0.00568453,32.2016,42.2005,0.0,-1.0,0.0,0.0,3,73.20624525971769,0.0,-0.0,-0.0,-1.0,0.0,72.20624525971769,
218,73.7201,-1.11992,0.0650215,-0.0113576,32.6552,42.6542,0.0,0.6671011447906494,0.0,1.0,3,71.16931083582544,0.0,-1.6671011447906494,-0.0,-1.0,0.0,69.66918049238825,
219,72.3473,-0.213256,0.0821057,-0.0173767,33.0992,43.0981,0.0,1.0,0.6402100324630737,0.0,3,69.13685093180288,0.0,-0.3328988552093506,-0.0,-1.0,0.0,68.03698127524008,
220,71.9444,0.449071,0.0924513,-0.023621,33.5379,43.5369,0.0,0.01674121618270874,1.0,0.07004806399345398,3,68.31621468733371,0.0,-0.9832587838172913,-0.0,-1.0,0.0,67.02123705218852,
221,72.3031,0.295772,0.099757,-0.030174,33.9767,43.9757,0.0,-1.0,1.0,0.0,3,68.34324586896759,0.0,-1.0167412161827087,-0.0,-1.0,0.0,67.03822350411278,
222,72.4196,-0.113524,0.110791,-0.0377959,34.417,44.416,0.0,-1.0,0.0,0.0,3,67.97207407000715,0.0,-0.0,-0.0,-1.0,0.0,66.97207407000715,
223,72.6383,-0.304044,0.12408,-0.0466457,34.8567,44.8556,0.0,-0.014097154140472412,1.0,0.0,3,67.58492745989335,0.0,-0.9859028458595276,-0.0,-1.0,0.0,66.28915660613549,
224,72.8331,0.0175167,0.136605,-0.0564574,35.2976,45.2966,0.0,0.44925010204315186,0.0,0.0,3,67.19536436452283,0.0,-0.46334725618362427,-0.0,-1.0,0.0,66.05636018766775,
225,73.0502,-0.086357,0.143931,-0.0667765,35.7388,45.7377,0.0,-0.2662159204483032,0.6961790323257446,0.0,3,67.05588468157367,0.0,-0.7154660224914551,-0.0,-1.0,0.0,65.84124487482623,
226,73.5055,-0.369315,0.153199,-0.0780327,36.1815,46.1805,0.0,-0.39884451031684875,0.7647743225097656,0.0,3,67.03611528340079,0.0,-0.13262858986854553,-0.0,-1.0,0.0,65.99632670644023,
227,74.1057,-0.144077,0.163986,-0.0902153,36.6266,46.6256,0.0,0.876690149307251,1.0,0.0,3,67.06257502198808,0.0,-1.2755346596240997,-0.0,-1.0,0.0,65.67991462410085,
228,74.7614,0.551225,0.168426,-0.10255,37.0758,47.0748,0.0,1.0,0.8850719332695007,0.0,3,67.4373563924181,0.0,-0.12330985069274902,-0.0,-1.0,0.0,66.40036343721027,
229,75.3729,0.851487,0.164758,-0.114532,37.529,47.5279,0.0,0.2509620189666748,1.0,0.0,3,68.1711150573682,0.0,-0.7490379810333252,-0.0,-1.0,0.0,66.9464036630582,
230,75.9274,0.995105,0.155792,-0.125959,37.9865,47.9854,0.0,0.7547980546951294,0.8746836185455322,0.0,3,69.11729488039713,0.0,-0.5038360357284546,-0.0,-1.0,0.0,67.96614406967859,
231,76.4636,0.903939,0.142863,-0.136574,38.4478,48.4468,0.0,0.011970072984695435,1.0,0.0,3,70.24127231085166,0.0,-0.742827981710434,-0.0,-1.0,0.0,69.01842391633852,
232,77.0829,0.698523,0.127648,-0.146412,38.9135,48.9125,0.0,1.0,1.0,0.0,3,71.54936789576621,0.0,-0.9880299270153046,-0.0,-1.0,0.0,70.25295891766162,
233,77.6041,0.46844,0.110001,-0.15524,39.3834,49.3824,0.0,0.5655345320701599,1.0,0.0,3,72.87539821662531,0.0,-0.4344654679298401,-0.0,-1.0,0.0,71.74505857624636,
234,78.101,0.148304,0.0906029,-0.162956,39.8571,49.856,0.0,0.5848004817962646,1.0,0.0,3,74.24740823909329,0.0,-0.019265949726104736,-0.0,-1.0,0.0,73.24162845417545,
235,78.4602,-0.286375,0.070665,-0.169513,40.334,50.333,0.0,-0.8410720825195312,0.6327986717224121,0.0,3,75.49449593031731,0.0,-1.425872564315796,-0.0,-1.0,0.0,74.06673416102258,
236,78.511,-0.395485,0.053055,-0.174916,40.8128,50.8118,0.0,0.45105141401290894,0.05761456489562988,0.0,3,76.31880462484136,0.0,-1.2921234965324402,-0.0,-1.0,0.0,74.93116757588163,
237,78.8911,-0.598054,0.0350039,-0.178999,41.2929,51.2919,0.0,0.3703010678291321,0.9405073523521423,0.0,3,77.46230722740385,0.0,-0.08075034618377686,-0.0,-1.0,0.0,76.43808212354872,
238,78.6713,-1.14375,0.0182822,-0.182037,41.7748,51.7738,0.0,-0.38574665784835815,0.07932315766811371,0.26112431287765503,3,77.93905070407111,0.0,-0.7560477256774902,-0.0,-1.0,0.0,76.71223638636786,
239,78.24,-1.78277,0.0118703,-0.184728,42.2537,52.2526,0.0,-0.8295152187347412,0.0,0.0,3,77.77013266847861,0.0,-0.44376856088638306,-0.0,-1.0,0.0,76.6370021002127,
240,77.2759,-1.59267,0.0152147,-0.187575,42.729,52.728,0.0,0.007138848304748535,0.0,0.4469118118286133,3,76.67911384808536,0.0,-0.8366540670394897,-0.0,-1.0,0.0,75.42811762797352,
241,76.9694,-1.05733,0.0186989,-0.190207,43.1989,53.1979,0.0,-0.047157108783721924,1.0,0.0,3,76.23636463878967,0.0,-0.05429595708847046,-0.0,-1.0,0.0,75.22007585166313,
242,77.5043,-1.18849,0.0241192,-0.192941,43.6708,53.6698,0.0,-1.0,0.8777499198913574,0.0,3,76.54717734252797,0.0,-0.9528428912162781,-0.0,-1.0,0.0,75.2613244751631,
243,76.5813,-0.860266,0.0333769,-0.196273,44.1422,54.1411,0.0,-0.10601681470870972,0.38199400901794434,0.9283306002616882,3,75.26086158826809,0.0,-0.8939831852912903,-0.0,-1.0,0.0,73.9926666326807,
244,74.9165,-0.425101,0.0407072,-0.199735,44.6043,54.6033,0.0,-0.9959803819656372,0.0,1.0,3,73.33003801354444,0.0,-0.8899635672569275,-0.0,-1.0,0.0,72.06304894336736,
245,73.1871,-0.0694116,0.0471582,-0.203251,45.0558,55.0548,0.0,-1.0,0.0,0.5206589102745056,3,71.38068844106635,0.0,-0.004019618034362793,-0.0,-1.0,0.0,70.37948255565604,
246,71.7675,0.0748749,0.0528925,-0.20688,45.4974,55.4963,0.0,-0.9605149030685425,0.32737207412719727,0.0,3,69.77003802884111,0.0,-0.03948509693145752,-0.0,-1.0,0.0,68.75819249976168,
247,70.7839,0.00411714,0.0585301,-0.210852,45.932,55.931,0.0,-0.6587107181549072,0.0,0.016560064628720284,3,68.59237800585956,0.0,-0.30180418491363525,-0.0,-1.0,0.0,67.50183675038546,
248,69.9137,-0.261215,0.0657342,-0.215378,46.3607,56.3597,0.0,-1.0,0.0,0.036443352699279785,3,67.4665002657243,0.0,-0.3412892818450928,-0.0,-1.0,0.0,66.36411348117078,
249,69.5852,-0.503396,0.076587,-0.220783,46.7851,56.7841,0.0,0.9513208270072937,1.0,0.0,3,66.7191646909055,0.0,-1.9513208270072937,-0.0,-1.0,0.0,65.13376844280332,
250,69.7272,-0.480571,0.0908514,-0.227184,47.209,57.208,0.0,0.2082200050354004,0.8495326638221741,0.0,3,66.27658314671,0.0,-0.7431008219718933,-0.0,-1.0,0.0,65.05365290011842,
251,70.2771,0.205132,0.101928,-0.234203,47.6347,57.6336,0.0,0.25294238328933716,1.0,0.0,3,66.33694680259381,0.0,-0.04472237825393677,-0.0,-1.0,0.0,65.32353008911764,
252,70.886,0.18967,0.106124,-0.241355,48.0641,58.0631,0.0,-0.7290283441543579,1.0,0.0,3,66.73290801476838,0.0,-0.9819707274436951,-0.0,-1.0,0.0,65.43831679653528,
253,71.5411,0.068714,0.110751,-0.249112,48.4969,58.4958,0.0,-0.06966295838356018,1.0,0.0,3,67.14926403771943,0.0,-0.6593653857707977,-0.0,-1.0,0.0,65.95145442198819,
254,72.1753,-0.137441,0.115491,-0.257395,48.9334,58.9324,0.0,-0.15887826681137085,1.0,0.0,3,67.53595170481077,0.0,-0.08921530842781067,-0.0,-1.0,0.0,66.50918711228243,
255,72.8353,0.172997,0.118994,-0.266085,49.3735,59.3725,0.0,0.689132034778595,1.0,0.0,3,67.99698745888766,0.0,-0.8480103015899658,-0.0,-1.0,0.0,66.74258436841068,
256,73.475,0.123403,0.118347,-0.274663,49.8179,59.8169,0.0,-0.5160219073295593,1.0,0.0,3,68.62342354277871,0.0,-1.2051539421081543,-0.0,-1.0,0.0,67.26187736014626,
257,74.1351,0.237705,0.118886,-0.283482,50.2659,60.2649,0.0,0.5352033376693726,1.0,0.0,3,69.21536925189797,0.0,-1.0512252449989319,-0.0,-1.0,0.0,67.90000167839828,
258,74.7737,0.56443,0.114285,-0.291911,50.7184,60.7173,0.0,0.24743299186229706,1.0,0.0,3,70.02245821827222,0.0,-0.2877703458070755,-0.0,-1.0,0.0,68.9361271145301,
259,75.0487,0.762652,0.105404,-0.29965,51.1742,61.1731,0.0,1.0,1.0,0.17360329627990723,3,70.6842932740794,0.0,-0.7525670081377029,-0.0,-1.0,0.0,69.45852317163808,
260,75.2472,0.753858,0.0934201,-0.306501,51.6315,61.6304,0.0,0.18532238900661469,1.0,0.0,3,71.40939547916149,0.0,-0.8146776109933853,-0.0,-1.0,0.0,70.16499219586348,
261,75.824,0.0032016,0.0832541,-0.312873,52.0915,62.0905,0.0,-1.0,1.0,0.0,3,72.4086898922648,0.0,-1.1853223890066147,-0.0,-1.0,0.0,71.05309317556282,
262,76.4357,-0.662627,0.0822973,-0.319631,52.5552,62.5542,0.0,-1.0,1.0,0.0,3,73.03532574854718,0.0,-0.0,-0.0,-1.0,0.0,72.03532574854718,
263,76.976,-0.829577,0.0886809,-0.327079,53.0221,63.021,0.0,1.0,1.0,0.0,3,73.26483849279495,0.0,-2.0,-0.0,-1.0,0.0,71.66483849279496,
264,77.681,-0.356807,0.0945602,-0.33485,53.4924,63.4914,0.0,-0.04349842667579651,1.0,0.0,3,73.66666679587371,0.0,-1.0434984266757965,-0.0,-1.0,0.0,72.35361726787097,
265,78.3868,-0.498246,0.100523,-0.342948,53.9671,63.966,0.0,-1.0,1.0,0.0,3,74.05788279690753,0.0,-0.9565015733242035,-1.2266444791613935,-1.0,0.0,72.58693565303606,
266,78.941,-0.641104,0.110737,-0.351939,54.445,64.444,0.0,-0.5713075399398804,1.0,0.0,3,74.09556298463454,0.0,-0.42869246006011963,-4.487341930030055,-1.0,0.0,72.29385395711199,
267,79.4601,-0.508158,0.123829,-0.361937,54.9254,64.9244,0.0,0.9134325981140137,1.0,0.0,3,73.94450339567456,0.0,-1.484740138053894,-8.094898395856816,-1.0,0.0,71.28484659487987,
268,80.1057,0.292625,0.133486,-0.372484,55.409,65.4079,0.0,0.9130215644836426,1.0,0.0,3,74.0624457927412,0.0,-0.00041103363037109375,-11.01200130033564,-1.0,0.0,71.41052228760175,
269,80.3298,0.672181,0.134688,-0.382904,55.8959,65.8948,0.0,0.11280202865600586,1.0,0.0,4,74.20888641391394,0.0,-0.8002195358276367,-12.011111487997667,-1.0,0.0,71.16715382996601,
270,80.2426,0.18304,0.134097,-0.393353,56.3824,66.3813,0.0,-0.2971327006816864,0.7736556529998779,0.0,4,74.15818287390914,0.0,-0.40993472933769226,-12.407883224590663,-1.0,0.0,71.17401997141924,
271,80.1747,0.129082,0.137226,-0.404362,56.868,66.867,0.0,0.8253774642944336,1.0,0.0,4,73.93722197775277,0.0,-1.12251016497612,-13.461031235645564,-1.0,0.0,70.5813142429131,
272,80.4894,-0.0695641,0.138689,-0.415474,57.3542,67.3532,0.0,-0.16093438863754272,1.0,0.0,4,74.15292633687734,0.0,-0.9863118529319763,-14.630010388495094,-1.0,0.0,70.66253122272349,
273,80.6679,0.214584,0.141028,-0.426943,57.8419,67.8409,0.0,0.31567299365997314,0.21674716472625732,0.0,4,74.19765126824635,0.0,-0.47660738229751587,-15.815180704661273,-1.0,0.0,70.6823919478579,
274,80.8644,0.603726,0.136792,-0.437923,58.331,68.33,0.0,0.23436826467514038,0.6767430901527405,0.0,4,74.59544075272693,0.0,-0.08130472898483276,-15.99056552106697,-1.0,0.0,71.17246450587145,
275,81.2266,0.801617,0.127571,-0.44814,58.8225,68.8215,0.0,1.0,1.0,0.0,4,75.39950283264298,0.0,-0.7656317353248596,-15.48120016092382,-1.0,0.0,71.84763328790694,
276,81.5997,0.798185,0.113901,-0.457383,59.3172,69.3161,0.0,1.0,1.0,0.0,4,76.43385569599559,0.0,-0.0,-14.054491435661404,-1.0,0.0,73.32568198064638,
277,81.8705,0.638548,0.0972575,-0.465509,59.8145,69.8135,0.0,1.0,1.0,0.0,4,77.50861114475532,0.0,-0.0,-11.607542476138264,-1.0,0.0,74.76747977333459,
278,82.0772,0.394535,0.0790651,-0.472411,60.3136,70.3126,0.0,-0.10868993401527405,1.0,0.0,4,78.57944797114077,0.0,-1.108689934015274,-8.16256816028914,-1.0,0.0,76.0224557668928,
279,82.3113,0.016568,0.060319,-0.478099,60.8149,70.8139,0.0,-0.40038877725601196,1.0,0.0,4,79.6806428637602,0.0,-0.2916988432407379,-3.7135086824317938,-1.0,0.0,78.0361069084232,
280,82.7262,-0.880413,0.0464783,-0.483022,61.3184,71.3173,0.0,-0.7911319732666016,0.1765270233154297,0.0,4,80.71506770082698,0.0,-0.3907431960105896,-0.0,-1.0,0.0,79.5978447420238,
281,83.1328,-1.4361,0.0444241,-0.488044,61.8245,71.8235,0.0,-0.34675443172454834,0.0,0.0,4,81.20483956305952,0.0,-0.4443775415420532,-0.0750754946898411,-1.0,0.0,80.06026497639343,
282,83.459,-1.51887,0.0515734,-0.493575,62.3327,72.3316,0.0,0.6870790123939514,1.0,0.0,4,81.19685354857248,0.0,-1.0338334441184998,-3.3093799135641575,-1.0,0.0,79.39029652830231,
283,83.7751,-1.37042,0.0638348,-0.49989,62.8424,72.8414,0.0,-0.13145506381988525,1.0,0.0,4,80.93240335530436,0.0,-0.8185340762138367,-7.848567088243783,-1.0,0.0,78.50955806920364,
284,84.1025,-1.10199,0.0789363,-0.507167,63.3536,73.3526,0.0,-0.5836480259895325,1.0,0.0,4,80.52469320399213,0.0,-0.4521929621696472,-12.633345814435444,-1.0,0.0,77.49403344317591,
285,84.4369,-0.776149,0.0956686,-0.515521,63.8663,73.8653,0.0,-0.5352598428726196,0.0,0.0,4,80.01796935025321,0.0,-0.04838818311691284,-17.224329747107575,-1.0,0.0,76.419803433252,
286,84.7731,-0.430072,0.113344,-0.525034,64.3803,74.3793,0.0,-0.5180449485778809,1.0,0.0,4,79.43516742546198,0.0,-0.01721489429473877,-21.483846567841397,-1.0,0.0,75.20742597199735,
287,85.1082,-0.0845515,0.131557,-0.535772,64.8954,74.8944,0.0,-0.12311422824859619,1.0,0.0,4,78.79061220103469,0.0,-0.39493072032928467,-25.40011009586724,-1.0,0.0,73.86211647055582,
288,85.4411,0.249026,0.15005,-0.54779,65.4116,75.4106,0.0,1.0,0.2221529483795166,0.4280661344528198,4,78.09485878904061,0.0,-1.1231142282485962,-29.006897604644053,-1.0,0.0,72.40688987986942,
289,85.771,0.565704,0.16866,-0.561127,65.9286,75.9276,0.0,0.7573970556259155,0.8281377553939819,0.0,4,77.35513484234278,0.0,-0.24260294437408447,-32.35064432915109,-1.0,0.0,71.4297573096579,
290,86.099,0.861139,0.187284,-0.575819,66.4464,76.4454,0.0,1.0,0.29075002670288086,0.0,4,76.57800160494747,0.0,-0.24260294437408447,-35.479288424369706,-1.0,0.0,70.1833274579798,
291,86.4249,1.13247,0.205836,-0.591901,66.9648,76.9638,0.0,1.0,1.0,0.0,4,75.76850832469202,0.0,-0.0,-38.43423424091722,-1.0,0.0,69.00337318855443,
292,86.7491,1.37829,0.224258,-0.609388,67.4836,77.4825,0.0,0.4762381911277771,0.0,0.0,4,74.93108635977914,-8.813454400000118e-05,-0.5237618088722229,-41.25231857537612,-1.0,0.0,67.58602189626706,
293,87.0717,1.59866,0.242513,-0.628308,68.0026,78.0016,0.0,0.9763758182525635,1.0,0.0,4,74.06894684549407,-0.000801342864,-0.5001376271247864,-43.96697543296443,-1.0,0.0,66.32305789954798,
294,87.3932,1.79459,0.260581,-0.648673,68.5217,78.5207,0.0,1.0,0.0,0.0,4,73.18476641377781,-0.0023690609290000077,-0.023624181747436523,-46.60823021945461,-1.0,0.0,65.18407556540637,
295,87.7137,1.96816,0.278461,-0.670497,69.0407,79.0397,0.0,0.6840561628341675,1.0,0.0,4,72.27972738974812,-0.004969827009000004,-0.3159438371658325,-49.20382386413065,-1.0,0.0,63.79940083196976,
296,88.0336,2.12182,0.296162,-0.693788,69.5594,79.5584,0.0,1.0,0.4263758063316345,0.0,4,71.35457172905882,-0.008796188943999996,-0.3159438371658325,-51.780092583475465,-1.0,0.0,62.483978501443744,
297,88.3531,2.25841,0.313696,-0.718558,70.0778,80.0767,0.0,0.8657653331756592,0.7035064101219177,0.0,4,70.40959140112386,-0.014055999364000012,-0.13423466682434082,-54.3630591056439,-1.0,0.0,61.20080613586597,
298,88.6727,2.38056,0.331081,-0.744812,70.5955,80.5945,0.0,0.4505612254142761,1.0,0.418518602848053,4,69.44480044867959,-0.020970515344000015,-0.41520410776138306,-56.980015670647276,-1.0,0.0,59.752266350410075,
299,88.9925,2.49036,0.348325,-0.772554,71.1125,81.1115,0.0,0.6561805009841919,1.0,0.0,4,68.46048943515783,-0.029774882915999994,-0.20561927556991577,-59.660655189282764,-1.0,0.0,58.419930491178434,
300,89.3129,2.58895,0.365437,-0.801789,71.6287,81.6277,0.0,1.0,1.0,0.0,4,67.45704636433592,-0.040718800521,-0.3438194990158081,-62.441520429907214,-1.0,0.0,56.94695364962409,
301,89.6339,2.67759,0.38243,-0.832514,72.1438,82.1428,0.0,0.9684178233146667,1.0,0.0,4,66.43418572049114,-0.054062760196,-0.03158217668533325,-65.37043940592974,-1.0,0.0,55.56508239640008,
302,89.9555,2.75778,0.399315,-0.864737,72.6577,82.6567,0.0,0.6123512983322144,0.7960611581802368,0.0,4,65.39169950411014,-0.070085679169,-0.3560665249824524,-68.51854499235024,-1.0,0.0,53.93701211859387,
303,90.2779,2.83082,0.416105,-0.898457,73.1703,83.1693,0.0,0.6865245699882507,1.0,0.0,4,64.3293045372827,-0.08907658084899998,-0.07417327165603638,-72.00305608821787,-1.0,0.0,52.41751756170421,
304,90.601,2.89853,0.432809,-0.933671,73.6814,83.6804,0.0,0.18519490957260132,0.0,0.0,4,63.24674204289052,-0.11133633624100003,-0.5013296604156494,-76.05817936574888,-1.0,0.0,50.57627990366249,
305,90.9457,3.05091,0.448996,-0.97035,74.1909,84.1899,0.0,1.0,0.12943130731582642,0.9747377634048462,4,62.193464387325065,-0.13715912250000006,-0.8148050904273987,-81.36191369186479,-1.0,0.0,48.60757668391713,
306,91.2607,2.98658,0.46409,-1.00844,74.699,84.698,0.0,0.10631108283996582,1.0,0.0,4,61.18342204230545,-0.1668232336,-0.8936889171600342,-91.2607,-1.0,-50.0,-3.9406128664425566,out_of_track
